data/rawdat/flt20220903/JNO2_N57_20220903_RA.ict
36, 1001
Michael A. Robinson, Patrick Veres, Ken Aikin
NOAA Chemical Sciences Laboratory
Filter Radiometer (NO2)
CalFiDE
1, 1
2022, 09, 03, 2022, 09, 17
0
TO_Time_UTC, seconds_past_midnight, Time_Start
3
1, 1, 1
-9999, -9999, -9999
jNO2_up, 1/s, GasJvalue_jNO2_InSitu_Downwelling_Full_NO2-O3P
jNO2_down, 1/s, GasJvalue_jNO2_InSitu_Upwelling_Full_NO2-O3P
jNO2_total, 1/s, GasJvalue_jNO2_InSitu_Total_Full_NO2-O3P
1
SPECIAL COMMENTS: N/A
18
PI_CONTACT_INFO: Address: 325 Broadway, Boulder CO 80305
PLATFORM: N57RF Twin Otter
LOCATION: California and Oregon
ASSOCIATED_DATA: N/A
INSTRUMENT_INFO: Filter radiometers
DATA_INFO: Units: 1/s 
UNCERTAINTY: ± 10%
ULOD_FLAG: -7777
ULOD_VALUE: N/A
LLOD_FLAG: -8888
LLOD_VALUE: N/A
DM_CONTACT_INFO: Data Manager: Ken Aikin
PROJECT_INFO: CalFiDE dates of study: August-September, 2022
STIPULATIONS_ON_USE: Users are strongly encouraged to contact the PI for proper data usage.
OTHER_COMMENTS: up means upward looking, down means downward looking, total is the sum of up and down. Calibration done by intercomparison with NCAR HARP instrument.
REVISION: RA
RA: Preliminary data
TO_Time_UTC, jNO2_up, jNO2_down, jNO2_total
[from data line 28745]
98763,-2.386e-05,-3.185e-05,-5.571e-05
98764,-6.788e-06,-5.772e-05,-6.451e-05
98765,-3.240e-05,2.648e-06,-2.976e-05
98766,-3.240e-05,-2.322e-05,-5.563e-05
98767,-4.094e-05,-5.976e-06,-4.692e-05
98768,-4.094e-05,-5.976e-06,-4.692e-05
98769,-2.386e-05,1.127e-05,-1.259e-05
98770,-6.788e-06,1.127e-05,4.483e-06
98771,-6.788e-06,1.127e-05,4.483e-06
98772,-2.386e-05,-4.047e-05,-6.434e-05
98773,-6.788e-06,1.127e-05,4.483e-06
98774,-3.240e-05,1.127e-05,-2.113e-05
98775,-2.386e-05,-5.976e-06,-2.984e-05
98776,-1.533e-05,-2.322e-05,-3.855e-05
98777,-1.533e-05,-1.460e-05,-2.993e-05
98778,-2.386e-05,-1.460e-05,-3.846e-05
98779,-4.094e-05,1.127e-05,-2.967e-05
98780,1.750e-06,-1.460e-05,-1.285e-05
98781,1.750e-06,-1.460e-05,-1.285e-05
98782,-3.240e-05,-3.185e-05,-6.425e-05
98783,-1.533e-05,1.127e-05,-4.055e-06
98784,-1.533e-05,1.127e-05,-4.055e-06
98785,-1.533e-05,1.127e-05,-4.055e-06
98786,-1.533e-05,2.648e-06,-1.268e-05
98787,-3.240e-05,-5.976e-06,-3.838e-05
98788,-1.533e-05,-4.047e-05,-5.580e-05
98789,-2.386e-05,-2.322e-05,-4.709e-05
98790,-2.386e-05,2.648e-06,-2.122e-05
98791,-6.788e-06,-2.322e-05,-3.001e-05
98792,-1.533e-05,-1.460e-05,-2.993e-05
98793,-6.788e-06,1.127e-05,4.483e-06
98794,-1.533e-05,-5.976e-06,-2.130e-05
98795,-1.533e-05,-4.047e-05,-5.580e-05
98796,-1.533e-05,-5.976e-06,-2.130e-05
98797,-6.788e-06,1.127e-05,4.483e-06
98798,-4.094e-05,2.648e-06,-3.829e-05
98799,-2.386e-05,-5.976e-06,-2.984e-05
98800,-1.533e-05,-3.185e-05,-4.717e-05
98801,-1.533e-05,-3.185e-05,-4.717e-05
98802,-2.386e-05,1.990e-05,-3.969e-06
98803,-2.386e-05,-2.322e-05,-4.709e-05
98804,-2.386e-05,-2.322e-05,-4.709e-05
98805,-2.386e-05,3.714e-05,1.328e-05
98806,-4.094e-05,2.852e-05,-1.242e-05
98807,-1.533e-05,-5.976e-06,-2.130e-05
98808,-1.533e-05,-5.976e-06,-2.130e-05
98809,-3.240e-05,1.127e-05,-2.113e-05
98810,-1.533e-05,1.127e-05,-4.055e-06
98811,-2.386e-05,2.648e-06,-2.122e-05
98812,-2.386e-05,-4.909e-05,-7.296e-05
98813,-1.533e-05,-5.976e-06,-2.130e-05
98814,-1.533e-05,-5.976e-06,-2.130e-05
98815,-1.533e-05,-2.322e-05,-3.855e-05
98816,-4.094e-05,-2.322e-05,-6.416e-05
98817,-4.094e-05,-2.322e-05,-6.416e-05
98818,1.750e-06,2.648e-06,4.398e-06
98819,-6.788e-06,-5.772e-05,-6.451e-05
98820,-6.788e-06,-3.185e-05,-3.864e-05
98821,-4.948e-05,-5.976e-06,-5.546e-05
98822,-1.533e-05,-5.976e-06,-2.130e-05
98823,-1.533e-05,2.648e-06,-1.268e-05
98824,-2.386e-05,2.648e-06,-2.122e-05
98825,-1.533e-05,-2.322e-05,-3.855e-05
98826,-2.386e-05,1.127e-05,-1.259e-05
98827,-2.386e-05,1.127e-05,-1.259e-05
98828,-2.386e-05,-2.322e-05,-4.709e-05
98829,-2.386e-05,1.990e-05,-3.969e-06
98830,-6.788e-06,-5.976e-06,-1.276e-05
98831,1.750e-06,-1.460e-05,-1.285e-05
98832,-1.533e-05,-2.322e-05,-3.855e-05
98833,-3.240e-05,-2.322e-05,-5.563e-05
98834,-6.788e-06,1.127e-05,4.483e-06
98835,-1.533e-05,3.714e-05,2.182e-05
98836,-2.386e-05,-1.460e-05,-3.846e-05
98837,-1.533e-05,-5.976e-06,-2.130e-05
98838,-1.533e-05,1.990e-05,4.569e-06
98839,-1.533e-05,2.648e-06,-1.268e-05
98840,-1.533e-05,2.648e-06,-1.268e-05
98841,-2.386e-05,-3.185e-05,-5.571e-05
98842,-1.533e-05,-1.460e-05,-2.993e-05
98843,-1.533e-05,2.648e-06,-1.268e-05
98844,-1.533e-05,1.127e-05,-4.055e-06
98845,-2.386e-05,2.648e-06,-2.122e-05
98846,-6.788e-06,-3.185e-05,-3.864e-05
98847,-6.788e-06,-3.185e-05,-3.864e-05
98848,-1.533e-05,1.990e-05,4.569e-06
98849,-6.788e-06,-3.185e-05,-3.864e-05
98850,-1.533e-05,-2.322e-05,-3.855e-05
98851,-1.533e-05,2.648e-06,-1.268e-05
98852,-1.533e-05,2.648e-06,-1.268e-05
98853,-6.788e-06,-5.976e-06,-1.276e-05
98854,-2.386e-05,-2.322e-05,-4.709e-05
98855,-2.386e-05,1.127e-05,-1.259e-05
98856,-1.533e-05,-5.976e-06,-2.130e-05
98857,-1.533e-05,3.714e-05,2.182e-05
98858,-1.533e-05,1.127e-05,-4.055e-06
98859,-2.386e-05,1.990e-05,-3.969e-06
98860,-2.386e-05,-2.322e-05,-4.709e-05
98861,-6.788e-06,1.127e-05,4.483e-06
98862,-1.533e-05,-4.047e-05,-5.580e-05
98863,-2.386e-05,-2.322e-05,-4.709e-05
98864,-6.788e-06,-2.322e-05,-3.001e-05
98865,-2.386e-05,-3.185e-05,-5.571e-05
98866,-2.386e-05,-3.185e-05,-5.571e-05
98867,-6.788e-06,1.127e-05,4.483e-06
98868,-1.533e-05,2.648e-06,-1.268e-05
98869,-1.533e-05,2.648e-06,-1.268e-05
98870,-1.533e-05,-2.322e-05,-3.855e-05
98871,-2.386e-05,-4.047e-05,-6.434e-05
98872,-2.386e-05,-3.185e-05,-5.571e-05
98873,-2.386e-05,1.127e-05,-1.259e-05
98874,-1.533e-05,1.990e-05,4.569e-06
98875,-6.788e-06,-2.322e-05,-3.001e-05
98876,-6.788e-06,2.648e-06,-4.140e-06
98877,-2.386e-05,1.127e-05,-1.259e-05
98878,1.750e-06,-5.976e-06,-4.226e-06
98879,-2.386e-05,-4.047e-05,-6.434e-05
98880,1.883e-05,-5.976e-06,1.285e-05
98881,-6.788e-06,2.648e-06,-4.140e-06
98882,-4.948e-05,2.648e-06,-4.683e-05
98883,-4.948e-05,2.648e-06,-4.683e-05
98884,-2.386e-05,-2.322e-05,-4.709e-05
98885,-2.386e-05,3.714e-05,1.328e-05
98886,-2.386e-05,1.127e-05,-1.259e-05
98887,-3.240e-05,2.648e-06,-2.976e-05
98888,-1.533e-05,1.127e-05,-4.055e-06
98889,-3.240e-05,1.990e-05,-1.251e-05
98890,-1.533e-05,-1.460e-05,-2.993e-05
98891,-1.533e-05,2.648e-06,-1.268e-05
98892,-2.386e-05,-5.976e-06,-2.984e-05
98893,-2.386e-05,-1.460e-05,-3.846e-05
98894,1.750e-06,1.990e-05,2.165e-05
98895,-1.533e-05,1.127e-05,-4.055e-06
98896,-1.533e-05,1.127e-05,-4.055e-06
98897,-1.533e-05,2.648e-06,-1.268e-05
98898,-4.948e-05,1.127e-05,-3.821e-05
98899,-6.788e-06,-3.185e-05,-3.864e-05
98900,-4.094e-05,-1.460e-05,-5.554e-05
98901,-4.094e-05,2.648e-06,-3.829e-05
98902,-6.788e-06,2.648e-06,-4.140e-06
98903,-2.386e-05,2.852e-05,4.654e-06
98904,-6.788e-06,-3.185e-05,-3.864e-05
98905,-6.788e-06,-3.185e-05,-3.864e-05
98906,-6.788e-06,-3.185e-05,-3.864e-05
98907,-2.386e-05,1.127e-05,-1.259e-05
98908,-1.533e-05,-3.185e-05,-4.717e-05
98909,-4.094e-05,-2.322e-05,-6.416e-05
98910,-1.533e-05,-5.976e-06,-2.130e-05
98911,2.736e-05,1.990e-05,4.726e-05
98912,-1.533e-05,3.714e-05,2.182e-05
98913,-1.533e-05,-5.976e-06,-2.130e-05
98914,-2.386e-05,-1.460e-05,-3.846e-05
98915,-1.533e-05,-5.772e-05,-7.304e-05
98916,-1.533e-05,-5.772e-05,-7.304e-05
98917,-2.386e-05,-3.185e-05,-5.571e-05
98918,-6.788e-06,2.852e-05,2.173e-05
98919,-2.386e-05,-2.322e-05,-4.709e-05
98920,-1.533e-05,2.648e-06,-1.268e-05
98921,-6.788e-06,-2.322e-05,-3.001e-05
98922,-2.386e-05,1.127e-05,-1.259e-05
98923,-6.788e-06,2.648e-06,-4.140e-06
98924,-1.533e-05,-2.322e-05,-3.855e-05
98925,-3.240e-05,-1.460e-05,-4.700e-05
98926,-2.386e-05,-5.772e-05,-8.158e-05
98927,-6.788e-06,2.648e-06,-4.140e-06
98928,-3.240e-05,2.648e-06,-2.976e-05
98929,1.029e-05,-1.460e-05,-4.311e-06
98930,-3.240e-05,-2.322e-05,-5.563e-05
98931,-1.533e-05,-5.976e-06,-2.130e-05
98932,-6.788e-06,-3.185e-05,-3.864e-05
98933,-2.386e-05,2.648e-06,-2.122e-05
98934,-6.788e-06,1.127e-05,4.483e-06
98935,-6.788e-06,-5.976e-06,-1.276e-05
98936,-6.788e-06,-5.976e-06,-1.276e-05
98937,1.750e-06,2.852e-05,3.027e-05
98938,-6.788e-06,2.852e-05,2.173e-05
98939,-6.788e-06,2.852e-05,2.173e-05
98940,-2.386e-05,2.648e-06,-2.122e-05
98941,-7.509e-05,1.127e-05,-6.382e-05
98942,-7.509e-05,1.127e-05,-6.382e-05
98943,-1.533e-05,2.648e-06,-1.268e-05
98944,-3.240e-05,-2.322e-05,-5.563e-05
98945,-4.094e-05,-2.322e-05,-6.416e-05
98946,-1.533e-05,-2.322e-05,-3.855e-05
98947,-2.386e-05,2.648e-06,-2.122e-05
98948,-2.386e-05,2.648e-06,-2.122e-05
98949,1.750e-06,2.648e-06,4.398e-06
98950,-4.948e-05,-1.460e-05,-6.408e-05
98951,-3.240e-05,-1.460e-05,-4.700e-05
98952,-3.240e-05,-1.460e-05,-4.700e-05
98953,-1.533e-05,-5.976e-06,-2.130e-05
98954,-6.788e-06,-1.460e-05,-2.139e-05
98955,-6.788e-06,-4.909e-05,-5.588e-05
98956,-6.788e-06,1.990e-05,1.311e-05
98957,-2.386e-05,1.127e-05,-1.259e-05
98958,-2.386e-05,-2.322e-05,-4.709e-05
98959,-3.240e-05,-2.322e-05,-5.563e-05
98960,-1.533e-05,-2.322e-05,-3.855e-05
98961,-2.386e-05,-5.976e-06,-2.984e-05
98962,-6.788e-06,-1.460e-05,-2.139e-05
98963,-2.386e-05,2.648e-06,-2.122e-05
98964,-4.094e-05,1.127e-05,-2.967e-05
98965,-6.788e-06,2.852e-05,2.173e-05
98966,-3.240e-05,-5.976e-06,-3.838e-05
98967,1.750e-06,2.852e-05,3.027e-05
98968,-1.533e-05,-4.047e-05,-5.580e-05
98969,-2.386e-05,-5.976e-06,-2.984e-05
98970,-1.533e-05,2.648e-06,-1.268e-05
98971,-2.386e-05,-2.322e-05,-4.709e-05
98972,-6.788e-06,2.648e-06,-4.140e-06
98973,-3.240e-05,1.990e-05,-1.251e-05
98974,-1.533e-05,-4.047e-05,-5.580e-05
98975,-1.533e-05,-4.047e-05,-5.580e-05
98976,-2.386e-05,1.127e-05,-1.259e-05
98977,-4.094e-05,-1.460e-05,-5.554e-05
98978,-4.094e-05,-1.460e-05,-5.554e-05
98979,-6.788e-06,-5.976e-06,-1.276e-05
98980,-1.533e-05,-5.976e-06,-2.130e-05
98981,-1.533e-05,1.127e-05,-4.055e-06
98982,-1.533e-05,1.127e-05,-4.055e-06
98983,-3.240e-05,-5.976e-06,-3.838e-05
98984,-4.094e-05,-1.460e-05,-5.554e-05
98985,-4.094e-05,-1.460e-05,-5.554e-05
98986,-1.533e-05,-5.976e-06,-2.130e-05
98987,-1.533e-05,4.577e-05,3.044e-05
98988,-3.240e-05,-3.185e-05,-6.425e-05
98989,1.029e-05,-1.460e-05,-4.311e-06
98990,-1.533e-05,-2.322e-05,-3.855e-05
98991,-3.240e-05,-2.322e-05,-5.563e-05
98992,-2.386e-05,2.648e-06,-2.122e-05
98993,-6.788e-06,1.127e-05,4.483e-06
98994,-2.386e-05,1.990e-05,-3.969e-06
98995,-2.386e-05,1.990e-05,-3.969e-06
98996,-3.240e-05,-5.976e-06,-3.838e-05
98997,-6.788e-06,2.852e-05,2.173e-05
98998,-1.533e-05,-3.185e-05,-4.717e-05
98999,-2.386e-05,-5.976e-06,-2.984e-05
99000,-3.240e-05,-3.185e-05,-6.425e-05
99001,-2.386e-05,1.990e-05,-3.969e-06
99002,-2.386e-05,1.127e-05,-1.259e-05
99003,-3.240e-05,-5.976e-06,-3.838e-05
99004,-3.240e-05,-5.976e-06,-3.838e-05
99005,-6.788e-06,1.127e-05,4.483e-06
99006,-3.240e-05,1.990e-05,-1.251e-05
99007,-2.386e-05,2.648e-06,-2.122e-05
99008,-2.386e-05,-5.976e-06,-2.984e-05
99009,-2.386e-05,1.127e-05,-1.259e-05
99010,-6.788e-06,1.990e-05,1.311e-05
99011,-6.788e-06,1.990e-05,1.311e-05
99012,-2.386e-05,-3.185e-05,-5.571e-05
99013,-1.533e-05,1.127e-05,-4.055e-06
99014,-4.094e-05,1.990e-05,-2.105e-05
99015,-6.788e-06,-5.976e-06,-1.276e-05
99016,1.750e-06,1.990e-05,2.165e-05
99017,-6.788e-06,-1.460e-05,-2.139e-05
99018,-2.386e-05,-5.976e-06,-2.984e-05
99019,-6.788e-06,2.648e-06,-4.140e-06
99020,-2.386e-05,-2.322e-05,-4.709e-05
99021,-2.386e-05,-2.322e-05,-4.709e-05
99022,-2.386e-05,-2.322e-05,-4.709e-05
99023,-1.533e-05,1.127e-05,-4.055e-06
99024,-2.386e-05,-3.185e-05,-5.571e-05
99025,-2.386e-05,-5.976e-06,-2.984e-05
99026,-2.386e-05,2.648e-06,-2.122e-05
99027,-2.386e-05,2.852e-05,4.654e-06
99028,-2.386e-05,2.852e-05,4.654e-06
99029,-1.533e-05,-2.322e-05,-3.855e-05
99030,-6.788e-06,2.648e-06,-4.140e-06
99031,-4.094e-05,-2.322e-05,-6.416e-05
99032,-2.386e-05,-4.047e-05,-6.434e-05
99033,-6.788e-06,-5.976e-06,-1.276e-05
99034,-1.533e-05,-3.185e-05,-4.717e-05
99035,-2.386e-05,2.648e-06,-2.122e-05
99036,-6.788e-06,1.990e-05,1.311e-05
99037,1.750e-06,2.648e-06,4.398e-06
99038,-3.240e-05,2.648e-06,-2.976e-05
99039,-3.240e-05,2.648e-06,-2.976e-05
99040,-3.240e-05,1.127e-05,-2.113e-05
99041,-6.788e-06,-1.460e-05,-2.139e-05
99042,-6.788e-06,-1.460e-05,-2.139e-05
99043,-2.386e-05,3.714e-05,1.328e-05
99044,-2.386e-05,3.714e-05,1.328e-05
99045,1.750e-06,-2.322e-05,-2.147e-05
99046,-1.533e-05,-2.322e-05,-3.855e-05
99047,-2.386e-05,1.127e-05,-1.259e-05
99048,-1.533e-05,-4.047e-05,-5.580e-05
99049,-1.533e-05,-2.322e-05,-3.855e-05
99050,-3.240e-05,1.127e-05,-2.113e-05
99051,-2.386e-05,-2.322e-05,-4.709e-05
99052,-6.788e-06,-2.322e-05,-3.001e-05
99053,-4.948e-05,2.852e-05,-2.096e-05
99054,-6.788e-06,-1.460e-05,-2.139e-05
99055,-6.788e-06,1.127e-05,4.483e-06
99056,1.750e-06,-5.976e-06,-4.226e-06
99057,-3.240e-05,2.648e-06,-2.976e-05
99058,-2.386e-05,1.990e-05,-3.969e-06
99059,-3.240e-05,-1.460e-05,-4.700e-05
99060,-2.386e-05,-1.460e-05,-3.846e-05
99061,-2.386e-05,-5.976e-06,-2.984e-05
99062,-3.240e-05,2.648e-06,-2.976e-05
99063,-1.533e-05,-3.185e-05,-4.717e-05
99064,-6.788e-06,-1.460e-05,-2.139e-05
99065,-1.533e-05,1.990e-05,4.569e-06
99066,-3.240e-05,2.648e-06,-2.976e-05
99067,-4.094e-05,-5.976e-06,-4.692e-05
99068,-2.386e-05,2.648e-06,-2.122e-05
99069,1.750e-06,-5.976e-06,-4.226e-06
99070,-1.533e-05,-2.322e-05,-3.855e-05
99071,-6.788e-06,2.852e-05,2.173e-05
99072,-2.386e-05,-1.460e-05,-3.846e-05
99073,-1.533e-05,-1.460e-05,-2.993e-05
99074,-1.533e-05,-1.460e-05,-2.993e-05
99075,-3.240e-05,1.127e-05,-2.113e-05
99076,-2.386e-05,2.852e-05,4.654e-06
99077,-2.386e-05,2.852e-05,4.654e-06
99078,-1.533e-05,4.577e-05,3.044e-05
99079,-1.533e-05,2.852e-05,1.319e-05
99080,-6.788e-06,2.648e-06,-4.140e-06
99081,-2.386e-05,-1.460e-05,-3.846e-05
99082,-6.788e-06,-1.460e-05,-2.139e-05
99083,-2.386e-05,-3.185e-05,-5.571e-05
99084,-6.788e-06,1.127e-05,4.483e-06
99085,-2.386e-05,1.990e-05,-3.969e-06
99086,-2.386e-05,-1.460e-05,-3.846e-05
99087,-2.386e-05,-2.322e-05,-4.709e-05
99088,-2.386e-05,2.648e-06,-2.122e-05
99089,-1.533e-05,2.648e-06,-1.268e-05
99090,-2.386e-05,2.648e-06,-2.122e-05
99091,-2.386e-05,2.648e-06,-2.122e-05
99092,-4.948e-05,-2.322e-05,-7.270e-05
99093,-3.240e-05,-3.185e-05,-6.425e-05
99094,-1.533e-05,2.648e-06,-1.268e-05
99095,-1.533e-05,1.990e-05,4.569e-06
99096,-4.094e-05,2.648e-06,-3.829e-05
99097,-4.094e-05,2.648e-06,-3.829e-05
99098,-1.533e-05,3.714e-05,2.182e-05
99099,-3.240e-05,-5.976e-06,-3.838e-05
99100,-3.240e-05,-5.976e-06,-3.838e-05
99101,-2.386e-05,-3.185e-05,-5.571e-05
99102,-3.240e-05,-1.460e-05,-4.700e-05
99103,-6.788e-06,-2.322e-05,-3.001e-05
99104,-1.533e-05,2.648e-06,-1.268e-05
99105,-6.788e-06,2.648e-06,-4.140e-06
99106,-6.788e-06,1.127e-05,4.483e-06
99107,-6.788e-06,1.127e-05,4.483e-06
99108,-1.533e-05,-2.322e-05,-3.855e-05
99109,1.750e-06,1.127e-05,1.302e-05
99110,-1.533e-05,2.648e-06,-1.268e-05
99111,-2.386e-05,-3.185e-05,-5.571e-05
99112,-3.240e-05,-5.976e-06,-3.838e-05
99113,-3.240e-05,-5.976e-06,-3.838e-05
99114,-2.386e-05,1.127e-05,-1.259e-05
99115,1.029e-05,-5.976e-06,4.312e-06
99116,-4.094e-05,-5.772e-05,-9.866e-05
99117,-2.386e-05,-5.976e-06,-2.984e-05
99118,-1.533e-05,-4.909e-05,-6.442e-05
99119,-3.240e-05,1.990e-05,-1.251e-05
99120,-2.386e-05,2.648e-06,-2.122e-05
99121,1.750e-06,-5.976e-06,-4.226e-06
99122,-2.386e-05,-3.185e-05,-5.571e-05
99123,-2.386e-05,-5.976e-06,-2.984e-05
99124,-1.533e-05,-2.322e-05,-3.855e-05
99125,-3.240e-05,-2.322e-05,-5.563e-05
99126,-4.094e-05,2.648e-06,-3.829e-05
99127,-6.788e-06,1.127e-05,4.483e-06
99128,-1.533e-05,-5.976e-06,-2.130e-05
99129,-2.386e-05,-2.322e-05,-4.709e-05
99130,-2.386e-05,-2.322e-05,-4.709e-05
99131,-2.386e-05,-2.322e-05,-4.709e-05
99132,-2.386e-05,-4.047e-05,-6.434e-05
99133,-2.386e-05,2.648e-06,-2.122e-05
99134,-4.094e-05,-4.047e-05,-8.141e-05
99135,-1.533e-05,1.127e-05,-4.055e-06
99136,-2.386e-05,1.990e-05,-3.969e-06
99137,-2.386e-05,2.852e-05,4.654e-06
99138,-1.533e-05,-5.976e-06,-2.130e-05
99139,-4.094e-05,-5.976e-06,-4.692e-05
99140,-2.386e-05,-3.185e-05,-5.571e-05
99141,-2.386e-05,-3.185e-05,-5.571e-05
99142,-4.094e-05,-3.185e-05,-7.279e-05
99143,-4.094e-05,-3.185e-05,-7.279e-05
99144,-2.386e-05,-1.460e-05,-3.846e-05
99145,-6.788e-06,-3.185e-05,-3.864e-05
99146,-3.240e-05,2.648e-06,-2.976e-05
99147,-2.386e-05,-5.772e-05,-8.158e-05
99148,-6.788e-06,-1.460e-05,-2.139e-05
99149,-6.788e-06,1.127e-05,4.483e-06
99150,-1.533e-05,2.648e-06,-1.268e-05
99151,-1.533e-05,1.127e-05,-4.055e-06
99152,-6.788e-06,1.127e-05,4.483e-06
99153,-3.240e-05,-2.322e-05,-5.563e-05
99154,-3.240e-05,-2.322e-05,-5.563e-05
99155,-3.240e-05,2.648e-06,-2.976e-05
99156,-3.240e-05,2.648e-06,-2.976e-05
99157,-3.240e-05,-1.460e-05,-4.700e-05
99158,-4.094e-05,1.127e-05,-2.967e-05
99159,-2.386e-05,2.648e-06,-2.122e-05
99160,-4.094e-05,-5.976e-06,-4.692e-05
99161,-1.533e-05,-2.322e-05,-3.855e-05
99162,-2.386e-05,-5.976e-06,-2.984e-05
99163,-2.386e-05,-2.322e-05,-4.709e-05
99164,-1.533e-05,1.127e-05,-4.055e-06
99165,-2.386e-05,-5.772e-05,-8.158e-05
99166,-2.386e-05,-5.772e-05,-8.158e-05
99167,-6.788e-06,1.127e-05,4.483e-06
99168,-2.386e-05,-5.976e-06,-2.984e-05
99169,-2.386e-05,-5.976e-06,-2.984e-05
99170,-1.533e-05,2.648e-06,-1.268e-05
99171,-2.386e-05,1.127e-05,-1.259e-05
99172,-2.386e-05,1.127e-05,-1.259e-05
99173,-2.386e-05,-1.460e-05,-3.846e-05
99174,-4.948e-05,-3.185e-05,-8.133e-05
99175,-2.386e-05,2.852e-05,4.654e-06
99176,-2.386e-05,1.127e-05,-1.259e-05
99177,-6.788e-06,1.990e-05,1.311e-05
99178,-6.788e-06,-1.460e-05,-2.139e-05
