data/rawdat/flt20220903/JNO2_N57_20220903_RA.ict
36, 1001
Michael A. Robinson, Patrick Veres, Ken Aikin
NOAA Chemical Sciences Laboratory
Filter Radiometer (NO2)
CalFiDE
1, 1
2022, 09, 03, 2022, 09, 17
0
TO_Time_UTC, seconds_past_midnight, Time_Start
3
1, 1, 1
-9999, -9999, -9999
jNO2_up, 1/s, GasJvalue_jNO2_InSitu_Downwelling_Full_NO2-O3P
jNO2_down, 1/s, GasJvalue_jNO2_InSitu_Upwelling_Full_NO2-O3P
jNO2_total, 1/s, GasJvalue_jNO2_InSitu_Total_Full_NO2-O3P
1
SPECIAL COMMENTS: N/A
18
PI_CONTACT_INFO: Address: 325 Broadway, Boulder CO 80305
PLATFORM: N57RF Twin Otter
LOCATION: California and Oregon
ASSOCIATED_DATA: N/A
INSTRUMENT_INFO: Filter radiometers
DATA_INFO: Units: 1/s 
UNCERTAINTY: ± 10%
ULOD_FLAG: -7777
ULOD_VALUE: N/A
LLOD_FLAG: -8888
LLOD_VALUE: N/A
DM_CONTACT_INFO: Data Manager: Ken Aikin
PROJECT_INFO: CalFiDE dates of study: August-September, 2022
STIPULATIONS_ON_USE: Users are strongly encouraged to contact the PI for proper data usage.
OTHER_COMMENTS: up means upward looking, down means downward looking, total is the sum of up and down. Calibration done by intercomparison with NCAR HARP instrument.
REVISION: RA
RA: Preliminary data
TO_Time_UTC, jNO2_up, jNO2_down, jNO2_total
[from data line 19556]
85255,1.117e-02,3.254e-03,1.442e-02
85256,1.116e-02,3.306e-03,1.447e-02
85257,1.116e-02,3.288e-03,1.445e-02
85258,1.117e-02,3.357e-03,1.453e-02
85259,1.119e-02,3.271e-03,1.446e-02
85260,1.117e-02,3.357e-03,1.453e-02
85261,1.119e-02,3.331e-03,1.452e-02
85262,1.119e-02,3.375e-03,1.456e-02
85263,1.114e-02,3.418e-03,1.456e-02
85264,1.114e-02,3.400e-03,1.454e-02
85265,1.113e-02,3.418e-03,1.454e-02
85266,1.110e-02,3.409e-03,1.451e-02
85267,1.113e-02,3.392e-03,1.452e-02
85268,1.114e-02,3.426e-03,1.456e-02
85269,1.115e-02,3.426e-03,1.458e-02
85270,1.113e-02,3.435e-03,1.456e-02
85271,1.115e-02,3.469e-03,1.462e-02
85272,1.115e-02,3.461e-03,1.461e-02
85273,1.114e-02,3.461e-03,1.460e-02
85274,1.116e-02,3.495e-03,1.466e-02
85275,1.116e-02,3.478e-03,1.464e-02
85276,1.120e-02,3.495e-03,1.469e-02
85277,1.123e-02,3.495e-03,1.473e-02
85278,1.120e-02,3.521e-03,1.473e-02
85279,1.121e-02,3.478e-03,1.469e-02
85280,1.120e-02,3.495e-03,1.470e-02
85281,1.120e-02,3.487e-03,1.468e-02
85282,1.120e-02,3.444e-03,1.464e-02
85283,1.120e-02,3.418e-03,1.462e-02
85284,1.120e-02,3.444e-03,1.464e-02
85285,1.121e-02,3.452e-03,1.466e-02
85286,1.119e-02,3.426e-03,1.461e-02
85287,1.121e-02,3.435e-03,1.465e-02
85288,1.120e-02,3.400e-03,1.460e-02
85289,1.120e-02,3.409e-03,1.460e-02
85290,1.124e-02,3.409e-03,1.465e-02
85291,1.119e-02,3.375e-03,1.456e-02
85292,1.120e-02,3.357e-03,1.456e-02
85293,1.120e-02,3.357e-03,1.456e-02
85294,1.117e-02,3.366e-03,1.454e-02
85295,1.115e-02,3.349e-03,1.450e-02
85296,1.117e-02,3.297e-03,1.447e-02
85297,1.116e-02,3.323e-03,1.448e-02
85298,1.119e-02,3.314e-03,1.450e-02
85299,1.117e-02,3.314e-03,1.448e-02
85300,1.117e-02,3.331e-03,1.450e-02
85301,1.116e-02,3.254e-03,1.442e-02
85302,1.115e-02,3.254e-03,1.441e-02
85303,1.115e-02,3.237e-03,1.439e-02
85304,1.116e-02,3.254e-03,1.442e-02
85305,1.116e-02,3.219e-03,1.438e-02
85306,1.117e-02,3.185e-03,1.435e-02
85307,1.116e-02,3.219e-03,1.438e-02
85308,1.117e-02,3.228e-03,1.440e-02
85309,1.117e-02,3.237e-03,1.441e-02
85310,1.117e-02,3.254e-03,1.442e-02
85311,1.117e-02,3.193e-03,1.436e-02
85312,1.114e-02,3.176e-03,1.431e-02
85313,1.116e-02,3.185e-03,1.435e-02
85314,1.114e-02,3.211e-03,1.435e-02
85315,1.117e-02,3.159e-03,1.433e-02
85316,1.116e-02,3.185e-03,1.435e-02
85317,1.116e-02,3.150e-03,1.431e-02
85318,1.116e-02,3.159e-03,1.432e-02
85319,1.117e-02,3.168e-03,1.434e-02
85320,1.116e-02,3.133e-03,1.429e-02
85321,1.117e-02,3.150e-03,1.432e-02
85322,1.115e-02,3.142e-03,1.429e-02
85323,1.116e-02,3.142e-03,1.430e-02
85324,1.115e-02,3.176e-03,1.433e-02
85325,1.117e-02,3.107e-03,1.428e-02
85326,1.117e-02,3.142e-03,1.431e-02
85327,1.117e-02,3.099e-03,1.427e-02
85328,1.117e-02,3.124e-03,1.429e-02
85329,1.114e-02,3.090e-03,1.423e-02
85330,1.114e-02,3.116e-03,1.426e-02
85331,1.114e-02,3.124e-03,1.427e-02
85332,1.114e-02,3.107e-03,1.425e-02
85333,1.117e-02,3.124e-03,1.429e-02
85334,1.115e-02,3.107e-03,1.426e-02
85335,1.116e-02,3.142e-03,1.430e-02
85336,1.113e-02,3.081e-03,1.421e-02
85337,1.114e-02,3.090e-03,1.423e-02
85338,1.116e-02,3.073e-03,1.423e-02
85339,1.114e-02,3.081e-03,1.422e-02
85340,1.114e-02,3.081e-03,1.422e-02
85341,1.116e-02,3.116e-03,1.428e-02
85342,1.115e-02,3.107e-03,1.426e-02
85343,1.115e-02,3.064e-03,1.422e-02
85344,1.113e-02,3.107e-03,1.423e-02
85345,1.114e-02,3.081e-03,1.422e-02
85346,1.117e-02,3.064e-03,1.423e-02
85347,1.118e-02,3.124e-03,1.430e-02
85348,1.122e-02,3.150e-03,1.437e-02
85349,1.122e-02,3.193e-03,1.441e-02
85350,1.119e-02,3.219e-03,1.441e-02
85351,1.116e-02,3.254e-03,1.442e-02
85352,1.115e-02,3.211e-03,1.436e-02
85353,1.112e-02,3.254e-03,1.437e-02
85354,1.108e-02,3.237e-03,1.431e-02
85355,1.105e-02,3.288e-03,1.434e-02
85356,1.103e-02,3.254e-03,1.428e-02
85357,1.099e-02,3.271e-03,1.426e-02
85358,1.101e-02,3.314e-03,1.432e-02
85359,1.098e-02,3.297e-03,1.428e-02
85360,1.099e-02,3.349e-03,1.434e-02
85361,1.099e-02,3.306e-03,1.430e-02
85362,1.099e-02,3.254e-03,1.424e-02
85363,1.101e-02,3.262e-03,1.427e-02
85364,1.102e-02,3.280e-03,1.430e-02
85365,1.104e-02,3.254e-03,1.430e-02
85366,1.099e-02,3.254e-03,1.424e-02
85367,1.093e-02,3.314e-03,1.425e-02
85368,1.094e-02,3.306e-03,1.425e-02
85369,1.095e-02,3.280e-03,1.423e-02
85370,1.097e-02,3.254e-03,1.423e-02
85371,1.100e-02,3.245e-03,1.424e-02
85372,1.103e-02,3.228e-03,1.425e-02
85373,1.103e-02,3.262e-03,1.429e-02
85374,1.099e-02,3.228e-03,1.422e-02
85375,1.101e-02,3.202e-03,1.421e-02
85376,1.100e-02,3.159e-03,1.416e-02
85377,1.096e-02,3.168e-03,1.412e-02
85378,1.092e-02,3.116e-03,1.404e-02
85379,1.084e-02,3.055e-03,1.389e-02
85380,1.072e-02,3.055e-03,1.377e-02
85381,1.062e-02,3.055e-03,1.368e-02
85382,1.051e-02,3.012e-03,1.352e-02
85383,1.048e-02,3.081e-03,1.356e-02
85384,1.042e-02,3.012e-03,1.343e-02
85385,1.038e-02,3.038e-03,1.341e-02
85386,1.031e-02,3.021e-03,1.333e-02
85387,1.026e-02,3.047e-03,1.331e-02
85388,1.024e-02,3.047e-03,1.329e-02
85389,1.023e-02,3.004e-03,1.324e-02
85390,1.018e-02,2.995e-03,1.317e-02
85391,1.020e-02,3.012e-03,1.321e-02
85392,1.021e-02,3.047e-03,1.325e-02
85393,1.023e-02,3.021e-03,1.325e-02
85394,1.028e-02,3.030e-03,1.331e-02
85395,1.032e-02,3.012e-03,1.333e-02
85396,1.035e-02,3.021e-03,1.337e-02
85397,1.037e-02,3.038e-03,1.341e-02
85398,1.042e-02,3.073e-03,1.349e-02
85399,1.056e-02,3.064e-03,1.362e-02
85400,1.062e-02,3.047e-03,1.367e-02
85401,1.068e-02,3.081e-03,1.376e-02
85402,1.074e-02,3.073e-03,1.382e-02
85403,1.079e-02,3.073e-03,1.386e-02
85404,1.084e-02,3.107e-03,1.394e-02
85405,1.087e-02,3.030e-03,1.390e-02
85406,1.090e-02,3.073e-03,1.397e-02
85407,1.095e-02,3.133e-03,1.408e-02
85408,1.092e-02,3.090e-03,1.401e-02
85409,1.096e-02,3.168e-03,1.412e-02
85410,1.097e-02,3.124e-03,1.410e-02
85411,1.097e-02,3.116e-03,1.408e-02
85412,1.097e-02,3.099e-03,1.406e-02
85413,1.097e-02,3.116e-03,1.408e-02
85414,1.096e-02,3.185e-03,1.414e-02
85415,1.095e-02,3.142e-03,1.409e-02
85416,1.093e-02,3.228e-03,1.416e-02
85417,1.092e-02,3.202e-03,1.412e-02
85418,1.093e-02,3.219e-03,1.415e-02
85419,1.090e-02,3.211e-03,1.411e-02
85420,1.086e-02,3.211e-03,1.407e-02
85421,1.086e-02,3.219e-03,1.408e-02
85422,1.086e-02,3.211e-03,1.407e-02
85423,1.085e-02,3.185e-03,1.403e-02
85424,1.088e-02,3.211e-03,1.409e-02
85425,1.085e-02,3.193e-03,1.404e-02
85426,1.083e-02,3.254e-03,1.408e-02
85427,1.083e-02,3.245e-03,1.407e-02
85428,1.086e-02,3.262e-03,1.412e-02
85429,1.079e-02,3.271e-03,1.406e-02
85430,1.074e-02,3.297e-03,1.404e-02
85431,1.068e-02,3.254e-03,1.394e-02
85432,1.071e-02,3.306e-03,1.401e-02
85433,1.040e-02,3.306e-03,1.371e-02
85434,1.037e-02,3.271e-03,1.364e-02
85435,1.036e-02,3.306e-03,1.367e-02
85436,1.035e-02,3.331e-03,1.368e-02
85437,1.045e-02,3.288e-03,1.374e-02
85438,1.068e-02,3.262e-03,1.394e-02
85439,1.112e-02,3.176e-03,1.430e-02
85440,1.097e-02,3.133e-03,1.410e-02
85441,1.097e-02,3.055e-03,1.402e-02
85442,1.097e-02,3.055e-03,1.402e-02
85443,1.096e-02,3.038e-03,1.399e-02
85444,1.097e-02,3.038e-03,1.400e-02
85445,1.091e-02,3.004e-03,1.392e-02
85446,1.090e-02,3.012e-03,1.392e-02
85447,1.091e-02,3.021e-03,1.393e-02
85448,1.090e-02,3.004e-03,1.391e-02
85449,1.096e-02,2.978e-03,1.393e-02
85450,1.097e-02,3.030e-03,1.400e-02
85451,1.096e-02,3.073e-03,1.403e-02
85452,1.094e-02,3.038e-03,1.398e-02
85453,1.090e-02,3.021e-03,1.392e-02
85454,1.087e-02,2.978e-03,1.385e-02
85455,1.082e-02,3.030e-03,1.385e-02
85456,1.079e-02,2.995e-03,1.379e-02
85457,1.079e-02,3.038e-03,1.382e-02
85458,1.079e-02,2.978e-03,1.377e-02
85459,1.082e-02,2.995e-03,1.381e-02
85460,1.086e-02,2.986e-03,1.385e-02
85461,1.085e-02,2.995e-03,1.385e-02
85462,1.086e-02,2.969e-03,1.383e-02
85463,1.086e-02,3.012e-03,1.387e-02
85464,1.089e-02,3.004e-03,1.389e-02
85465,1.091e-02,2.961e-03,1.388e-02
85466,1.089e-02,2.961e-03,1.385e-02
85467,1.093e-02,3.055e-03,1.399e-02
85468,1.090e-02,3.012e-03,1.391e-02
85469,1.092e-02,3.064e-03,1.399e-02
85470,1.090e-02,2.995e-03,1.389e-02
85471,1.092e-02,3.021e-03,1.394e-02
85472,1.090e-02,3.030e-03,1.393e-02
85473,1.089e-02,3.004e-03,1.389e-02
85474,1.091e-02,3.021e-03,1.393e-02
85475,1.092e-02,3.012e-03,1.393e-02
85476,1.090e-02,3.055e-03,1.395e-02
85477,1.093e-02,3.021e-03,1.395e-02
85478,1.091e-02,3.030e-03,1.394e-02
85479,1.090e-02,3.021e-03,1.393e-02
85480,1.093e-02,3.030e-03,1.396e-02
85481,1.091e-02,3.004e-03,1.392e-02
85482,1.092e-02,3.055e-03,1.398e-02
85483,1.092e-02,3.021e-03,1.394e-02
85484,1.092e-02,3.081e-03,1.400e-02
85485,1.091e-02,3.021e-03,1.393e-02
85486,1.090e-02,3.030e-03,1.393e-02
85487,1.094e-02,3.073e-03,1.401e-02
85488,1.093e-02,3.038e-03,1.397e-02
85489,1.091e-02,3.055e-03,1.397e-02
85490,1.092e-02,3.107e-03,1.403e-02
85491,1.091e-02,3.047e-03,1.396e-02
85492,1.092e-02,3.038e-03,1.396e-02
85493,1.091e-02,3.073e-03,1.399e-02
85494,1.093e-02,3.073e-03,1.400e-02
85495,1.090e-02,3.064e-03,1.396e-02
85496,1.090e-02,3.047e-03,1.395e-02
85497,1.090e-02,3.073e-03,1.397e-02
85498,1.092e-02,3.081e-03,1.400e-02
85499,1.090e-02,3.107e-03,1.400e-02
85500,1.090e-02,3.081e-03,1.399e-02
85501,1.089e-02,3.107e-03,1.400e-02
85502,1.090e-02,3.090e-03,1.400e-02
85503,1.087e-02,3.090e-03,1.396e-02
85504,1.088e-02,3.099e-03,1.398e-02
85505,1.090e-02,3.107e-03,1.400e-02
85506,1.092e-02,3.107e-03,1.403e-02
85507,1.091e-02,3.124e-03,1.404e-02
85508,1.091e-02,3.116e-03,1.403e-02
85509,1.091e-02,3.133e-03,1.405e-02
85510,1.089e-02,3.073e-03,1.396e-02
85511,1.089e-02,3.168e-03,1.406e-02
85512,1.090e-02,3.124e-03,1.402e-02
85513,1.093e-02,3.150e-03,1.408e-02
85514,1.090e-02,3.168e-03,1.407e-02
85515,1.093e-02,3.176e-03,1.411e-02
85516,1.090e-02,3.073e-03,1.397e-02
85517,1.090e-02,3.124e-03,1.402e-02
85518,1.092e-02,3.142e-03,1.406e-02
85519,1.092e-02,3.150e-03,1.407e-02
85520,1.093e-02,3.185e-03,1.412e-02
85521,1.090e-02,3.219e-03,1.412e-02
85522,1.091e-02,3.168e-03,1.408e-02
85523,1.090e-02,3.150e-03,1.405e-02
85524,1.091e-02,3.168e-03,1.408e-02
85525,1.094e-02,3.185e-03,1.412e-02
85526,1.091e-02,3.211e-03,1.413e-02
85527,1.096e-02,3.168e-03,1.412e-02
85528,1.091e-02,3.211e-03,1.413e-02
85529,1.094e-02,3.219e-03,1.416e-02
85530,1.091e-02,3.237e-03,1.415e-02
85531,1.092e-02,3.211e-03,1.413e-02
85532,1.093e-02,3.245e-03,1.418e-02
85533,1.092e-02,3.254e-03,1.418e-02
85534,1.091e-02,3.202e-03,1.412e-02
85535,1.093e-02,3.211e-03,1.414e-02
85536,1.090e-02,3.237e-03,1.413e-02
85537,1.092e-02,3.237e-03,1.416e-02
85538,1.089e-02,3.219e-03,1.411e-02
85539,1.094e-02,3.254e-03,1.419e-02
85540,1.092e-02,3.185e-03,1.411e-02
85541,1.090e-02,3.245e-03,1.414e-02
85542,1.090e-02,3.228e-03,1.413e-02
85543,1.090e-02,3.228e-03,1.413e-02
85544,1.091e-02,3.254e-03,1.417e-02
85545,1.090e-02,3.280e-03,1.418e-02
85546,1.090e-02,3.254e-03,1.416e-02
85547,1.088e-02,3.245e-03,1.412e-02
85548,1.090e-02,3.237e-03,1.414e-02
85549,1.090e-02,3.254e-03,1.415e-02
85550,1.090e-02,3.176e-03,1.407e-02
85551,1.089e-02,3.185e-03,1.407e-02
85552,1.090e-02,3.237e-03,1.414e-02
85553,1.090e-02,3.142e-03,1.404e-02
85554,1.085e-02,3.185e-03,1.403e-02
85555,1.083e-02,3.124e-03,1.395e-02
85556,1.083e-02,3.185e-03,1.401e-02
85557,1.082e-02,3.133e-03,1.395e-02
85558,1.083e-02,3.124e-03,1.395e-02
85559,1.082e-02,3.185e-03,1.401e-02
85560,1.087e-02,3.168e-03,1.404e-02
85561,1.087e-02,3.150e-03,1.402e-02
85562,1.087e-02,3.124e-03,1.400e-02
85563,1.083e-02,3.116e-03,1.394e-02
85564,1.080e-02,3.107e-03,1.391e-02
85565,1.078e-02,3.073e-03,1.385e-02
85566,1.080e-02,3.107e-03,1.391e-02
85567,1.079e-02,3.116e-03,1.391e-02
85568,1.085e-02,3.064e-03,1.391e-02
85569,1.083e-02,3.055e-03,1.388e-02
85570,1.084e-02,3.073e-03,1.391e-02
85571,1.085e-02,3.004e-03,1.386e-02
85572,1.079e-02,3.064e-03,1.386e-02
85573,1.079e-02,3.004e-03,1.380e-02
85574,1.081e-02,3.038e-03,1.385e-02
85575,1.079e-02,2.995e-03,1.379e-02
85576,1.081e-02,2.986e-03,1.380e-02
85577,1.078e-02,3.030e-03,1.381e-02
85578,1.078e-02,2.978e-03,1.375e-02
85579,1.075e-02,2.986e-03,1.374e-02
85580,1.078e-02,2.969e-03,1.375e-02
85581,1.079e-02,2.995e-03,1.379e-02
85582,1.081e-02,2.986e-03,1.380e-02
85583,1.083e-02,3.004e-03,1.383e-02
85584,1.084e-02,3.012e-03,1.385e-02
85585,1.085e-02,3.012e-03,1.387e-02
85586,1.081e-02,3.047e-03,1.386e-02
85587,1.081e-02,3.021e-03,1.383e-02
85588,1.084e-02,3.055e-03,1.389e-02
85589,1.082e-02,3.047e-03,1.387e-02
85590,1.082e-02,3.116e-03,1.394e-02
85591,1.080e-02,3.073e-03,1.388e-02
85592,1.075e-02,3.150e-03,1.390e-02
85593,1.072e-02,3.185e-03,1.390e-02
85594,1.064e-02,3.219e-03,1.386e-02
85595,1.061e-02,3.297e-03,1.391e-02
85596,1.063e-02,3.616e-03,1.425e-02
85597,9.462e-03,3.788e-03,1.325e-02
85598,1.059e-02,3.780e-03,1.437e-02
85599,1.061e-02,3.650e-03,1.426e-02
85600,1.061e-02,3.487e-03,1.410e-02
85601,1.067e-02,3.504e-03,1.417e-02
85602,1.060e-02,3.461e-03,1.406e-02
85603,1.056e-02,3.426e-03,1.399e-02
85604,1.050e-02,3.461e-03,1.396e-02
85605,1.046e-02,3.530e-03,1.399e-02
85606,1.038e-02,3.625e-03,1.401e-02
85607,1.058e-02,3.745e-03,1.433e-02
85608,1.048e-02,3.659e-03,1.414e-02
85609,1.061e-02,3.650e-03,1.426e-02
85610,1.059e-02,3.650e-03,1.424e-02
85611,1.060e-02,3.633e-03,1.423e-02
85612,1.046e-02,3.642e-03,1.410e-02
85613,1.017e-02,3.702e-03,1.387e-02
85614,1.017e-02,3.676e-03,1.385e-02
85615,1.029e-02,3.616e-03,1.391e-02
85616,1.073e-02,3.573e-03,1.430e-02
85617,1.060e-02,3.512e-03,1.411e-02
85618,1.056e-02,3.426e-03,1.398e-02
85619,1.061e-02,3.435e-03,1.405e-02
85620,1.063e-02,3.357e-03,1.399e-02
85621,1.062e-02,3.366e-03,1.399e-02
85622,1.058e-02,3.409e-03,1.399e-02
85623,1.067e-02,3.375e-03,1.404e-02
85624,1.065e-02,3.392e-03,1.404e-02
85625,1.057e-02,3.349e-03,1.392e-02
85626,1.054e-02,3.375e-03,1.391e-02
85627,1.056e-02,3.323e-03,1.389e-02
85628,1.061e-02,3.254e-03,1.387e-02
85629,1.066e-02,3.185e-03,1.384e-02
85630,1.071e-02,3.116e-03,1.383e-02
85631,1.072e-02,3.030e-03,1.375e-02
85632,1.075e-02,2.978e-03,1.373e-02
85633,1.074e-02,2.935e-03,1.368e-02
85634,1.077e-02,2.909e-03,1.368e-02
85635,1.079e-02,2.909e-03,1.370e-02
85636,1.079e-02,2.883e-03,1.368e-02
85637,1.080e-02,2.892e-03,1.370e-02
85638,1.079e-02,2.900e-03,1.369e-02
85639,1.078e-02,2.943e-03,1.372e-02
85640,1.078e-02,3.047e-03,1.382e-02
85641,1.079e-02,3.116e-03,1.390e-02
85642,1.078e-02,3.219e-03,1.400e-02
85643,1.076e-02,3.297e-03,1.406e-02
85644,1.073e-02,3.306e-03,1.403e-02
85645,1.062e-02,3.314e-03,1.394e-02
85646,1.056e-02,3.133e-03,1.369e-02
85647,1.042e-02,3.030e-03,1.345e-02
85648,1.037e-02,2.857e-03,1.322e-02
85649,1.035e-02,2.771e-03,1.312e-02
85650,1.033e-02,2.736e-03,1.307e-02
85651,1.037e-02,2.650e-03,1.302e-02
85652,1.039e-02,2.719e-03,1.311e-02
85653,1.041e-02,2.779e-03,1.319e-02
85654,1.050e-02,2.788e-03,1.328e-02
85655,1.055e-02,2.874e-03,1.342e-02
85656,1.061e-02,2.917e-03,1.352e-02
85657,1.064e-02,2.909e-03,1.355e-02
85658,1.069e-02,2.995e-03,1.369e-02
85659,1.071e-02,2.978e-03,1.369e-02
85660,1.073e-02,3.064e-03,1.380e-02
85661,1.074e-02,3.150e-03,1.389e-02
85662,1.079e-02,3.124e-03,1.391e-02
85663,1.079e-02,3.159e-03,1.395e-02
85664,1.080e-02,3.185e-03,1.399e-02
85665,1.079e-02,3.211e-03,1.400e-02
85666,1.083e-02,3.219e-03,1.405e-02
85667,1.083e-02,3.245e-03,1.407e-02
85668,1.085e-02,3.254e-03,1.410e-02
85669,1.082e-02,3.254e-03,1.407e-02
85670,1.082e-02,3.297e-03,1.412e-02
85671,1.084e-02,3.323e-03,1.416e-02
85672,1.082e-02,3.331e-03,1.415e-02
85673,1.083e-02,3.306e-03,1.413e-02
85674,1.085e-02,3.331e-03,1.418e-02
85675,1.085e-02,3.331e-03,1.419e-02
85676,1.081e-02,3.340e-03,1.415e-02
85677,1.083e-02,3.280e-03,1.411e-02
85678,1.081e-02,3.280e-03,1.409e-02
85679,1.083e-02,3.271e-03,1.410e-02
85680,1.083e-02,3.280e-03,1.411e-02
85681,1.080e-02,3.297e-03,1.410e-02
85682,1.080e-02,3.323e-03,1.413e-02
85683,1.080e-02,3.262e-03,1.407e-02
85684,1.081e-02,3.228e-03,1.404e-02
85685,1.081e-02,3.237e-03,1.405e-02
85686,1.085e-02,3.262e-03,1.412e-02
85687,1.083e-02,3.219e-03,1.405e-02
85688,1.079e-02,3.262e-03,1.406e-02
85689,1.080e-02,3.228e-03,1.403e-02
85690,1.077e-02,3.237e-03,1.401e-02
85691,1.079e-02,3.237e-03,1.403e-02
85692,1.078e-02,3.228e-03,1.401e-02
85693,1.081e-02,3.254e-03,1.406e-02
85694,1.079e-02,3.262e-03,1.406e-02
85695,1.083e-02,3.211e-03,1.404e-02
85696,1.082e-02,3.228e-03,1.405e-02
85697,1.082e-02,3.237e-03,1.406e-02
85698,1.079e-02,3.245e-03,1.404e-02
