data/rawdat/flt20220903/JNO2_N57_20220903_RA.ict
36, 1001
Michael A. Robinson, Patrick Veres, Ken Aikin
NOAA Chemical Sciences Laboratory
Filter Radiometer (NO2)
CalFiDE
1, 1
2022, 09, 03, 2022, 09, 17
0
TO_Time_UTC, seconds_past_midnight, Time_Start
3
1, 1, 1
-9999, -9999, -9999
jNO2_up, 1/s, GasJvalue_jNO2_InSitu_Downwelling_Full_NO2-O3P
jNO2_down, 1/s, GasJvalue_jNO2_InSitu_Upwelling_Full_NO2-O3P
jNO2_total, 1/s, GasJvalue_jNO2_InSitu_Total_Full_NO2-O3P
1
SPECIAL COMMENTS: N/A
18
PI_CONTACT_INFO: Address: 325 Broadway, Boulder CO 80305
PLATFORM: N57RF Twin Otter
LOCATION: California and Oregon
ASSOCIATED_DATA: N/A
INSTRUMENT_INFO: Filter radiometers
DATA_INFO: Units: 1/s 
UNCERTAINTY: ± 10%
ULOD_FLAG: -7777
ULOD_VALUE: N/A
LLOD_FLAG: -8888
LLOD_VALUE: N/A
DM_CONTACT_INFO: Data Manager: Ken Aikin
PROJECT_INFO: CalFiDE dates of study: August-September, 2022
STIPULATIONS_ON_USE: Users are strongly encouraged to contact the PI for proper data usage.
OTHER_COMMENTS: up means upward looking, down means downward looking, total is the sum of up and down. Calibration done by intercomparison with NCAR HARP instrument.
REVISION: RA
RA: Preliminary data
TO_Time_UTC, jNO2_up, jNO2_down, jNO2_total
[from data line 15112]
80811,1.173e-02,3.133e-03,1.487e-02
80812,1.173e-02,3.124e-03,1.486e-02
80813,1.172e-02,3.124e-03,1.484e-02
80814,1.172e-02,3.055e-03,1.477e-02
80815,1.172e-02,3.099e-03,1.482e-02
80816,1.172e-02,3.030e-03,1.475e-02
80817,1.171e-02,3.012e-03,1.472e-02
80818,1.170e-02,2.995e-03,1.469e-02
80819,1.172e-02,2.986e-03,1.470e-02
80820,1.169e-02,2.978e-03,1.467e-02
80821,1.170e-02,2.995e-03,1.469e-02
80822,1.168e-02,2.943e-03,1.462e-02
80823,1.168e-02,2.935e-03,1.462e-02
80824,1.171e-02,2.909e-03,1.462e-02
80825,1.170e-02,2.909e-03,1.461e-02
80826,1.172e-02,2.900e-03,1.462e-02
80827,1.172e-02,2.892e-03,1.461e-02
80828,1.168e-02,2.857e-03,1.454e-02
80829,1.168e-02,2.814e-03,1.450e-02
80830,1.169e-02,2.788e-03,1.448e-02
80831,1.171e-02,2.805e-03,1.451e-02
80832,1.169e-02,2.745e-03,1.444e-02
80833,1.168e-02,2.719e-03,1.440e-02
80834,1.169e-02,2.693e-03,1.438e-02
80835,1.171e-02,2.762e-03,1.447e-02
80836,1.167e-02,2.676e-03,1.435e-02
80837,1.167e-02,2.685e-03,1.436e-02
80838,1.168e-02,2.642e-03,1.432e-02
80839,1.168e-02,2.659e-03,1.434e-02
80840,1.169e-02,2.642e-03,1.433e-02
80841,1.170e-02,2.659e-03,1.436e-02
80842,1.169e-02,2.581e-03,1.427e-02
80843,1.166e-02,2.607e-03,1.426e-02
80844,1.167e-02,2.607e-03,1.427e-02
80845,1.167e-02,2.598e-03,1.427e-02
80846,1.167e-02,2.590e-03,1.426e-02
80847,1.171e-02,2.521e-03,1.423e-02
80848,1.168e-02,2.547e-03,1.423e-02
80849,1.167e-02,2.504e-03,1.418e-02
80850,1.167e-02,2.504e-03,1.417e-02
80851,1.167e-02,2.452e-03,1.413e-02
80852,1.166e-02,2.486e-03,1.414e-02
80853,1.167e-02,2.409e-03,1.407e-02
80854,1.167e-02,2.443e-03,1.412e-02
80855,1.168e-02,2.374e-03,1.406e-02
80856,1.171e-02,2.409e-03,1.412e-02
80857,1.170e-02,2.357e-03,1.406e-02
80858,1.172e-02,2.348e-03,1.406e-02
80859,1.174e-02,2.314e-03,1.406e-02
80860,1.174e-02,2.297e-03,1.404e-02
80861,1.178e-02,2.322e-03,1.410e-02
80862,1.187e-02,2.279e-03,1.415e-02
80863,1.154e-02,2.245e-03,1.379e-02
80864,1.127e-02,2.210e-03,1.348e-02
80865,1.107e-02,2.253e-03,1.332e-02
80866,1.047e-02,2.210e-03,1.268e-02
80867,1.039e-02,2.271e-03,1.266e-02
80868,1.023e-02,2.202e-03,1.243e-02
80869,1.052e-02,2.184e-03,1.271e-02
80870,1.044e-02,2.176e-03,1.262e-02
80871,1.071e-02,2.184e-03,1.289e-02
80872,9.769e-03,2.150e-03,1.192e-02
80873,1.007e-02,2.141e-03,1.221e-02
80874,1.038e-02,2.141e-03,1.252e-02
80875,1.062e-02,2.150e-03,1.277e-02
80876,1.035e-02,2.133e-03,1.248e-02
80877,1.001e-02,2.124e-03,1.213e-02
80878,1.032e-02,2.098e-03,1.242e-02
80879,1.070e-02,2.133e-03,1.283e-02
80880,1.031e-02,2.141e-03,1.245e-02
80881,1.076e-02,2.098e-03,1.286e-02
80882,1.061e-02,2.107e-03,1.271e-02
80883,1.030e-02,2.133e-03,1.243e-02
80884,1.044e-02,2.141e-03,1.259e-02
80885,1.056e-02,2.098e-03,1.265e-02
80886,1.073e-02,2.090e-03,1.282e-02
80887,1.018e-02,2.107e-03,1.229e-02
80888,1.010e-02,2.133e-03,1.223e-02
80889,1.010e-02,2.064e-03,1.217e-02
80890,1.014e-02,2.090e-03,1.223e-02
80891,1.073e-02,2.081e-03,1.282e-02
80892,1.056e-02,2.055e-03,1.261e-02
80893,1.016e-02,2.038e-03,1.220e-02
80894,9.650e-03,2.072e-03,1.172e-02
80895,9.769e-03,2.029e-03,1.180e-02
80896,8.916e-03,2.038e-03,1.095e-02
80897,9.206e-03,1.995e-03,1.120e-02
80898,8.233e-03,2.012e-03,1.025e-02
80899,7.695e-03,2.003e-03,9.698e-03
80900,7.140e-03,1.995e-03,9.135e-03
80901,7.071e-03,1.977e-03,9.048e-03
80902,7.473e-03,2.003e-03,9.476e-03
80903,7.037e-03,1.977e-03,9.014e-03
80904,7.404e-03,1.977e-03,9.381e-03
80905,7.345e-03,1.977e-03,9.322e-03
80906,7.387e-03,2.012e-03,9.399e-03
80907,7.046e-03,1.977e-03,9.023e-03
80908,7.234e-03,1.969e-03,9.203e-03
80909,6.977e-03,1.977e-03,8.954e-03
80910,7.020e-03,1.960e-03,8.980e-03
80911,6.875e-03,1.969e-03,8.844e-03
80912,6.773e-03,1.995e-03,8.768e-03
80913,6.824e-03,1.926e-03,8.750e-03
80914,6.696e-03,1.977e-03,8.673e-03
80915,6.713e-03,1.969e-03,8.682e-03
80916,7.106e-03,1.977e-03,9.083e-03
80917,6.901e-03,1.986e-03,8.887e-03
80918,6.610e-03,1.969e-03,8.579e-03
80919,6.901e-03,1.952e-03,8.853e-03
80920,6.773e-03,2.021e-03,8.794e-03
80921,7.319e-03,2.003e-03,9.322e-03
80922,7.174e-03,1.952e-03,9.126e-03
80923,7.387e-03,2.021e-03,9.408e-03
80924,7.917e-03,2.029e-03,9.946e-03
80925,8.113e-03,2.012e-03,1.013e-02
80926,8.207e-03,2.012e-03,1.022e-02
80927,7.772e-03,2.012e-03,9.784e-03
80928,7.387e-03,2.029e-03,9.416e-03
80929,8.130e-03,2.012e-03,1.014e-02
80930,7.874e-03,2.046e-03,9.920e-03
80931,8.412e-03,1.986e-03,1.040e-02
80932,8.207e-03,2.003e-03,1.021e-02
80933,7.703e-03,2.029e-03,9.732e-03
80934,8.139e-03,2.055e-03,1.019e-02
80935,8.386e-03,2.038e-03,1.042e-02
80936,8.489e-03,1.995e-03,1.048e-02
80937,8.540e-03,2.038e-03,1.058e-02
80938,8.506e-03,2.038e-03,1.054e-02
80939,8.540e-03,2.012e-03,1.055e-02
80940,8.438e-03,2.021e-03,1.046e-02
80941,8.480e-03,2.072e-03,1.055e-02
80942,8.771e-03,2.046e-03,1.082e-02
80943,8.309e-03,2.046e-03,1.035e-02
80944,8.403e-03,2.029e-03,1.043e-02
80945,8.446e-03,2.046e-03,1.049e-02
80946,8.045e-03,2.012e-03,1.006e-02
80947,7.814e-03,2.038e-03,9.852e-03
80948,7.652e-03,2.064e-03,9.716e-03
80949,7.242e-03,2.038e-03,9.280e-03
80950,6.755e-03,2.012e-03,8.767e-03
80951,6.448e-03,2.012e-03,8.460e-03
80952,6.593e-03,2.021e-03,8.614e-03
80953,5.944e-03,2.046e-03,7.990e-03
80954,5.833e-03,2.046e-03,7.879e-03
80955,5.748e-03,2.038e-03,7.786e-03
80956,6.072e-03,2.029e-03,8.101e-03
80957,5.833e-03,2.038e-03,7.871e-03
80958,5.825e-03,1.977e-03,7.802e-03
80959,5.535e-03,2.064e-03,7.599e-03
80960,5.372e-03,2.012e-03,7.384e-03
80961,5.219e-03,2.038e-03,7.257e-03
80962,5.261e-03,1.969e-03,7.230e-03
80963,5.338e-03,2.021e-03,7.359e-03
80964,5.603e-03,2.021e-03,7.624e-03
80965,5.526e-03,2.021e-03,7.547e-03
80966,5.330e-03,1.986e-03,7.316e-03
80967,5.458e-03,2.029e-03,7.487e-03
80968,5.731e-03,2.064e-03,7.795e-03
80969,5.902e-03,2.064e-03,7.966e-03
80970,6.047e-03,2.046e-03,8.093e-03
80971,5.927e-03,2.064e-03,7.991e-03
80972,6.072e-03,2.021e-03,8.093e-03
80973,6.132e-03,2.064e-03,8.196e-03
80974,6.380e-03,2.064e-03,8.444e-03
80975,6.525e-03,2.133e-03,8.658e-03
80976,6.824e-03,2.107e-03,8.931e-03
80977,6.243e-03,2.072e-03,8.315e-03
80978,6.542e-03,2.107e-03,8.649e-03
80979,8.036e-03,2.115e-03,1.015e-02
80980,8.079e-03,2.064e-03,1.014e-02
80981,7.959e-03,2.081e-03,1.004e-02
80982,7.712e-03,2.107e-03,9.819e-03
80983,8.122e-03,2.124e-03,1.025e-02
80984,8.301e-03,2.133e-03,1.043e-02
80985,9.078e-03,2.098e-03,1.118e-02
80986,9.112e-03,2.133e-03,1.124e-02
80987,9.428e-03,2.107e-03,1.154e-02
80988,8.284e-03,2.098e-03,1.038e-02
80989,8.549e-03,2.107e-03,1.066e-02
80990,9.146e-03,2.124e-03,1.127e-02
80991,8.190e-03,2.133e-03,1.032e-02
80992,7.959e-03,2.115e-03,1.007e-02
80993,8.523e-03,2.133e-03,1.066e-02
80994,8.967e-03,2.115e-03,1.108e-02
80995,8.882e-03,2.167e-03,1.105e-02
80996,8.813e-03,2.210e-03,1.102e-02
80997,8.523e-03,2.184e-03,1.071e-02
80998,8.497e-03,2.167e-03,1.066e-02
80999,9.607e-03,2.150e-03,1.176e-02
81000,8.685e-03,2.167e-03,1.085e-02
81001,9.214e-03,2.176e-03,1.139e-02
81002,9.795e-03,2.210e-03,1.201e-02
81003,9.838e-03,2.167e-03,1.201e-02
81004,9.428e-03,2.176e-03,1.160e-02
81005,9.462e-03,2.159e-03,1.162e-02
81006,9.266e-03,2.159e-03,1.142e-02
81007,9.710e-03,2.193e-03,1.190e-02
81008,8.472e-03,2.159e-03,1.063e-02
81009,8.907e-03,2.184e-03,1.109e-02
81010,8.702e-03,2.184e-03,1.089e-02
81011,8.531e-03,2.184e-03,1.072e-02
81012,9.180e-03,2.150e-03,1.133e-02
81013,8.899e-03,2.167e-03,1.107e-02
81014,8.540e-03,2.176e-03,1.072e-02
81015,8.096e-03,2.202e-03,1.030e-02
81016,7.165e-03,2.150e-03,9.315e-03
81017,6.662e-03,2.150e-03,8.812e-03
81018,7.251e-03,2.176e-03,9.427e-03
81019,7.003e-03,2.141e-03,9.144e-03
81020,7.123e-03,2.159e-03,9.282e-03
81021,8.190e-03,2.210e-03,1.040e-02
81022,8.830e-03,2.193e-03,1.102e-02
81023,9.454e-03,2.176e-03,1.163e-02
81024,9.599e-03,2.176e-03,1.178e-02
81025,9.863e-03,2.176e-03,1.204e-02
81026,1.098e-02,2.245e-03,1.323e-02
81027,1.104e-02,2.176e-03,1.322e-02
81028,1.038e-02,2.202e-03,1.259e-02
81029,1.004e-02,2.141e-03,1.218e-02
81030,1.147e-02,2.184e-03,1.365e-02
81031,1.051e-02,2.202e-03,1.271e-02
81032,9.214e-03,2.202e-03,1.142e-02
81033,8.993e-03,2.210e-03,1.120e-02
81034,1.010e-02,2.193e-03,1.230e-02
81035,1.064e-02,2.210e-03,1.285e-02
81036,1.079e-02,2.210e-03,1.300e-02
81037,1.125e-02,2.210e-03,1.346e-02
81038,1.111e-02,2.210e-03,1.332e-02
81039,1.132e-02,2.210e-03,1.353e-02
81040,1.142e-02,2.184e-03,1.360e-02
81041,1.140e-02,2.159e-03,1.356e-02
81042,1.132e-02,2.202e-03,1.352e-02
81043,1.129e-02,2.176e-03,1.347e-02
81044,1.129e-02,2.167e-03,1.346e-02
81045,1.131e-02,2.253e-03,1.356e-02
81046,1.135e-02,2.236e-03,1.358e-02
81047,1.132e-02,2.184e-03,1.351e-02
81048,1.132e-02,2.202e-03,1.352e-02
81049,1.134e-02,2.167e-03,1.351e-02
81050,1.127e-02,2.193e-03,1.347e-02
81051,1.132e-02,2.167e-03,1.348e-02
81052,1.125e-02,2.176e-03,1.343e-02
81053,1.124e-02,2.184e-03,1.342e-02
81054,1.131e-02,2.193e-03,1.350e-02
81055,1.133e-02,2.133e-03,1.346e-02
81056,1.133e-02,2.150e-03,1.348e-02
81057,1.129e-02,2.176e-03,1.347e-02
81058,1.135e-02,2.184e-03,1.353e-02
81059,1.131e-02,2.159e-03,1.346e-02
81060,1.134e-02,2.167e-03,1.351e-02
81061,1.135e-02,2.133e-03,1.348e-02
81062,1.140e-02,2.133e-03,1.353e-02
81063,1.139e-02,2.167e-03,1.356e-02
81064,1.143e-02,2.167e-03,1.359e-02
81065,1.139e-02,2.124e-03,1.352e-02
81066,1.142e-02,2.141e-03,1.356e-02
81067,1.139e-02,2.150e-03,1.354e-02
81068,1.140e-02,2.124e-03,1.352e-02
81069,1.141e-02,2.115e-03,1.352e-02
81070,1.143e-02,2.133e-03,1.357e-02
81071,1.143e-02,2.115e-03,1.355e-02
81072,1.142e-02,2.184e-03,1.360e-02
81073,1.143e-02,2.141e-03,1.358e-02
81074,1.143e-02,2.124e-03,1.356e-02
81075,1.147e-02,2.133e-03,1.360e-02
81076,1.143e-02,2.124e-03,1.355e-02
81077,1.143e-02,2.133e-03,1.356e-02
81078,1.141e-02,2.159e-03,1.357e-02
81079,1.143e-02,2.098e-03,1.352e-02
81080,1.140e-02,2.072e-03,1.347e-02
81081,1.139e-02,2.064e-03,1.346e-02
81082,1.141e-02,2.081e-03,1.349e-02
81083,1.140e-02,2.072e-03,1.347e-02
81084,1.141e-02,2.124e-03,1.353e-02
81085,1.143e-02,2.081e-03,1.351e-02
81086,1.146e-02,2.090e-03,1.355e-02
81087,1.142e-02,2.064e-03,1.348e-02
81088,1.143e-02,2.124e-03,1.356e-02
81089,1.143e-02,2.072e-03,1.351e-02
81090,1.143e-02,2.046e-03,1.348e-02
81091,1.134e-02,2.090e-03,1.343e-02
81092,1.138e-02,2.090e-03,1.347e-02
81093,1.136e-02,2.081e-03,1.344e-02
81094,1.137e-02,2.081e-03,1.346e-02
81095,1.137e-02,2.029e-03,1.340e-02
81096,1.144e-02,2.072e-03,1.351e-02
81097,1.144e-02,2.021e-03,1.346e-02
81098,1.137e-02,2.064e-03,1.344e-02
81099,1.140e-02,2.081e-03,1.348e-02
81100,1.146e-02,2.012e-03,1.347e-02
81101,1.141e-02,2.046e-03,1.346e-02
81102,1.142e-02,2.038e-03,1.345e-02
81103,1.146e-02,2.055e-03,1.351e-02
81104,1.146e-02,2.012e-03,1.347e-02
81105,1.147e-02,2.012e-03,1.348e-02
81106,1.147e-02,1.986e-03,1.345e-02
81107,1.151e-02,2.046e-03,1.356e-02
81108,1.149e-02,2.046e-03,1.354e-02
81109,1.145e-02,2.029e-03,1.348e-02
81110,1.143e-02,2.012e-03,1.345e-02
81111,1.140e-02,2.012e-03,1.341e-02
81112,1.145e-02,1.995e-03,1.345e-02
81113,1.143e-02,2.021e-03,1.345e-02
81114,1.133e-02,2.046e-03,1.338e-02
81115,1.131e-02,2.029e-03,1.333e-02
81116,1.130e-02,2.081e-03,1.338e-02
81117,1.144e-02,1.977e-03,1.342e-02
81118,1.143e-02,1.960e-03,1.339e-02
81119,1.141e-02,1.995e-03,1.340e-02
81120,1.150e-02,1.969e-03,1.347e-02
81121,1.145e-02,1.995e-03,1.345e-02
81122,1.153e-02,1.995e-03,1.352e-02
81123,1.157e-02,2.038e-03,1.361e-02
81124,1.155e-02,1.986e-03,1.354e-02
81125,1.163e-02,2.003e-03,1.363e-02
81126,1.161e-02,2.003e-03,1.362e-02
81127,1.159e-02,2.055e-03,1.364e-02
81128,1.160e-02,2.003e-03,1.360e-02
81129,1.164e-02,2.064e-03,1.370e-02
81130,1.161e-02,2.064e-03,1.368e-02
81131,1.163e-02,2.090e-03,1.372e-02
81132,1.165e-02,2.141e-03,1.379e-02
81133,1.164e-02,2.167e-03,1.381e-02
81134,1.163e-02,2.107e-03,1.374e-02
81135,1.165e-02,2.090e-03,1.374e-02
81136,1.160e-02,2.055e-03,1.365e-02
81137,1.161e-02,2.115e-03,1.372e-02
81138,1.162e-02,2.159e-03,1.378e-02
81139,1.161e-02,2.107e-03,1.371e-02
81140,1.163e-02,2.159e-03,1.379e-02
81141,1.158e-02,2.202e-03,1.378e-02
81142,1.158e-02,2.202e-03,1.378e-02
81143,1.157e-02,2.167e-03,1.374e-02
81144,1.161e-02,2.193e-03,1.380e-02
81145,1.157e-02,2.167e-03,1.374e-02
81146,1.157e-02,2.184e-03,1.375e-02
81147,1.153e-02,2.202e-03,1.373e-02
81148,1.155e-02,2.202e-03,1.376e-02
81149,1.155e-02,2.184e-03,1.374e-02
81150,1.155e-02,2.219e-03,1.377e-02
81151,1.156e-02,2.245e-03,1.381e-02
81152,1.157e-02,2.288e-03,1.386e-02
81153,1.154e-02,2.288e-03,1.383e-02
81154,1.153e-02,2.279e-03,1.381e-02
81155,1.155e-02,2.271e-03,1.383e-02
81156,1.153e-02,2.184e-03,1.371e-02
81157,1.154e-02,2.202e-03,1.374e-02
81158,1.152e-02,2.124e-03,1.364e-02
81159,1.147e-02,2.090e-03,1.356e-02
81160,1.143e-02,2.150e-03,1.358e-02
81161,1.143e-02,2.159e-03,1.358e-02
81162,1.141e-02,2.184e-03,1.359e-02
81163,1.143e-02,2.184e-03,1.362e-02
81164,1.138e-02,2.202e-03,1.358e-02
81165,1.143e-02,2.219e-03,1.365e-02
81166,1.141e-02,2.176e-03,1.358e-02
81167,1.137e-02,2.219e-03,1.358e-02
81168,1.137e-02,2.228e-03,1.360e-02
81169,1.132e-02,2.202e-03,1.352e-02
81170,1.131e-02,2.193e-03,1.350e-02
81171,1.130e-02,2.219e-03,1.352e-02
81172,1.122e-02,2.210e-03,1.343e-02
81173,1.122e-02,2.245e-03,1.347e-02
81174,1.120e-02,2.210e-03,1.341e-02
81175,1.115e-02,2.210e-03,1.336e-02
81176,1.110e-02,2.245e-03,1.335e-02
81177,1.103e-02,2.245e-03,1.328e-02
81178,1.097e-02,2.202e-03,1.317e-02
81179,1.094e-02,2.150e-03,1.309e-02
81180,1.088e-02,2.202e-03,1.308e-02
81181,1.085e-02,2.184e-03,1.304e-02
81182,1.084e-02,2.150e-03,1.299e-02
81183,1.074e-02,2.150e-03,1.289e-02
81184,1.070e-02,2.167e-03,1.287e-02
81185,1.073e-02,2.141e-03,1.288e-02
81186,1.068e-02,2.115e-03,1.280e-02
81187,1.076e-02,2.124e-03,1.288e-02
81188,1.078e-02,2.115e-03,1.289e-02
81189,1.079e-02,2.107e-03,1.290e-02
81190,1.074e-02,2.090e-03,1.283e-02
81191,1.074e-02,2.133e-03,1.288e-02
81192,1.067e-02,2.124e-03,1.279e-02
81193,1.073e-02,2.081e-03,1.281e-02
81194,1.069e-02,2.124e-03,1.282e-02
81195,1.070e-02,2.115e-03,1.282e-02
81196,1.071e-02,2.133e-03,1.284e-02
81197,1.073e-02,2.124e-03,1.285e-02
81198,1.073e-02,2.098e-03,1.283e-02
81199,1.081e-02,2.072e-03,1.288e-02
81200,1.079e-02,2.072e-03,1.287e-02
81201,1.083e-02,2.072e-03,1.290e-02
81202,1.087e-02,2.038e-03,1.291e-02
81203,1.090e-02,2.021e-03,1.293e-02
81204,1.092e-02,2.012e-03,1.293e-02
81205,1.101e-02,2.029e-03,1.304e-02
81206,1.108e-02,2.029e-03,1.311e-02
81207,1.111e-02,1.977e-03,1.309e-02
81208,1.117e-02,1.969e-03,1.314e-02
81209,1.123e-02,1.952e-03,1.318e-02
81210,1.126e-02,1.952e-03,1.322e-02
81211,1.128e-02,1.943e-03,1.322e-02
81212,1.131e-02,1.917e-03,1.322e-02
81213,1.129e-02,1.943e-03,1.323e-02
81214,1.137e-02,1.900e-03,1.328e-02
81215,1.141e-02,1.943e-03,1.335e-02
81216,1.145e-02,1.977e-03,1.343e-02
81217,1.148e-02,1.943e-03,1.342e-02
81218,1.146e-02,1.908e-03,1.337e-02
81219,1.144e-02,1.934e-03,1.338e-02
81220,1.146e-02,1.926e-03,1.339e-02
81221,1.148e-02,1.952e-03,1.343e-02
81222,1.149e-02,1.943e-03,1.343e-02
81223,1.144e-02,1.934e-03,1.338e-02
81224,1.142e-02,1.986e-03,1.340e-02
81225,1.141e-02,1.969e-03,1.338e-02
81226,1.141e-02,1.977e-03,1.339e-02
81227,1.137e-02,1.952e-03,1.333e-02
81228,1.139e-02,1.960e-03,1.335e-02
81229,1.137e-02,1.926e-03,1.330e-02
81230,1.139e-02,1.952e-03,1.334e-02
81231,1.137e-02,1.952e-03,1.333e-02
81232,1.134e-02,1.995e-03,1.334e-02
81233,1.141e-02,1.960e-03,1.337e-02
81234,1.142e-02,1.943e-03,1.336e-02
81235,1.137e-02,1.952e-03,1.333e-02
81236,1.135e-02,1.969e-03,1.332e-02
81237,1.132e-02,1.960e-03,1.328e-02
81238,1.122e-02,1.977e-03,1.320e-02
81239,1.133e-02,1.952e-03,1.328e-02
81240,1.135e-02,1.969e-03,1.332e-02
81241,1.134e-02,1.969e-03,1.331e-02
81242,1.137e-02,1.943e-03,1.332e-02
81243,1.137e-02,1.960e-03,1.333e-02
81244,1.141e-02,1.995e-03,1.340e-02
81245,1.141e-02,1.977e-03,1.339e-02
81246,1.137e-02,1.952e-03,1.333e-02
81247,1.137e-02,1.952e-03,1.332e-02
81248,1.140e-02,1.943e-03,1.334e-02
81249,1.144e-02,1.926e-03,1.337e-02
81250,1.151e-02,1.952e-03,1.346e-02
81251,1.151e-02,2.003e-03,1.351e-02
81252,1.153e-02,1.943e-03,1.347e-02
81253,1.158e-02,1.995e-03,1.358e-02
