data/rawdat/flt20220903/JNO2_N57_20220903_RA.ict
36, 1001
Michael A. Robinson, Patrick Veres, Ken Aikin
NOAA Chemical Sciences Laboratory
Filter Radiometer (NO2)
CalFiDE
1, 1
2022, 09, 03, 2022, 09, 17
0
TO_Time_UTC, seconds_past_midnight, Time_Start
3
1, 1, 1
-9999, -9999, -9999
jNO2_up, 1/s, GasJvalue_jNO2_InSitu_Downwelling_Full_NO2-O3P
jNO2_down, 1/s, GasJvalue_jNO2_InSitu_Upwelling_Full_NO2-O3P
jNO2_total, 1/s, GasJvalue_jNO2_InSitu_Total_Full_NO2-O3P
1
SPECIAL COMMENTS: N/A
18
PI_CONTACT_INFO: Address: 325 Broadway, Boulder CO 80305
PLATFORM: N57RF Twin Otter
LOCATION: California and Oregon
ASSOCIATED_DATA: N/A
INSTRUMENT_INFO: Filter radiometers
DATA_INFO: Units: 1/s 
UNCERTAINTY: ± 10%
ULOD_FLAG: -7777
ULOD_VALUE: N/A
LLOD_FLAG: -8888
LLOD_VALUE: N/A
DM_CONTACT_INFO: Data Manager: Ken Aikin
PROJECT_INFO: CalFiDE dates of study: August-September, 2022
STIPULATIONS_ON_USE: Users are strongly encouraged to contact the PI for proper data usage.
OTHER_COMMENTS: up means upward looking, down means downward looking, total is the sum of up and down. Calibration done by intercomparison with NCAR HARP instrument.
REVISION: RA
RA: Preliminary data
TO_Time_UTC, jNO2_up, jNO2_down, jNO2_total
[from data line 16889]
82588,1.150e-02,2.012e-03,1.351e-02
82589,1.149e-02,2.064e-03,1.355e-02
82590,1.146e-02,2.046e-03,1.351e-02
82591,1.149e-02,2.038e-03,1.352e-02
82592,1.146e-02,2.021e-03,1.348e-02
82593,1.144e-02,2.012e-03,1.345e-02
82594,1.146e-02,2.029e-03,1.349e-02
82595,1.144e-02,2.029e-03,1.347e-02
82596,1.146e-02,2.029e-03,1.349e-02
82597,1.147e-02,2.046e-03,1.351e-02
82598,1.143e-02,2.012e-03,1.345e-02
82599,1.143e-02,2.064e-03,1.350e-02
82600,1.143e-02,2.021e-03,1.345e-02
82601,1.146e-02,2.081e-03,1.354e-02
82602,1.146e-02,2.038e-03,1.350e-02
82603,1.148e-02,2.072e-03,1.355e-02
82604,1.149e-02,2.055e-03,1.354e-02
82605,1.146e-02,2.064e-03,1.352e-02
82606,1.148e-02,2.072e-03,1.355e-02
82607,1.145e-02,2.090e-03,1.354e-02
82608,1.148e-02,2.090e-03,1.357e-02
82609,1.148e-02,2.107e-03,1.358e-02
82610,1.150e-02,2.072e-03,1.358e-02
82611,1.148e-02,2.081e-03,1.356e-02
82612,1.151e-02,2.141e-03,1.365e-02
82613,1.153e-02,2.124e-03,1.365e-02
82614,1.154e-02,2.184e-03,1.372e-02
82615,1.153e-02,2.184e-03,1.371e-02
82616,1.149e-02,2.115e-03,1.361e-02
82617,1.148e-02,2.115e-03,1.359e-02
82618,1.147e-02,2.090e-03,1.356e-02
82619,1.147e-02,2.133e-03,1.360e-02
82620,1.147e-02,2.107e-03,1.358e-02
82621,1.144e-02,2.133e-03,1.358e-02
82622,1.145e-02,2.133e-03,1.358e-02
82623,1.148e-02,2.141e-03,1.362e-02
82624,1.151e-02,2.159e-03,1.367e-02
82625,1.148e-02,2.167e-03,1.364e-02
82626,1.148e-02,2.159e-03,1.364e-02
82627,1.150e-02,2.193e-03,1.370e-02
82628,1.149e-02,2.219e-03,1.371e-02
82629,1.149e-02,2.228e-03,1.371e-02
82630,1.149e-02,2.219e-03,1.371e-02
82631,1.153e-02,2.245e-03,1.377e-02
82632,1.150e-02,2.210e-03,1.371e-02
82633,1.152e-02,2.253e-03,1.377e-02
82634,1.151e-02,2.297e-03,1.381e-02
82635,1.149e-02,2.279e-03,1.377e-02
82636,1.149e-02,2.271e-03,1.377e-02
82637,1.149e-02,2.305e-03,1.379e-02
82638,1.151e-02,2.314e-03,1.383e-02
82639,1.147e-02,2.305e-03,1.377e-02
82640,1.143e-02,2.340e-03,1.377e-02
82641,1.145e-02,2.322e-03,1.377e-02
82642,1.144e-02,2.340e-03,1.378e-02
82643,1.146e-02,2.409e-03,1.387e-02
82644,1.146e-02,2.357e-03,1.382e-02
82645,1.144e-02,2.409e-03,1.385e-02
82646,1.144e-02,2.391e-03,1.383e-02
82647,1.148e-02,2.452e-03,1.393e-02
82648,1.149e-02,2.426e-03,1.392e-02
82649,1.149e-02,2.529e-03,1.401e-02
82650,1.149e-02,2.469e-03,1.395e-02
82651,1.151e-02,2.547e-03,1.406e-02
82652,1.151e-02,2.581e-03,1.409e-02
82653,1.151e-02,2.598e-03,1.411e-02
82654,1.152e-02,2.642e-03,1.416e-02
82655,1.149e-02,2.598e-03,1.408e-02
82656,1.151e-02,2.650e-03,1.416e-02
82657,1.151e-02,2.667e-03,1.418e-02
82658,1.149e-02,2.685e-03,1.417e-02
82659,1.148e-02,2.642e-03,1.412e-02
82660,1.147e-02,2.676e-03,1.414e-02
82661,1.151e-02,2.728e-03,1.424e-02
82662,1.149e-02,2.762e-03,1.425e-02
82663,1.149e-02,2.710e-03,1.420e-02
82664,1.148e-02,2.702e-03,1.418e-02
82665,1.143e-02,2.736e-03,1.417e-02
82666,1.142e-02,2.659e-03,1.408e-02
82667,1.145e-02,2.728e-03,1.418e-02
82668,1.146e-02,2.710e-03,1.417e-02
82669,1.147e-02,2.736e-03,1.421e-02
82670,1.146e-02,2.771e-03,1.423e-02
82671,1.144e-02,2.745e-03,1.419e-02
82672,1.148e-02,2.754e-03,1.423e-02
82673,1.149e-02,2.736e-03,1.423e-02
82674,1.153e-02,2.797e-03,1.433e-02
82675,1.153e-02,2.788e-03,1.432e-02
82676,1.152e-02,2.823e-03,1.434e-02
82677,1.154e-02,2.797e-03,1.434e-02
82678,1.154e-02,2.840e-03,1.439e-02
82679,1.153e-02,2.909e-03,1.444e-02
82680,1.155e-02,2.831e-03,1.439e-02
82681,1.154e-02,2.866e-03,1.441e-02
82682,1.153e-02,2.831e-03,1.436e-02
82683,1.152e-02,2.857e-03,1.438e-02
82684,1.152e-02,2.917e-03,1.444e-02
82685,1.152e-02,2.874e-03,1.439e-02
82686,1.151e-02,2.857e-03,1.437e-02
82687,1.153e-02,2.892e-03,1.442e-02
82688,1.151e-02,2.874e-03,1.439e-02
82689,1.151e-02,2.943e-03,1.445e-02
82690,1.153e-02,2.917e-03,1.444e-02
82691,1.154e-02,2.952e-03,1.450e-02
82692,1.153e-02,2.943e-03,1.447e-02
82693,1.154e-02,2.926e-03,1.446e-02
82694,1.154e-02,2.943e-03,1.449e-02
82695,1.155e-02,3.012e-03,1.457e-02
82696,1.153e-02,3.004e-03,1.453e-02
82697,1.153e-02,2.943e-03,1.447e-02
82698,1.154e-02,2.995e-03,1.453e-02
82699,1.153e-02,3.012e-03,1.454e-02
82700,1.154e-02,2.986e-03,1.452e-02
82701,1.154e-02,3.030e-03,1.457e-02
82702,1.154e-02,3.004e-03,1.455e-02
82703,1.155e-02,3.012e-03,1.457e-02
82704,1.153e-02,3.012e-03,1.454e-02
82705,1.150e-02,3.038e-03,1.454e-02
82706,1.157e-02,3.012e-03,1.458e-02
82707,1.157e-02,3.055e-03,1.463e-02
82708,1.160e-02,3.116e-03,1.471e-02
82709,1.159e-02,3.064e-03,1.465e-02
82710,1.161e-02,3.055e-03,1.466e-02
82711,1.154e-02,3.055e-03,1.459e-02
82712,1.155e-02,3.073e-03,1.463e-02
82713,1.154e-02,3.047e-03,1.459e-02
82714,1.150e-02,3.030e-03,1.453e-02
82715,1.151e-02,3.047e-03,1.456e-02
82716,1.151e-02,3.047e-03,1.456e-02
82717,1.154e-02,3.055e-03,1.460e-02
82718,1.156e-02,3.055e-03,1.462e-02
82719,1.154e-02,3.047e-03,1.458e-02
82720,1.148e-02,3.081e-03,1.456e-02
82721,1.148e-02,3.107e-03,1.458e-02
82722,1.149e-02,3.099e-03,1.459e-02
82723,1.147e-02,3.073e-03,1.454e-02
82724,1.150e-02,3.159e-03,1.466e-02
82725,1.154e-02,3.150e-03,1.469e-02
82726,1.150e-02,3.185e-03,1.469e-02
82727,1.153e-02,3.211e-03,1.474e-02
82728,1.145e-02,3.211e-03,1.466e-02
82729,1.149e-02,3.211e-03,1.470e-02
82730,1.146e-02,3.219e-03,1.468e-02
82731,1.137e-02,3.262e-03,1.464e-02
82732,1.141e-02,3.193e-03,1.460e-02
82733,1.151e-02,3.254e-03,1.477e-02
82734,1.154e-02,3.211e-03,1.476e-02
82735,1.153e-02,3.245e-03,1.477e-02
82736,1.153e-02,3.228e-03,1.476e-02
82737,1.154e-02,3.176e-03,1.471e-02
82738,1.154e-02,3.228e-03,1.477e-02
82739,1.156e-02,3.193e-03,1.476e-02
82740,1.150e-02,3.133e-03,1.464e-02
82741,1.147e-02,3.124e-03,1.459e-02
82742,1.143e-02,3.150e-03,1.458e-02
82743,1.138e-02,3.150e-03,1.453e-02
82744,1.143e-02,3.142e-03,1.458e-02
82745,1.144e-02,3.159e-03,1.460e-02
82746,1.145e-02,3.185e-03,1.464e-02
82747,1.147e-02,3.228e-03,1.470e-02
82748,1.149e-02,3.150e-03,1.464e-02
82749,1.148e-02,3.073e-03,1.455e-02
82750,1.149e-02,3.038e-03,1.452e-02
82751,1.149e-02,3.004e-03,1.449e-02
82752,1.149e-02,2.978e-03,1.447e-02
82753,1.149e-02,2.926e-03,1.441e-02
82754,1.154e-02,2.892e-03,1.443e-02
82755,1.154e-02,2.892e-03,1.444e-02
82756,1.158e-02,2.840e-03,1.442e-02
82757,1.161e-02,2.814e-03,1.443e-02
82758,1.158e-02,2.762e-03,1.434e-02
82759,1.127e-02,2.676e-03,1.395e-02
82760,1.154e-02,2.616e-03,1.415e-02
82761,1.038e-02,2.486e-03,1.286e-02
82762,1.074e-02,2.452e-03,1.320e-02
82763,1.161e-02,2.426e-03,1.403e-02
82764,1.112e-02,2.417e-03,1.354e-02
82765,1.136e-02,2.486e-03,1.384e-02
82766,1.153e-02,2.564e-03,1.409e-02
82767,1.145e-02,2.616e-03,1.407e-02
82768,1.137e-02,2.693e-03,1.406e-02
82769,1.122e-02,2.892e-03,1.411e-02
82770,1.139e-02,2.986e-03,1.438e-02
82771,1.136e-02,3.012e-03,1.437e-02
82772,1.136e-02,2.978e-03,1.434e-02
82773,1.140e-02,2.978e-03,1.438e-02
82774,1.138e-02,2.926e-03,1.431e-02
82775,1.137e-02,2.969e-03,1.434e-02
82776,1.143e-02,2.935e-03,1.436e-02
82777,1.140e-02,3.004e-03,1.440e-02
82778,1.143e-02,3.055e-03,1.448e-02
82779,1.144e-02,3.081e-03,1.452e-02
82780,1.142e-02,3.133e-03,1.455e-02
82781,1.141e-02,3.133e-03,1.454e-02
82782,1.141e-02,3.211e-03,1.462e-02
82783,1.142e-02,3.245e-03,1.466e-02
82784,1.147e-02,3.280e-03,1.475e-02
82785,1.146e-02,3.400e-03,1.486e-02
82786,1.147e-02,3.375e-03,1.484e-02
82787,1.149e-02,3.409e-03,1.490e-02
82788,1.146e-02,3.444e-03,1.490e-02
82789,1.149e-02,3.495e-03,1.498e-02
82790,1.147e-02,3.530e-03,1.500e-02
82791,1.150e-02,3.547e-03,1.505e-02
82792,1.150e-02,3.556e-03,1.506e-02
82793,1.153e-02,3.538e-03,1.507e-02
82794,1.150e-02,3.547e-03,1.505e-02
82795,1.154e-02,3.556e-03,1.510e-02
82796,1.149e-02,3.530e-03,1.502e-02
82797,1.154e-02,3.599e-03,1.514e-02
82798,1.155e-02,3.581e-03,1.513e-02
82799,1.153e-02,3.556e-03,1.508e-02
82800,1.154e-02,3.599e-03,1.514e-02
82801,1.154e-02,3.556e-03,1.510e-02
82802,1.154e-02,3.530e-03,1.507e-02
82803,1.158e-02,3.461e-03,1.504e-02
82804,1.153e-02,3.392e-03,1.492e-02
82805,1.151e-02,3.375e-03,1.489e-02
82806,1.154e-02,3.306e-03,1.485e-02
82807,1.154e-02,3.228e-03,1.477e-02
82808,1.152e-02,3.150e-03,1.467e-02
82809,1.151e-02,3.176e-03,1.469e-02
82810,1.154e-02,3.168e-03,1.470e-02
82811,1.153e-02,2.986e-03,1.451e-02
82812,1.151e-02,2.823e-03,1.433e-02
82813,1.156e-02,2.573e-03,1.414e-02
82814,1.159e-02,2.202e-03,1.379e-02
82815,1.028e-02,2.210e-03,1.249e-02
82816,9.044e-03,2.072e-03,1.112e-02
82817,1.166e-02,2.486e-03,1.414e-02
82818,1.161e-02,2.745e-03,1.436e-02
82819,1.154e-02,3.047e-03,1.458e-02
82820,1.153e-02,3.030e-03,1.456e-02
82821,1.156e-02,3.107e-03,1.467e-02
82822,1.155e-02,3.211e-03,1.477e-02
82823,1.150e-02,3.306e-03,1.481e-02
82824,1.149e-02,3.340e-03,1.483e-02
82825,1.150e-02,3.375e-03,1.488e-02
82826,1.149e-02,3.375e-03,1.486e-02
82827,1.148e-02,3.392e-03,1.487e-02
82828,1.148e-02,3.383e-03,1.486e-02
82829,1.150e-02,3.409e-03,1.491e-02
82830,1.148e-02,3.375e-03,1.485e-02
82831,1.149e-02,3.444e-03,1.493e-02
82832,1.151e-02,3.392e-03,1.490e-02
82833,1.151e-02,3.444e-03,1.495e-02
82834,1.150e-02,3.495e-03,1.500e-02
82835,1.151e-02,3.512e-03,1.502e-02
82836,1.151e-02,3.504e-03,1.502e-02
82837,1.152e-02,3.538e-03,1.506e-02
82838,1.152e-02,3.581e-03,1.510e-02
82839,1.151e-02,3.581e-03,1.509e-02
82840,1.153e-02,3.590e-03,1.512e-02
82841,1.154e-02,3.607e-03,1.515e-02
82842,1.154e-02,3.581e-03,1.512e-02
82843,1.154e-02,3.590e-03,1.513e-02
82844,1.155e-02,3.581e-03,1.513e-02
82845,1.154e-02,3.538e-03,1.508e-02
82846,1.156e-02,3.547e-03,1.511e-02
82847,1.155e-02,3.530e-03,1.508e-02
82848,1.161e-02,3.564e-03,1.518e-02
82849,1.167e-02,3.607e-03,1.527e-02
82850,1.172e-02,3.668e-03,1.538e-02
82851,1.171e-02,3.650e-03,1.536e-02
82852,1.170e-02,3.676e-03,1.537e-02
82853,1.167e-02,3.676e-03,1.534e-02
82854,1.168e-02,3.694e-03,1.538e-02
82855,1.168e-02,3.685e-03,1.537e-02
82856,1.168e-02,3.728e-03,1.541e-02
82857,1.166e-02,3.711e-03,1.537e-02
82858,1.165e-02,3.685e-03,1.533e-02
82859,1.167e-02,3.745e-03,1.541e-02
82860,1.164e-02,3.711e-03,1.535e-02
82861,1.166e-02,3.685e-03,1.534e-02
82862,1.165e-02,3.625e-03,1.527e-02
82863,1.167e-02,3.625e-03,1.529e-02
82864,1.163e-02,3.581e-03,1.521e-02
82865,1.165e-02,3.581e-03,1.523e-02
82866,1.162e-02,3.573e-03,1.520e-02
82867,1.159e-02,3.556e-03,1.514e-02
82868,1.161e-02,3.521e-03,1.513e-02
82869,1.158e-02,3.512e-03,1.509e-02
82870,1.148e-02,3.452e-03,1.493e-02
82871,1.137e-02,3.435e-03,1.481e-02
82872,1.124e-02,3.383e-03,1.462e-02
82873,1.117e-02,3.375e-03,1.454e-02
82874,1.107e-02,3.392e-03,1.446e-02
82875,1.101e-02,3.340e-03,1.435e-02
82876,1.096e-02,3.331e-03,1.429e-02
82877,1.097e-02,3.314e-03,1.428e-02
82878,1.094e-02,3.331e-03,1.427e-02
82879,1.097e-02,3.331e-03,1.430e-02
82880,1.093e-02,3.314e-03,1.425e-02
82881,1.093e-02,3.357e-03,1.429e-02
82882,1.092e-02,3.314e-03,1.424e-02
82883,1.098e-02,3.314e-03,1.430e-02
82884,1.096e-02,3.323e-03,1.428e-02
82885,1.099e-02,3.288e-03,1.428e-02
82886,1.103e-02,3.314e-03,1.434e-02
82887,1.107e-02,3.314e-03,1.438e-02
82888,1.110e-02,3.323e-03,1.442e-02
82889,1.114e-02,3.306e-03,1.444e-02
82890,1.122e-02,3.349e-03,1.457e-02
82891,1.130e-02,3.314e-03,1.461e-02
82892,1.136e-02,3.357e-03,1.472e-02
82893,1.141e-02,3.375e-03,1.478e-02
82894,1.141e-02,3.383e-03,1.479e-02
82895,1.144e-02,3.375e-03,1.482e-02
82896,1.149e-02,3.444e-03,1.493e-02
82897,1.149e-02,3.392e-03,1.488e-02
82898,1.150e-02,3.452e-03,1.495e-02
82899,1.149e-02,3.392e-03,1.488e-02
82900,1.148e-02,3.452e-03,1.493e-02
82901,1.145e-02,3.444e-03,1.490e-02
82902,1.147e-02,3.495e-03,1.496e-02
82903,1.141e-02,3.495e-03,1.490e-02
82904,1.139e-02,3.538e-03,1.493e-02
82905,1.137e-02,3.556e-03,1.492e-02
82906,1.145e-02,3.530e-03,1.498e-02
82907,1.141e-02,3.573e-03,1.498e-02
82908,1.149e-02,3.633e-03,1.513e-02
82909,1.141e-02,3.642e-03,1.505e-02
82910,1.139e-02,3.556e-03,1.495e-02
82911,1.144e-02,3.564e-03,1.501e-02
82912,1.144e-02,3.547e-03,1.499e-02
82913,1.149e-02,3.547e-03,1.503e-02
82914,1.143e-02,3.512e-03,1.495e-02
82915,1.162e-02,3.504e-03,1.513e-02
82916,1.157e-02,3.512e-03,1.508e-02
82917,1.147e-02,3.487e-03,1.496e-02
82918,1.147e-02,3.469e-03,1.494e-02
82919,1.144e-02,3.392e-03,1.484e-02
82920,1.145e-02,3.375e-03,1.483e-02
82921,1.147e-02,3.280e-03,1.475e-02
82922,1.146e-02,3.288e-03,1.475e-02
82923,1.143e-02,3.254e-03,1.469e-02
82924,1.138e-02,3.202e-03,1.459e-02
82925,1.135e-02,3.219e-03,1.457e-02
82926,1.137e-02,3.193e-03,1.457e-02
82927,1.137e-02,3.219e-03,1.459e-02
82928,1.137e-02,3.254e-03,1.463e-02
82929,1.139e-02,3.228e-03,1.462e-02
82930,1.138e-02,3.219e-03,1.460e-02
82931,1.139e-02,3.193e-03,1.458e-02
82932,1.134e-02,3.211e-03,1.455e-02
82933,1.132e-02,3.219e-03,1.454e-02
82934,1.137e-02,3.262e-03,1.463e-02
82935,1.136e-02,3.193e-03,1.455e-02
82936,1.133e-02,3.288e-03,1.462e-02
82937,1.135e-02,3.262e-03,1.461e-02
82938,1.135e-02,3.262e-03,1.461e-02
82939,1.134e-02,3.254e-03,1.460e-02
82940,1.132e-02,3.254e-03,1.458e-02
82941,1.137e-02,3.254e-03,1.463e-02
82942,1.137e-02,3.288e-03,1.465e-02
82943,1.135e-02,3.306e-03,1.465e-02
82944,1.134e-02,3.340e-03,1.468e-02
82945,1.139e-02,3.314e-03,1.471e-02
82946,1.140e-02,3.400e-03,1.480e-02
82947,1.137e-02,3.340e-03,1.471e-02
82948,1.137e-02,3.400e-03,1.477e-02
82949,1.134e-02,3.418e-03,1.476e-02
82950,1.139e-02,3.357e-03,1.475e-02
82951,1.139e-02,3.426e-03,1.482e-02
82952,1.139e-02,3.426e-03,1.482e-02
82953,1.137e-02,3.418e-03,1.478e-02
82954,1.134e-02,3.400e-03,1.474e-02
82955,1.134e-02,3.478e-03,1.482e-02
82956,1.134e-02,3.478e-03,1.482e-02
82957,1.136e-02,3.512e-03,1.487e-02
82958,1.133e-02,3.512e-03,1.484e-02
82959,1.134e-02,3.538e-03,1.488e-02
82960,1.134e-02,3.556e-03,1.490e-02
82961,1.136e-02,3.547e-03,1.490e-02
82962,1.132e-02,3.556e-03,1.487e-02
82963,1.134e-02,3.573e-03,1.491e-02
82964,1.132e-02,3.616e-03,1.493e-02
82965,1.131e-02,3.607e-03,1.491e-02
82966,1.132e-02,3.581e-03,1.490e-02
82967,1.132e-02,3.607e-03,1.492e-02
82968,1.132e-02,3.694e-03,1.501e-02
82969,1.131e-02,3.694e-03,1.500e-02
82970,1.130e-02,3.685e-03,1.498e-02
82971,1.132e-02,3.719e-03,1.504e-02
82972,1.128e-02,3.711e-03,1.499e-02
82973,1.131e-02,3.719e-03,1.503e-02
82974,1.128e-02,3.737e-03,1.502e-02
82975,1.135e-02,3.788e-03,1.514e-02
82976,1.131e-02,3.745e-03,1.505e-02
82977,1.133e-02,3.771e-03,1.510e-02
82978,1.137e-02,3.823e-03,1.519e-02
82979,1.132e-02,3.788e-03,1.511e-02
82980,1.134e-02,3.814e-03,1.516e-02
82981,1.132e-02,3.823e-03,1.515e-02
82982,1.132e-02,3.892e-03,1.521e-02
82983,1.128e-02,3.814e-03,1.509e-02
82984,1.127e-02,3.875e-03,1.515e-02
82985,1.125e-02,3.840e-03,1.509e-02
82986,1.125e-02,3.857e-03,1.511e-02
82987,1.124e-02,3.823e-03,1.506e-02
82988,1.124e-02,3.797e-03,1.503e-02
82989,1.120e-02,3.797e-03,1.499e-02
82990,1.124e-02,3.806e-03,1.504e-02
82991,1.121e-02,3.832e-03,1.504e-02
82992,1.113e-02,3.737e-03,1.486e-02
82993,1.115e-02,3.745e-03,1.490e-02
82994,1.121e-02,3.719e-03,1.493e-02
82995,1.121e-02,3.728e-03,1.494e-02
82996,1.123e-02,3.745e-03,1.498e-02
82997,1.119e-02,3.728e-03,1.492e-02
82998,1.117e-02,3.719e-03,1.489e-02
82999,1.114e-02,3.668e-03,1.480e-02
83000,1.120e-02,3.650e-03,1.485e-02
83001,1.120e-02,3.702e-03,1.490e-02
83002,1.119e-02,3.694e-03,1.488e-02
83003,1.115e-02,3.694e-03,1.485e-02
83004,1.116e-02,3.702e-03,1.486e-02
83005,1.118e-02,3.694e-03,1.487e-02
83006,1.118e-02,3.685e-03,1.486e-02
83007,1.122e-02,3.668e-03,1.489e-02
83008,1.122e-02,3.676e-03,1.490e-02
83009,1.120e-02,3.676e-03,1.487e-02
83010,1.120e-02,3.694e-03,1.489e-02
83011,1.121e-02,3.694e-03,1.491e-02
83012,1.121e-02,3.685e-03,1.490e-02
83013,1.120e-02,3.728e-03,1.493e-02
83014,1.119e-02,3.711e-03,1.490e-02
83015,1.118e-02,3.763e-03,1.494e-02
83016,1.116e-02,3.737e-03,1.490e-02
83017,1.115e-02,3.745e-03,1.490e-02
83018,1.110e-02,3.737e-03,1.484e-02
83019,1.112e-02,3.806e-03,1.493e-02
83020,1.108e-02,3.771e-03,1.485e-02
83021,1.109e-02,3.806e-03,1.490e-02
83022,1.106e-02,3.892e-03,1.495e-02
83023,1.111e-02,3.978e-03,1.509e-02
83024,1.108e-02,4.013e-03,1.509e-02
83025,1.107e-02,4.047e-03,1.511e-02
83026,1.105e-02,4.013e-03,1.506e-02
83027,1.103e-02,3.944e-03,1.498e-02
83028,1.104e-02,3.875e-03,1.492e-02
83029,1.103e-02,3.814e-03,1.484e-02
83030,1.106e-02,3.780e-03,1.484e-02
83031,1.103e-02,3.814e-03,1.485e-02
