data/rawdat/flt20220903/NOAAPicarro-CO2-CH4-CO-H2O_N57_20220903_R0.ict
42, 1001
Jeff Peischl
NOAA ESRL Chemical Sciences Laboratory
Picarro 2401-m CO2/CH4/CO/H2O Analyzer
CalFiDE
1, 1
2022, 09, 03, 2023, 02, 15
1
TO_Time_UTC, seconds, UTC, seconds_past_midnight
8
1, 1, 1, 1, 1, 1, 1, 1
-9999, -9999, -9999, -9999, -9999, -9999, -9999, -9999
CO2_ppm, ppm, Gas_CO2_InSitu_S_DMF
CO2_i_ppm, ppm, Gas_CO2_InSitu_S_DMF
CH4_ppb, ppb, Gas_CH4_InSitu_S_DMF
CH4_i_ppb, ppb, Gas_CH4_InSitu_S_DMF
CO_ppb, ppb, Gas_CO_InSitu_S_DMF
CO_i_ppb, ppb, Gas_CO_InSitu_S_DMF
H2O_pct, percent, Gas_H2O_InSitu_S_DMF
H2O_i_pct, percent, Gas_H2O_InSitu_S_DMF
1
SPECIAL COMMENTS: N/A
19
PI_CONTACT_INFO: Address: NOAA Chemical Sciences Laboratory, Mail Stop R/CSL7, 325 Broadway, Boulder, CO  80305, email: jeff.peischl@noaa.gov
PLATFORM: NOAA Twin Otter N57RF
LOCATION: The aircraft was stationed in Sacramento, CA, and Redding, CA
ASSOCIATED_DATA: N/A
INSTRUMENT_INFO: Wavelength-Scanned Cavity Ringdown Spectrometry
DATA_INFO: Units: ppm: parts per million dry air mole fraction; ppb: parts per billion dry air mole fraction; pct: percent by volume 
UNCERTAINTY: CO2: ±(0.4 ppm + 1%), CH4: ±(0.4 ppb + 1%), CO: ±(6 ppb + 1%), H2O: ±(0.1 pct + 1%).
ULOD_FLAG: -7777
ULOD_VALUE: N/A
LLOD_FLAG: -8888
LLOD_VALUE: N/A
DM_CONTACT_INFO: Data Manager: Ken Aikin, kenneth.c.aikin@noaa.gov
PROJECT_INFO: CalFiDE dates of study: August 28 - September 26, 2022
STIPULATIONS_ON_USE: According to the NOAA data protocol. Users are should contact the PI for proper data usage.
OTHER_COMMENTS: Data are measured at irregular intervals. Data without _i_ in the header are rounded to the nearest second. Data with _i_ are interpolated onto each second.
REVISION: R0
R0: final data
RA: preliminary data
TO_Time_UTC, CO2_ppm, CO2_i_ppm, CH4_ppb, CH4_i_ppb, CO_ppb, CO_i_ppb, H2O_pct, H2O_i_pct
[from data line 20237]
85936.0, 414.25, 414.25, 1939.2, 1939.2, -9999.0, 71.3, -9999.000, 0.307
85937.0, -9999.00, 414.24, -9999.0, 1939.4, 72.2, 72.2, -9999.000, 0.307
85938.0, 414.24, 414.24, 1939.7, 1939.6, -9999.0, 72.2, 0.308, 0.308
85939.0, -9999.00, 414.22, -9999.0, 1940.1, 72.3, 72.2, -9999.000, 0.307
85940.0, 414.19, 414.20, -9999.0, 1940.7, -9999.0, 72.6, 0.307, 0.307
85941.0, -9999.00, 414.19, 1941.1, 1941.2, -9999.0, 73.1, -9999.000, 0.307
85942.0, -9999.00, 414.19, -9999.0, 1941.2, 73.3, 73.6, 0.307, 0.307
85943.0, 414.19, 414.19, 1941.3, 1941.3, -9999.0, 74.2, -9999.000, 0.306
85944.0, -9999.00, 414.18, -9999.0, 1941.6, 74.7, 74.8, -9999.000, 0.305
85945.0, 414.17, 414.17, 1942.0, 1941.9, -9999.0, 75.4, 0.305, 0.305
85946.0, -9999.00, 414.18, -9999.0, 1941.9, 76.2, 76.1, -9999.000, 0.305
85947.0, 414.19, 414.19, -9999.0, 1941.8, -9999.0, 75.5, 0.306, 0.306
85948.0, -9999.00, 414.20, 1941.7, 1941.6, -9999.0, 74.5, -9999.000, 0.306
85949.0, 414.20, 414.20, -9999.0, 1941.4, 74.0, 73.0, 0.306, 0.306
85950.0, -9999.00, 414.20, 1941.2, 1941.2, -9999.0, 70.6, -9999.000, 0.306
85951.0, -9999.00, 414.18, -9999.0, 1941.7, 68.6, 68.8, -9999.000, 0.306
85952.0, 414.17, 414.17, 1942.3, 1942.2, -9999.0, 69.8, 0.306, 0.305
85953.0, -9999.00, 414.17, -9999.0, 1942.0, 70.9, 70.8, -9999.000, 0.305
85954.0, 414.18, 414.18, -9999.0, 1941.6, -9999.0, 72.8, 0.305, 0.305
85955.0, -9999.00, 414.15, 1941.4, 1941.5, 76.0, 75.1, -9999.000, 0.305
85956.0, 414.11, 414.12, -9999.0, 1941.7, -9999.0, 75.7, 0.305, 0.305
85957.0, -9999.00, 414.08, 1941.9, 1942.0, -9999.0, 75.1, -9999.000, 0.305
85958.0, -9999.00, 414.02, -9999.0, 1943.0, 74.7, 75.0, 0.304, 0.305
85959.0, 413.99, 413.98, 1944.0, 1943.9, -9999.0, 76.0, -9999.000, 0.305
85960.0, -9999.00, 413.96, -9999.0, 1944.0, 76.9, 76.9, -9999.000, 0.306
85961.0, 413.94, 413.93, 1944.1, 1944.1, -9999.0, 74.8, 0.307, 0.306
85962.0, -9999.00, 413.91, -9999.0, 1943.8, 72.1, 72.7, -9999.000, 0.306
85963.0, 413.88, 413.88, -9999.0, 1943.2, -9999.0, 72.7, 0.306, 0.306
85964.0, -9999.00, 413.88, 1942.9, 1942.9, -9999.0, 73.6, -9999.000, 0.306
85965.0, -9999.00, 413.88, -9999.0, 1942.9, 74.1, 74.5, 0.306, 0.306
85966.0, 413.88, 413.87, 1943.0, 1943.0, -9999.0, 75.4, -9999.000, 0.306
85967.0, -9999.00, 413.86, -9999.0, 1943.3, 76.2, 76.1, -9999.000, 0.306
85968.0, 413.84, 413.85, 1943.6, 1943.5, -9999.0, 75.3, 0.306, 0.306
85969.0, -9999.00, 413.87, -9999.0, 1943.7, 74.4, 74.6, -9999.000, 0.306
85970.0, 413.89, 413.89, -9999.0, 1943.9, -9999.0, 72.5, 0.307, 0.307
85971.0, -9999.00, 413.83, 1944.0, 1944.0, 69.0, 70.2, -9999.000, 0.307
85972.0, 413.74, 413.77, -9999.0, 1943.9, -9999.0, 70.9, 0.307, 0.307
85973.0, -9999.00, 413.73, 1943.8, 1943.8, -9999.0, 74.4, -9999.000, 0.307
85974.0, -9999.00, 413.71, -9999.0, 1943.8, 77.1, 76.8, 0.308, 0.307
85975.0, 413.70, 413.70, 1943.8, 1943.8, -9999.0, 75.5, -9999.000, 0.308
85976.0, -9999.00, 413.70, -9999.0, 1943.7, 74.1, 74.2, -9999.000, 0.309
85977.0, 413.71, 413.71, 1943.7, 1943.7, -9999.0, 76.0, 0.310, 0.310
85978.0, -9999.00, 413.72, -9999.0, 1943.7, 78.7, 78.0, -9999.000, 0.309
85979.0, 413.73, 413.72, -9999.0, 1943.7, -9999.0, 77.4, 0.308, 0.308
85980.0, -9999.00, 413.72, 1943.6, 1943.6, -9999.0, 75.5, -9999.000, 0.308
85981.0, -9999.00, 413.72, -9999.0, 1943.3, 74.3, 74.5, 0.308, 0.308
85982.0, 413.71, 413.73, 1943.0, 1943.0, -9999.0, 74.9, -9999.000, 0.308
85983.0, -9999.00, 413.78, -9999.0, 1942.1, 75.3, 75.4, -9999.000, 0.308
85984.0, 413.81, 413.81, 1941.0, 1941.3, -9999.0, 76.5, 0.308, 0.309
85985.0, -9999.00, 413.82, -9999.0, 1940.6, 77.8, 77.6, -9999.000, 0.310
85986.0, 413.82, 413.82, -9999.0, 1939.9, -9999.0, 75.0, 0.311, 0.311
85987.0, -9999.00, 413.87, 1939.5, 1939.0, 70.1, 71.7, -9999.000, 0.312
85988.0, 413.95, 413.93, -9999.0, 1937.6, -9999.0, 68.9, 0.313, 0.313
85989.0, -9999.00, 413.96, 1936.4, 1936.0, -9999.0, 66.5, -9999.000, 0.315
85990.0, -9999.00, 414.00, -9999.0, 1932.0, 64.7, 64.9, 0.318, 0.317
85991.0, 414.02, 414.01, 1927.2, 1928.1, -9999.0, 65.7, -9999.000, 0.320
85992.0, -9999.00, 413.98, -9999.0, 1927.5, 66.6, 66.5, -9999.000, 0.322
85993.0, 413.94, 413.94, 1928.0, 1927.8, -9999.0, 66.5, 0.324, 0.325
85994.0, -9999.00, 413.83, -9999.0, 1928.1, 66.4, 66.4, -9999.000, 0.328
85995.0, 413.69, 413.72, -9999.0, 1928.3, -9999.0, 66.6, 0.332, 0.331
85996.0, -9999.00, 413.66, 1928.5, 1928.5, -9999.0, 67.0, -9999.000, 0.334
85997.0, -9999.00, 413.61, -9999.0, 1928.4, 67.3, 67.2, 0.336, 0.336
85998.0, 413.58, 413.59, 1928.3, 1928.3, -9999.0, 67.0, -9999.000, 0.337
85999.0, -9999.00, 413.61, -9999.0, 1928.2, 66.8, 66.9, -9999.000, 0.338
86000.0, 413.63, 413.63, 1928.0, 1928.0, -9999.0, 70.3, 0.338, 0.338
86001.0, -9999.00, 413.68, -9999.0, 1927.9, 74.4, 73.6, -9999.000, 0.337
86002.0, 413.73, 413.72, -9999.0, 1927.7, -9999.0, 72.2, 0.337, 0.336
86003.0, -9999.00, 413.74, 1927.6, 1927.8, -9999.0, 69.1, -9999.000, 0.335
86004.0, 413.76, 413.76, -9999.0, 1928.4, 67.5, 67.1, 0.333, 0.333
86005.0, -9999.00, 413.75, 1928.9, 1929.1, -9999.0, 66.0, -9999.000, 0.331
86006.0, -9999.00, 413.73, -9999.0, 1931.7, 65.2, 65.6, -9999.000, 0.328
86007.0, 413.71, 413.70, 1935.0, 1934.3, -9999.0, 68.7, 0.327, 0.326
86008.0, -9999.00, 413.69, -9999.0, 1935.4, 72.2, 71.7, -9999.000, 0.324
86009.0, 413.67, 413.67, -9999.0, 1936.0, -9999.0, 69.3, 0.322, 0.322
86010.0, -9999.00, 413.68, 1936.4, 1936.2, 64.4, 65.9, -9999.000, 0.322
86011.0, 413.70, 413.69, -9999.0, 1936.0, -9999.0, 66.0, 0.322, 0.322
86012.0, -9999.00, 413.70, 1935.7, 1935.8, -9999.0, 68.7, -9999.000, 0.321
86013.0, -9999.00, 413.71, -9999.0, 1936.3, 70.7, 71.9, 0.319, 0.319
86014.0, 413.72, 413.71, 1937.0, 1936.9, -9999.0, 76.5, -9999.000, 0.319
86015.0, -9999.00, 413.71, -9999.0, 1936.7, 81.4, 81.1, -9999.000, 0.320
86016.0, 413.70, 413.70, 1936.2, 1936.3, -9999.0, 74.4, 0.320, 0.320
86017.0, -9999.00, 413.73, -9999.0, 1936.1, 64.2, 66.8, -9999.000, 0.319
86018.0, 413.76, 413.75, -9999.0, 1935.8, -9999.0, 66.9, 0.319, 0.319
86019.0, -9999.00, 413.75, 1935.7, 1935.7, -9999.0, 71.0, -9999.000, 0.319
86020.0, -9999.00, 413.74, -9999.0, 1935.9, 73.7, 73.7, 0.319, 0.319
86021.0, 413.73, 413.72, 1936.1, 1936.1, -9999.0, 73.5, -9999.000, 0.319
86022.0, -9999.00, 413.71, -9999.0, 1936.1, 73.4, 73.4, -9999.000, 0.319
86023.0, 413.70, 413.71, 1936.0, 1936.0, -9999.0, 72.4, 0.318, 0.318
86024.0, -9999.00, 413.73, -9999.0, 1935.4, 71.1, 71.3, -9999.000, 0.319
86025.0, 413.75, 413.75, -9999.0, 1934.6, -9999.0, 69.5, 0.319, 0.319
86026.0, -9999.00, 413.76, 1933.9, 1933.9, -9999.0, 67.3, -9999.000, 0.319
86027.0, 413.76, 413.76, -9999.0, 1933.7, 66.0, 66.9, 0.320, 0.320
86028.0, -9999.00, 413.76, 1933.5, 1933.5, -9999.0, 68.9, -9999.000, 0.320
86029.0, -9999.00, 413.76, -9999.0, 1933.4, 70.6, 70.1, -9999.000, 0.320
86030.0, 413.76, 413.78, 1933.3, 1933.3, -9999.0, 66.7, 0.320, 0.321
86031.0, -9999.00, 413.84, -9999.0, 1931.6, 62.9, 63.4, -9999.000, 0.323
86032.0, 413.90, 413.89, -9999.0, 1929.3, -9999.0, 64.3, 0.324, 0.325
86033.0, -9999.00, 413.85, 1928.1, 1928.1, 66.7, 66.0, -9999.000, 0.327
86034.0, 413.78, 413.80, -9999.0, 1928.0, -9999.0, 66.0, 0.330, 0.330
86035.0, -9999.00, 413.77, 1927.9, 1927.9, -9999.0, 64.7, -9999.000, 0.331
86036.0, -9999.00, 413.76, -9999.0, 1927.9, 63.8, 65.0, 0.333, 0.333
86037.0, 413.75, 413.76, 1927.9, 1927.9, -9999.0, 68.8, -9999.000, 0.333
86038.0, -9999.00, 413.77, -9999.0, 1927.7, 72.6, 72.6, -9999.000, 0.332
86039.0, 413.78, 413.78, 1927.3, 1927.4, -9999.0, 72.7, 0.332, 0.332
86040.0, -9999.00, 413.84, -9999.0, 1927.3, 72.9, 72.8, -9999.000, 0.333
86041.0, 413.90, 413.89, -9999.0, 1927.3, -9999.0, 72.4, 0.334, 0.334
86042.0, -9999.00, 413.91, 1927.3, 1927.4, -9999.0, 71.7, -9999.000, 0.332
86043.0, -9999.00, 413.91, -9999.0, 1927.5, 71.2, 69.6, 0.329, 0.330
86044.0, 413.91, 413.92, 1927.6, 1927.6, -9999.0, 65.6, -9999.000, 0.329
86045.0, -9999.00, 413.93, -9999.0, 1927.6, 62.0, 62.2, -9999.000, 0.330
86046.0, 413.93, 413.93, 1927.6, 1927.6, -9999.0, 63.7, 0.330, 0.330
86047.0, -9999.00, 413.91, -9999.0, 1927.4, 65.7, 65.3, -9999.000, 0.330
86048.0, 413.88, 413.89, -9999.0, 1927.0, -9999.0, 65.7, 0.330, 0.330
86049.0, -9999.00, 413.88, 1926.8, 1926.9, -9999.0, 65.6, -9999.000, 0.330
86050.0, 413.86, 413.87, -9999.0, 1927.2, 65.6, 66.0, 0.330, 0.330
86051.0, -9999.00, 413.83, 1927.5, 1927.6, -9999.0, 66.8, -9999.000, 0.331
86052.0, -9999.00, 413.78, -9999.0, 1927.8, 67.4, 67.5, 0.333, 0.333
86053.0, 413.74, 413.75, 1928.1, 1928.1, -9999.0, 67.8, -9999.000, 0.334
86054.0, -9999.00, 413.76, -9999.0, 1928.2, 68.1, 68.1, -9999.000, 0.334
86055.0, 413.78, 413.78, 1928.4, 1928.4, -9999.0, 69.9, 0.334, 0.334
86056.0, -9999.00, 413.78, -9999.0, 1928.4, 72.4, 71.8, -9999.000, 0.334
86057.0, 413.79, 413.79, -9999.0, 1928.3, -9999.0, 71.5, 0.334, 0.334
86058.0, -9999.00, 413.80, 1928.2, 1928.2, -9999.0, 69.9, -9999.000, 0.334
86059.0, -9999.00, 413.82, -9999.0, 1928.2, 69.0, 69.5, 0.335, 0.335
86060.0, 413.83, 413.83, 1928.2, 1928.2, -9999.0, 70.9, -9999.000, 0.335
86061.0, -9999.00, 413.85, -9999.0, 1928.1, 72.2, 72.1, -9999.000, 0.334
86062.0, 413.86, 413.87, 1927.8, 1927.9, -9999.0, 70.2, 0.334, 0.334
86063.0, -9999.00, 413.91, -9999.0, 1927.4, 67.7, 68.2, -9999.000, 0.333
86064.0, 413.97, 413.96, -9999.0, 1926.7, -9999.0, 69.1, 0.333, 0.333
86065.0, -9999.00, 414.01, 1926.2, 1926.5, -9999.0, 71.1, -9999.000, 0.332
86066.0, 414.08, 414.05, -9999.0, 1927.2, 72.2, 71.6, 0.331, 0.331
86067.0, -9999.00, 414.07, 1927.9, 1927.9, -9999.0, 70.2, -9999.000, 0.330
86068.0, -9999.00, 414.06, -9999.0, 1929.7, 69.0, 69.4, -9999.000, 0.328
86069.0, 414.05, 414.07, 1931.9, 1931.5, -9999.0, 71.9, 0.328, 0.327
86070.0, -9999.00, 414.14, -9999.0, 1930.8, 74.7, 74.4, -9999.000, 0.327
86071.0, 414.22, 414.22, -9999.0, 1929.3, -9999.0, 72.9, 0.326, 0.327
86072.0, -9999.00, 414.25, 1928.5, 1928.1, 70.1, 70.9, -9999.000, 0.327
86073.0, 414.29, 414.28, -9999.0, 1927.2, -9999.0, 68.5, 0.328, 0.328
86074.0, -9999.00, 414.27, 1926.5, 1926.5, -9999.0, 65.8, -9999.000, 0.329
86075.0, -9999.00, 414.25, -9999.0, 1926.8, 64.0, 64.1, 0.330, 0.330
86076.0, 414.23, 414.23, 1927.1, 1927.1, -9999.0, 64.4, -9999.000, 0.331
86077.0, -9999.00, 414.23, -9999.0, 1927.5, 64.7, 64.7, -9999.000, 0.332
86078.0, 414.22, 414.22, 1928.2, 1928.0, -9999.0, 64.2, 0.332, 0.332
86079.0, -9999.00, 414.20, -9999.0, 1928.3, 63.6, 63.7, -9999.000, 0.333
86080.0, 414.18, 414.18, -9999.0, 1928.5, -9999.0, 64.0, 0.333, 0.333
86081.0, -9999.00, 414.19, 1928.6, 1928.6, -9999.0, 64.6, -9999.000, 0.334
86082.0, 414.22, 414.21, -9999.0, 1928.7, 65.0, 65.3, 0.335, 0.334
86083.0, -9999.00, 414.21, 1928.9, 1928.9, -9999.0, 66.2, -9999.000, 0.335
86084.0, -9999.00, 414.20, -9999.0, 1928.7, 67.0, 67.0, -9999.000, 0.335
86085.0, 414.18, 414.18, 1928.4, 1928.5, -9999.0, 67.4, 0.335, 0.335
86086.0, -9999.00, 414.14, -9999.0, 1928.3, 67.8, 67.7, -9999.000, 0.336
86087.0, 414.11, 414.11, -9999.0, 1928.1, -9999.0, 68.7, 0.337, 0.337
86088.0, -9999.00, 414.10, 1928.0, 1928.0, 70.3, 69.8, -9999.000, 0.338
86089.0, 414.09, 414.10, -9999.0, 1927.9, -9999.0, 70.3, 0.339, 0.338
86090.0, -9999.00, 414.09, 1927.8, 1927.8, -9999.0, 70.2, -9999.000, 0.339
86091.0, -9999.00, 414.08, -9999.0, 1927.6, 70.2, 70.0, 0.338, 0.339
86092.0, 414.08, 414.08, 1927.4, 1927.4, -9999.0, 69.0, -9999.000, 0.339
86093.0, -9999.00, 414.08, -9999.0, 1927.5, 68.0, 68.1, -9999.000, 0.339
86094.0, 414.08, 414.08, -9999.0, 1927.8, -9999.0, 67.8, 0.339, 0.339
86095.0, -9999.00, 414.06, 1927.9, 1927.8, 67.4, 67.5, -9999.000, 0.339
86096.0, 414.05, 414.05, -9999.0, 1927.7, -9999.0, 65.8, 0.339, 0.339
86097.0, -9999.00, 414.04, 1927.7, 1927.7, -9999.0, 63.1, -9999.000, 0.338
86098.0, -9999.00, 414.02, -9999.0, 1927.7, 61.3, 61.6, 0.338, 0.338
86099.0, 414.01, 414.00, 1927.8, 1927.7, -9999.0, 62.8, -9999.000, 0.338
86100.0, -9999.00, 413.98, -9999.0, 1927.7, 63.9, 63.9, -9999.000, 0.339
86101.0, 413.97, 413.97, 1927.5, 1927.5, -9999.0, 64.1, 0.339, 0.339
86102.0, -9999.00, 413.96, -9999.0, 1927.6, 64.3, 64.3, -9999.000, 0.340
86103.0, 413.95, 413.95, -9999.0, 1927.7, -9999.0, 64.6, 0.340, 0.340
86104.0, -9999.00, 413.97, 1927.8, 1927.8, -9999.0, 64.9, -9999.000, 0.340
86105.0, 413.99, 413.99, -9999.0, 1927.8, 65.1, 64.1, 0.341, 0.341
86106.0, -9999.00, 414.00, 1927.8, 1927.8, -9999.0, 61.8, -9999.000, 0.341
86107.0, -9999.00, 414.01, -9999.0, 1927.8, 59.9, 60.4, -9999.000, 0.341
86108.0, 414.02, 414.03, 1927.8, 1927.8, -9999.0, 64.2, 0.341, 0.341
86109.0, -9999.00, 414.06, -9999.0, 1927.8, 68.6, 68.0, -9999.000, 0.341
86110.0, 414.10, 414.10, -9999.0, 1927.8, -9999.0, 66.3, 0.340, 0.340
86111.0, -9999.00, 414.11, 1927.8, 1927.8, 62.3, 63.6, -9999.000, 0.340
86112.0, 414.12, 414.12, -9999.0, 1927.6, -9999.0, 63.8, 0.340, 0.340
86113.0, -9999.00, 414.13, 1927.6, 1927.5, -9999.0, 66.5, -9999.000, 0.340
86114.0, -9999.00, 414.15, -9999.0, 1927.5, 68.6, 68.7, 0.341, 0.340
86115.0, 414.16, 414.17, 1927.3, 1927.4, -9999.0, 69.3, -9999.000, 0.341
86116.0, -9999.00, 414.19, -9999.0, 1927.3, 70.0, 69.9, -9999.000, 0.340
86117.0, 414.21, 414.21, -9999.0, 1927.2, -9999.0, 67.3, 0.340, 0.340
86118.0, -9999.00, 414.20, 1927.2, 1927.2, 63.4, 64.5, -9999.000, 0.340
86119.0, 414.19, 414.19, -9999.0, 1927.3, -9999.0, 62.0, 0.340, 0.340
86120.0, -9999.00, 414.18, 1927.4, 1927.3, -9999.0, 59.7, -9999.000, 0.340
86121.0, -9999.00, 414.16, -9999.0, 1927.2, 58.1, 59.0, 0.340, 0.340
86122.0, 414.15, 414.14, 1927.1, 1927.1, -9999.0, 62.1, -9999.000, 0.340
86123.0, -9999.00, 414.11, -9999.0, 1927.2, 65.0, 65.1, -9999.000, 0.340
86124.0, 414.09, 414.09, 1927.5, 1927.4, -9999.0, 66.7, 0.341, 0.341
86125.0, -9999.00, 414.07, -9999.0, 1927.7, 68.9, 68.4, -9999.000, 0.340
86126.0, 414.04, 414.05, -9999.0, 1928.0, -9999.0, 70.7, 0.339, 0.339
86127.0, -9999.00, 414.02, 1928.2, 1928.3, -9999.0, 73.2, -9999.000, 0.339
86128.0, 413.99, 414.00, -9999.0, 1928.5, 74.5, 73.8, 0.338, 0.338
86129.0, -9999.00, 413.98, 1928.6, 1928.6, -9999.0, 72.3, -9999.000, 0.338
86130.0, -9999.00, 413.97, -9999.0, 1928.6, 71.1, 70.9, -9999.000, 0.337
86131.0, 413.96, 413.95, 1928.5, 1928.5, -9999.0, 69.9, 0.337, 0.337
86132.0, -9999.00, 413.92, -9999.0, 1928.5, 68.9, 69.0, -9999.000, 0.337
86133.0, 413.89, 413.89, -9999.0, 1928.5, -9999.0, 69.9, 0.337, 0.337
86134.0, -9999.00, 413.88, 1928.5, 1928.7, 71.6, 71.2, -9999.000, 0.336
86135.0, 413.87, 413.87, -9999.0, 1929.1, -9999.0, 70.4, 0.336, 0.336
86136.0, -9999.00, 413.87, 1929.4, 1929.4, -9999.0, 68.4, -9999.000, 0.335
86137.0, -9999.00, 413.88, -9999.0, 1929.2, 67.0, 66.7, 0.335, 0.335
86138.0, 413.88, 413.88, 1929.0, 1929.0, -9999.0, 65.6, -9999.000, 0.335
86139.0, -9999.00, 413.90, -9999.0, 1929.1, 64.6, 64.6, -9999.000, 0.335
86140.0, 413.91, 413.92, 1929.2, 1929.2, -9999.0, 63.3, 0.335, 0.335
86141.0, -9999.00, 413.93, -9999.0, 1929.1, 61.6, 61.9, -9999.000, 0.335
86142.0, 413.94, 413.94, -9999.0, 1929.0, -9999.0, 62.4, 0.334, 0.334
86143.0, -9999.00, 413.95, 1929.0, 1929.0, -9999.0, 63.5, -9999.000, 0.335
86144.0, 413.96, 413.96, -9999.0, 1929.0, 64.1, 64.8, 0.335, 0.335
86145.0, -9999.00, 413.96, 1929.0, 1929.0, -9999.0, 66.5, -9999.000, 0.335
86146.0, -9999.00, 413.96, -9999.0, 1928.9, 68.0, 68.3, -9999.000, 0.335
86147.0, 413.96, 413.96, 1928.8, 1928.8, -9999.0, 70.5, 0.335, 0.335
86148.0, -9999.00, 413.96, -9999.0, 1928.5, 73.0, 72.7, -9999.000, 0.335
86149.0, 413.97, 413.97, -9999.0, 1928.2, -9999.0, 70.6, 0.335, 0.335
86150.0, -9999.00, 413.96, 1928.0, 1927.9, 66.6, 67.9, -9999.000, 0.336
86151.0, 413.96, 413.96, -9999.0, 1927.5, -9999.0, 69.0, 0.337, 0.337
86152.0, -9999.00, 413.95, 1927.2, 1927.2, -9999.0, 73.4, -9999.000, 0.337
86153.0, -9999.00, 413.94, -9999.0, 1927.2, 76.8, 75.3, 0.337, 0.337
86154.0, 413.94, 413.94, 1927.1, 1927.1, -9999.0, 69.6, -9999.000, 0.337
86155.0, -9999.00, 413.93, -9999.0, 1927.2, 63.9, 63.9, -9999.000, 0.338
86156.0, 413.92, 413.92, 1927.4, 1927.3, -9999.0, 64.2, 0.339, 0.338
86157.0, -9999.00, 413.93, -9999.0, 1927.2, 64.6, 64.5, -9999.000, 0.338
86158.0, 413.94, 413.94, -9999.0, 1926.9, -9999.0, 65.3, 0.337, 0.337
