data/rawdat/flt20220903/NOAAPicarro-CO2-CH4-CO-H2O_N57_20220903_R0.ict
42, 1001
Jeff Peischl
NOAA ESRL Chemical Sciences Laboratory
Picarro 2401-m CO2/CH4/CO/H2O Analyzer
CalFiDE
1, 1
2022, 09, 03, 2023, 02, 15
1
TO_Time_UTC, seconds, UTC, seconds_past_midnight
8
1, 1, 1, 1, 1, 1, 1, 1
-9999, -9999, -9999, -9999, -9999, -9999, -9999, -9999
CO2_ppm, ppm, Gas_CO2_InSitu_S_DMF
CO2_i_ppm, ppm, Gas_CO2_InSitu_S_DMF
CH4_ppb, ppb, Gas_CH4_InSitu_S_DMF
CH4_i_ppb, ppb, Gas_CH4_InSitu_S_DMF
CO_ppb, ppb, Gas_CO_InSitu_S_DMF
CO_i_ppb, ppb, Gas_CO_InSitu_S_DMF
H2O_pct, percent, Gas_H2O_InSitu_S_DMF
H2O_i_pct, percent, Gas_H2O_InSitu_S_DMF
1
SPECIAL COMMENTS: N/A
19
PI_CONTACT_INFO: Address: NOAA Chemical Sciences Laboratory, Mail Stop R/CSL7, 325 Broadway, Boulder, CO  80305, email: jeff.peischl@noaa.gov
PLATFORM: NOAA Twin Otter N57RF
LOCATION: The aircraft was stationed in Sacramento, CA, and Redding, CA
ASSOCIATED_DATA: N/A
INSTRUMENT_INFO: Wavelength-Scanned Cavity Ringdown Spectrometry
DATA_INFO: Units: ppm: parts per million dry air mole fraction; ppb: parts per billion dry air mole fraction; pct: percent by volume 
UNCERTAINTY: CO2: ±(0.4 ppm + 1%), CH4: ±(0.4 ppb + 1%), CO: ±(6 ppb + 1%), H2O: ±(0.1 pct + 1%).
ULOD_FLAG: -7777
ULOD_VALUE: N/A
LLOD_FLAG: -8888
LLOD_VALUE: N/A
DM_CONTACT_INFO: Data Manager: Ken Aikin, kenneth.c.aikin@noaa.gov
PROJECT_INFO: CalFiDE dates of study: August 28 - September 26, 2022
STIPULATIONS_ON_USE: According to the NOAA data protocol. Users are should contact the PI for proper data usage.
OTHER_COMMENTS: Data are measured at irregular intervals. Data without _i_ in the header are rounded to the nearest second. Data with _i_ are interpolated onto each second.
REVISION: R0
R0: final data
RA: preliminary data
TO_Time_UTC, CO2_ppm, CO2_i_ppm, CH4_ppb, CH4_i_ppb, CO_ppb, CO_i_ppb, H2O_pct, H2O_i_pct
[from data line 9143]
69203.0, 413.96, 413.96, -9999.0, 1941.3, -9999.0, 68.1, 0.082, 0.082
69204.0, -9999.00, 414.00, 1941.3, 1941.3, -9999.0, 64.4, -9999.000, 0.081
69205.0, 414.06, 414.04, -9999.0, 1941.2, 62.3, 64.2, 0.081, 0.081
69206.0, -9999.00, 414.07, 1941.1, 1941.1, -9999.0, 68.5, -9999.000, 0.081
69207.0, -9999.00, 414.08, -9999.0, 1941.0, 72.4, 72.5, -9999.000, 0.081
69208.0, 414.10, 414.10, 1940.8, 1940.9, -9999.0, 72.8, 0.082, 0.081
69209.0, -9999.00, 414.13, -9999.0, 1940.8, 73.3, 73.2, -9999.000, 0.080
69210.0, 414.16, 414.16, -9999.0, 1940.8, -9999.0, 72.7, 0.079, 0.079
69211.0, -9999.00, 414.17, 1940.8, 1940.7, -9999.0, 71.9, -9999.000, 0.079
69212.0, 414.19, 414.18, -9999.0, 1940.4, 71.5, 71.7, 0.079, 0.079
69213.0, -9999.00, 414.19, 1940.2, 1940.2, -9999.0, 72.2, -9999.000, 0.078
69214.0, -9999.00, 414.21, -9999.0, 1940.3, 72.6, 72.6, -9999.000, 0.078
69215.0, 414.22, 414.21, 1940.5, 1940.5, -9999.0, 72.6, 0.077, 0.077
69216.0, -9999.00, 414.19, -9999.0, 1940.6, 72.5, 72.5, -9999.000, 0.076
69217.0, 414.16, 414.16, -9999.0, 1940.7, -9999.0, 71.7, 0.076, 0.076
69218.0, -9999.00, 414.15, 1940.7, 1940.7, -9999.0, 70.6, -9999.000, 0.076
69219.0, 414.13, 414.14, -9999.0, 1940.7, 70.0, 69.5, 0.077, 0.077
69220.0, -9999.00, 414.13, 1940.7, 1940.7, -9999.0, 68.5, -9999.000, 0.077
69221.0, -9999.00, 414.14, -9999.0, 1940.8, 67.6, 67.7, -9999.000, 0.077
69222.0, 414.14, 414.14, 1940.9, 1940.8, -9999.0, 69.3, 0.077, 0.077
69223.0, -9999.00, 414.15, -9999.0, 1940.9, 71.4, 70.9, -9999.000, 0.076
69224.0, 414.16, 414.16, -9999.0, 1941.0, -9999.0, 71.6, 0.075, 0.075
69225.0, -9999.00, 414.19, 1941.1, 1941.1, -9999.0, 72.1, -9999.000, 0.076
69226.0, 414.25, 414.23, -9999.0, 1941.1, 72.3, 71.4, 0.077, 0.077
69227.0, -9999.00, 414.25, 1941.0, 1941.0, -9999.0, 69.2, -9999.000, 0.077
69228.0, -9999.00, 414.27, -9999.0, 1941.1, 67.3, 67.4, -9999.000, 0.077
69229.0, 414.28, 414.28, 1941.2, 1941.2, -9999.0, 68.6, 0.077, 0.077
69230.0, -9999.00, 414.26, -9999.0, 1941.1, 70.1, 69.8, -9999.000, 0.076
69231.0, 414.24, 414.24, -9999.0, 1941.0, -9999.0, 66.9, 0.076, 0.076
69232.0, -9999.00, 414.25, 1940.9, 1940.9, -9999.0, 62.9, -9999.000, 0.076
69233.0, 414.27, 414.26, -9999.0, 1941.0, 60.8, 61.9, 0.077, 0.076
69234.0, -9999.00, 414.27, 1941.0, 1941.0, -9999.0, 64.4, -9999.000, 0.077
69235.0, -9999.00, 414.28, -9999.0, 1941.2, 66.7, 66.9, -9999.000, 0.077
69236.0, 414.28, 414.28, 1941.5, 1941.5, -9999.0, 69.3, 0.077, 0.077
69237.0, -9999.00, 414.28, -9999.0, 1941.6, 72.1, 71.6, -9999.000, 0.077
69238.0, 414.27, 414.27, -9999.0, 1941.7, -9999.0, 70.7, 0.076, 0.076
69239.0, -9999.00, 414.29, 1941.8, 1941.8, -9999.0, 69.1, -9999.000, 0.076
69240.0, 414.34, 414.32, -9999.0, 1941.7, 68.1, 67.1, 0.076, 0.076
69241.0, -9999.00, 414.33, 1941.6, 1941.6, -9999.0, 64.5, -9999.000, 0.077
69242.0, -9999.00, 414.31, -9999.0, 1941.6, 62.2, 62.3, -9999.000, 0.078
69243.0, 414.30, 414.30, 1941.6, 1941.6, -9999.0, 63.7, 0.078, 0.078
69244.0, -9999.00, 414.30, -9999.0, 1941.6, 65.7, 65.2, -9999.000, 0.079
69245.0, 414.31, 414.31, -9999.0, 1941.6, -9999.0, 66.6, 0.079, 0.079
69246.0, -9999.00, 414.30, 1941.5, 1941.5, -9999.0, 67.9, -9999.000, 0.080
69247.0, -9999.00, 414.30, -9999.0, 1941.6, 68.8, 69.4, 0.080, 0.080
69248.0, 414.29, 414.29, 1941.7, 1941.7, -9999.0, 71.4, -9999.000, 0.081
69249.0, -9999.00, 414.30, -9999.0, 1941.7, 73.5, 73.4, -9999.000, 0.081
69250.0, 414.30, 414.30, 1941.6, 1941.6, -9999.0, 73.3, 0.082, 0.082
69251.0, -9999.00, 414.34, -9999.0, 1941.6, 72.9, 73.0, -9999.000, 0.082
69252.0, 414.39, 414.38, -9999.0, 1941.7, -9999.0, 71.8, 0.082, 0.082
69253.0, -9999.00, 414.40, 1941.7, 1941.7, -9999.0, 70.0, -9999.000, 0.081
69254.0, -9999.00, 414.41, -9999.0, 1941.7, 68.7, 69.1, 0.080, 0.080
69255.0, 414.41, 414.43, 1941.8, 1941.8, -9999.0, 70.3, -9999.000, 0.080
69256.0, -9999.00, 414.46, -9999.0, 1941.6, 71.6, 71.5, -9999.000, 0.079
69257.0, 414.48, 414.48, 1941.4, 1941.5, -9999.0, 74.4, 0.079, 0.079
69258.0, -9999.00, 414.48, -9999.0, 1941.4, 78.3, 77.2, -9999.000, 0.078
69259.0, 414.48, 414.48, -9999.0, 1941.5, -9999.0, 76.3, 0.077, 0.077
69260.0, -9999.00, 414.46, 1941.5, 1941.5, -9999.0, 73.0, -9999.000, 0.077
69261.0, -9999.00, 414.43, -9999.0, 1941.5, 70.7, 70.9, 0.077, 0.077
69262.0, 414.41, 414.41, 1941.4, 1941.4, -9999.0, 71.7, -9999.000, 0.077
69263.0, -9999.00, 414.43, -9999.0, 1941.4, 72.4, 72.4, -9999.000, 0.077
69264.0, 414.44, 414.44, 1941.3, 1941.3, -9999.0, 72.1, 0.077, 0.077
69265.0, -9999.00, 414.46, -9999.0, 1941.2, 71.8, 71.9, -9999.000, 0.077
69266.0, 414.49, 414.48, -9999.0, 1941.1, -9999.0, 70.2, 0.076, 0.076
69267.0, -9999.00, 414.50, 1941.0, 1941.1, -9999.0, 67.7, -9999.000, 0.076
69268.0, -9999.00, 414.51, -9999.0, 1941.1, 65.8, 66.4, 0.077, 0.077
69269.0, 414.52, 414.51, 1941.1, 1941.1, -9999.0, 68.6, -9999.000, 0.077
69270.0, -9999.00, 414.50, -9999.0, 1940.9, 71.1, 70.8, -9999.000, 0.077
69271.0, 414.49, 414.49, -9999.0, 1940.6, -9999.0, 70.1, 0.077, 0.077
69272.0, -9999.00, 414.45, 1940.5, 1940.5, -9999.0, 68.9, -9999.000, 0.077
69273.0, 414.39, 414.41, -9999.0, 1940.7, 68.3, 68.7, 0.076, 0.076
69274.0, -9999.00, 414.39, 1940.8, 1940.8, -9999.0, 69.6, -9999.000, 0.076
69275.0, -9999.00, 414.38, -9999.0, 1940.7, 70.4, 70.6, -9999.000, 0.076
69276.0, 414.38, 414.38, 1940.7, 1940.7, -9999.0, 72.3, 0.076, 0.076
69277.0, -9999.00, 414.40, -9999.0, 1940.7, 74.5, 74.0, -9999.000, 0.075
69278.0, 414.41, 414.41, -9999.0, 1940.7, -9999.0, 72.8, 0.074, 0.074
69279.0, -9999.00, 414.41, 1940.8, 1940.8, -9999.0, 70.5, -9999.000, 0.076
69280.0, -9999.00, 414.40, -9999.0, 1940.8, 69.0, 68.5, 0.077, 0.077
69281.0, 414.39, 414.38, 1940.9, 1940.9, -9999.0, 66.9, -9999.000, 0.076
69282.0, -9999.00, 414.37, -9999.0, 1941.1, 65.4, 65.4, -9999.000, 0.075
69283.0, 414.36, 414.36, 1941.3, 1941.2, -9999.0, 67.8, 0.075, 0.075
69284.0, -9999.00, 414.33, -9999.0, 1941.3, 70.9, 70.2, -9999.000, 0.075
69285.0, 414.31, 414.31, -9999.0, 1941.5, -9999.0, 71.9, 0.076, 0.076
69286.0, -9999.00, 414.27, 1941.6, 1941.6, -9999.0, 73.4, -9999.000, 0.075
69287.0, -9999.00, 414.22, -9999.0, 1941.6, 74.4, 73.9, 0.075, 0.075
69288.0, 414.20, 414.19, 1941.6, 1941.6, -9999.0, 72.6, -9999.000, 0.075
69289.0, -9999.00, 414.18, -9999.0, 1941.5, 71.3, 71.3, -9999.000, 0.075
69290.0, 414.17, 414.17, 1941.2, 1941.3, -9999.0, 70.4, 0.075, 0.074
69291.0, -9999.00, 414.17, -9999.0, 1941.1, 69.1, 69.4, -9999.000, 0.074
69292.0, 414.16, 414.16, -9999.0, 1940.8, -9999.0, 68.5, 0.073, 0.073
69293.0, -9999.00, 414.14, 1940.6, 1940.6, -9999.0, 67.7, -9999.000, 0.074
69294.0, -9999.00, 414.11, -9999.0, 1940.5, 67.0, 67.5, 0.074, 0.074
69295.0, 414.08, 414.11, 1940.3, 1940.3, -9999.0, 69.2, -9999.000, 0.074
69296.0, -9999.00, 414.18, -9999.0, 1940.2, 71.1, 70.8, -9999.000, 0.073
69297.0, 414.26, 414.25, -9999.0, 1940.1, -9999.0, 69.9, 0.073, 0.073
69298.0, -9999.00, 414.34, 1940.0, 1940.0, -9999.0, 68.4, -9999.000, 0.073
69299.0, 414.47, 414.43, -9999.0, 1939.8, 67.5, 67.9, 0.073, 0.073
69300.0, -9999.00, 414.47, 1939.5, 1939.5, -9999.0, 68.8, -9999.000, 0.073
69301.0, -9999.00, 414.48, -9999.0, 1939.9, 69.6, 69.6, -9999.000, 0.073
69302.0, 414.49, 414.48, 1940.4, 1940.2, -9999.0, 69.4, 0.072, 0.072
69303.0, -9999.00, 414.45, -9999.0, 1940.3, 69.3, 69.3, -9999.000, 0.073
69304.0, 414.40, 414.41, -9999.0, 1940.3, -9999.0, 69.9, 0.073, 0.073
69305.0, -9999.00, 414.36, 1940.2, 1940.2, -9999.0, 70.8, -9999.000, 0.073
69306.0, -9999.00, 414.32, -9999.0, 1940.2, 71.5, 71.0, 0.074, 0.074
69307.0, 414.29, 414.27, 1940.2, 1940.2, -9999.0, 69.4, -9999.000, 0.073
69308.0, -9999.00, 414.25, -9999.0, 1940.2, 67.7, 67.8, -9999.000, 0.073
69309.0, 414.22, 414.22, 1940.3, 1940.3, -9999.0, 68.1, 0.072, 0.072
69310.0, -9999.00, 414.17, -9999.0, 1940.4, 68.6, 68.5, -9999.000, 0.072
69311.0, 414.12, 414.13, -9999.0, 1940.6, -9999.0, 68.7, 0.072, 0.072
69312.0, -9999.00, 414.11, 1940.8, 1940.8, -9999.0, 68.8, -9999.000, 0.072
69313.0, -9999.00, 414.09, -9999.0, 1940.7, 68.8, 68.9, 0.072, 0.072
69314.0, 414.08, 414.08, 1940.7, 1940.7, -9999.0, 69.2, -9999.000, 0.072
69315.0, -9999.00, 414.09, -9999.0, 1940.4, 69.5, 69.5, -9999.000, 0.072
69316.0, 414.09, 414.09, -9999.0, 1940.0, -9999.0, 70.6, 0.072, 0.072
69317.0, -9999.00, 414.08, 1939.8, 1939.9, 72.2, 71.7, -9999.000, 0.072
69318.0, 414.07, 414.07, -9999.0, 1940.0, -9999.0, 72.3, 0.071, 0.071
69319.0, -9999.00, 414.07, 1940.1, 1940.1, -9999.0, 72.3, -9999.000, 0.071
69320.0, -9999.00, 414.08, -9999.0, 1940.0, 72.4, 71.4, 0.071, 0.071
69321.0, 414.08, 414.09, 1939.9, 1939.9, -9999.0, 67.6, -9999.000, 0.071
69322.0, -9999.00, 414.11, -9999.0, 1939.7, 63.4, 63.9, -9999.000, 0.071
69323.0, 414.14, 414.14, -9999.0, 1939.3, -9999.0, 64.9, 0.070, 0.070
69324.0, -9999.00, 414.14, 1939.1, 1939.2, 67.3, 66.5, -9999.000, 0.070
69325.0, 414.14, 414.14, -9999.0, 1939.2, -9999.0, 68.5, 0.070, 0.070
69326.0, -9999.00, 414.14, 1939.3, 1939.3, -9999.0, 70.7, -9999.000, 0.070
69327.0, -9999.00, 414.13, -9999.0, 1938.9, 72.7, 72.5, -9999.000, 0.069
69328.0, 414.12, 414.13, 1938.3, 1938.4, -9999.0, 70.4, 0.069, 0.069
69329.0, -9999.00, 414.15, -9999.0, 1937.9, 67.6, 68.3, -9999.000, 0.068
69330.0, 414.17, 414.17, -9999.0, 1937.3, -9999.0, 66.5, 0.068, 0.068
69331.0, -9999.00, 414.18, 1936.8, 1936.8, -9999.0, 64.8, -9999.000, 0.067
69332.0, -9999.00, 414.19, -9999.0, 1936.6, 63.5, 63.8, 0.065, 0.066
69333.0, 414.20, 414.19, 1936.4, 1936.5, -9999.0, 65.0, -9999.000, 0.065
69334.0, -9999.00, 414.17, -9999.0, 1936.1, 66.3, 66.2, -9999.000, 0.065
69335.0, 414.15, 414.15, -9999.0, 1935.7, -9999.0, 65.0, 0.065, 0.065
69336.0, -9999.00, 414.15, 1935.5, 1935.4, -9999.0, 63.5, -9999.000, 0.064
69337.0, 414.14, 414.14, -9999.0, 1935.2, 62.8, 63.8, 0.064, 0.064
69338.0, -9999.00, 414.17, 1935.0, 1935.0, -9999.0, 66.1, -9999.000, 0.064
69339.0, -9999.00, 414.22, -9999.0, 1935.5, 68.1, 68.1, -9999.000, 0.063
69340.0, 414.26, 414.27, 1936.2, 1936.0, -9999.0, 67.8, 0.063, 0.063
69341.0, -9999.00, 414.29, -9999.0, 1936.1, 67.5, 67.6, -9999.000, 0.063
69342.0, 414.31, 414.30, -9999.0, 1935.9, -9999.0, 67.6, 0.062, 0.062
69343.0, -9999.00, 414.16, 1935.8, 1936.4, -9999.0, 67.8, -9999.000, 0.063
69344.0, -9999.00, 413.98, -9999.0, 1938.5, 67.9, 68.4, 0.063, 0.063
69345.0, 413.88, 413.86, 1940.8, 1940.6, -9999.0, 70.1, -9999.000, 0.064
69346.0, -9999.00, 413.81, -9999.0, 1941.1, 71.7, 71.7, -9999.000, 0.065
69347.0, 413.77, 413.77, 1941.4, 1941.3, -9999.0, 69.9, 0.065, 0.065
69348.0, -9999.00, 413.77, -9999.0, 1941.5, 67.3, 68.0, -9999.000, 0.067
69349.0, 413.78, 413.78, -9999.0, 1941.7, -9999.0, 68.1, 0.068, 0.068
69350.0, -9999.00, 413.77, 1941.8, 1941.8, -9999.0, 69.4, -9999.000, 0.068
69351.0, -9999.00, 413.77, -9999.0, 1941.7, 70.4, 69.9, 0.069, 0.069
69352.0, 413.76, 413.76, 1941.5, 1941.6, -9999.0, 67.8, -9999.000, 0.069
69353.0, -9999.00, 413.77, -9999.0, 1941.5, 65.5, 65.7, -9999.000, 0.070
69354.0, 413.77, 413.77, -9999.0, 1941.4, -9999.0, 66.7, 0.071, 0.071
69355.0, -9999.00, 413.76, 1941.4, 1941.3, 68.5, 68.0, -9999.000, 0.071
69356.0, 413.75, 413.76, -9999.0, 1941.2, -9999.0, 69.1, 0.070, 0.070
69357.0, -9999.00, 413.77, 1941.1, 1941.1, -9999.0, 70.1, -9999.000, 0.071
69358.0, -9999.00, 413.80, -9999.0, 1941.1, 70.8, 69.9, 0.071, 0.071
69359.0, 413.82, 413.83, 1941.1, 1941.1, -9999.0, 66.9, -9999.000, 0.071
69360.0, -9999.00, 413.84, -9999.0, 1941.2, 63.6, 63.9, -9999.000, 0.071
69361.0, 413.86, 413.86, -9999.0, 1941.4, -9999.0, 65.8, 0.072, 0.072
69362.0, -9999.00, 413.87, 1941.5, 1941.5, 69.4, 68.3, -9999.000, 0.071
69363.0, 413.88, 413.87, -9999.0, 1941.6, -9999.0, 70.3, 0.071, 0.071
69364.0, -9999.00, 413.88, 1941.6, 1941.6, -9999.0, 72.0, -9999.000, 0.071
69365.0, -9999.00, 413.89, -9999.0, 1941.4, 73.3, 73.8, -9999.000, 0.072
69366.0, 413.90, 413.90, 1941.1, 1941.2, -9999.0, 76.4, 0.072, 0.072
69367.0, -9999.00, 413.91, -9999.0, 1941.2, 79.6, 79.1, -9999.000, 0.071
69368.0, 413.93, 413.93, -9999.0, 1941.3, -9999.0, 77.2, 0.071, 0.072
69369.0, -9999.00, 413.92, 1941.4, 1941.4, -9999.0, 74.2, -9999.000, 0.072
69370.0, -9999.00, 413.91, -9999.0, 1941.5, 72.4, 72.1, 0.074, 0.073
69371.0, 413.91, 413.91, 1941.6, 1941.6, -9999.0, 71.3, -9999.000, 0.074
69372.0, -9999.00, 413.90, -9999.0, 1941.6, 70.5, 70.4, -9999.000, 0.074
69373.0, 413.89, 413.88, 1941.7, 1941.7, -9999.0, 68.3, 0.074, 0.074
69374.0, -9999.00, 413.85, -9999.0, 1941.6, 65.5, 66.2, -9999.000, 0.074
69375.0, 413.81, 413.82, -9999.0, 1941.5, -9999.0, 67.2, 0.074, 0.074
69376.0, -9999.00, 413.81, 1941.4, 1941.4, -9999.0, 69.7, -9999.000, 0.075
69377.0, 413.81, 413.81, -9999.0, 1941.4, 71.1, 69.9, 0.075, 0.075
69378.0, -9999.00, 413.80, 1941.4, 1941.4, -9999.0, 67.0, -9999.000, 0.075
69379.0, -9999.00, 413.78, -9999.0, 1941.3, 64.3, 64.5, -9999.000, 0.075
69380.0, 413.77, 413.77, 1941.2, 1941.3, -9999.0, 65.8, 0.075, 0.075
69381.0, -9999.00, 413.79, -9999.0, 1941.3, 67.4, 67.1, -9999.000, 0.075
69382.0, 413.82, 413.82, -9999.0, 1941.3, -9999.0, 68.1, 0.074, 0.074
69383.0, -9999.00, 413.81, 1941.3, 1941.4, -9999.0, 68.9, -9999.000, 0.074
69384.0, 413.80, 413.80, -9999.0, 1941.6, 69.3, 69.6, 0.073, 0.073
69385.0, -9999.00, 413.79, 1941.8, 1941.8, -9999.0, 70.4, -9999.000, 0.073
69386.0, -9999.00, 413.78, -9999.0, 1941.8, 71.0, 70.9, -9999.000, 0.074
69387.0, 413.77, 413.77, 1941.8, 1941.8, -9999.0, 69.0, 0.074, 0.073
69388.0, -9999.00, 413.80, -9999.0, 1941.7, 66.6, 67.1, -9999.000, 0.072
69389.0, 413.84, 413.83, -9999.0, 1941.5, -9999.0, 66.3, 0.072, 0.072
69390.0, -9999.00, 413.84, 1941.4, 1941.4, -9999.0, 65.9, -9999.000, 0.072
69391.0, -9999.00, 413.85, -9999.0, 1941.4, 65.7, 66.9, 0.072, 0.072
69392.0, 413.85, 413.85, 1941.3, 1941.3, -9999.0, 69.9, -9999.000, 0.072
69393.0, -9999.00, 413.85, -9999.0, 1941.3, 72.6, 72.8, -9999.000, 0.071
69394.0, 413.84, 413.84, 1941.3, 1941.3, -9999.0, 75.0, 0.071, 0.071
69395.0, -9999.00, 413.83, -9999.0, 1941.4, 78.0, 77.3, -9999.000, 0.071
69396.0, 413.81, 413.81, -9999.0, 1941.5, -9999.0, 77.1, 0.071, 0.071
69397.0, -9999.00, 413.80, 1941.7, 1941.7, -9999.0, 75.8, -9999.000, 0.071
69398.0, -9999.00, 413.78, -9999.0, 1941.7, 74.8, 75.0, 0.071, 0.071
69399.0, 413.77, 413.77, 1941.7, 1941.7, -9999.0, 75.6, -9999.000, 0.071
69400.0, -9999.00, 413.78, -9999.0, 1941.7, 76.3, 76.2, -9999.000, 0.070
69401.0, 413.79, 413.79, 1941.7, 1941.7, -9999.0, 73.3, 0.070, 0.070
69402.0, -9999.00, 413.75, -9999.0, 1941.7, 69.4, 70.3, -9999.000, 0.071
69403.0, 413.72, 413.72, -9999.0, 1941.6, -9999.0, 70.9, 0.072, 0.072
69404.0, -9999.00, 413.71, 1941.6, 1941.6, -9999.0, 73.1, -9999.000, 0.072
69405.0, -9999.00, 413.70, -9999.0, 1941.8, 74.5, 73.6, 0.073, 0.073
69406.0, 413.70, 413.68, 1942.0, 1942.0, -9999.0, 71.3, -9999.000, 0.073
69407.0, -9999.00, 413.64, -9999.0, 1941.9, 69.0, 69.1, -9999.000, 0.073
69408.0, 413.61, 413.61, 1941.8, 1941.9, -9999.0, 69.8, 0.073, 0.073
69409.0, -9999.00, 413.60, -9999.0, 1941.8, 70.9, 70.6, -9999.000, 0.073
69410.0, 413.59, 413.60, -9999.0, 1941.9, -9999.0, 70.0, 0.073, 0.073
69411.0, -9999.00, 413.60, 1941.9, 1941.8, -9999.0, 68.7, -9999.000, 0.073
69412.0, -9999.00, 413.62, -9999.0, 1941.6, 67.9, 68.3, 0.074, 0.073
69413.0, 413.63, 413.64, 1941.4, 1941.4, -9999.0, 69.6, -9999.000, 0.074
69414.0, -9999.00, 413.66, -9999.0, 1941.4, 71.0, 70.9, -9999.000, 0.075
69415.0, 413.68, 413.68, -9999.0, 1941.4, -9999.0, 70.7, 0.076, 0.076
69416.0, -9999.00, 413.69, 1941.5, 1941.5, 70.3, 70.4, -9999.000, 0.075
69417.0, 413.69, 413.69, -9999.0, 1941.6, -9999.0, 68.8, 0.075, 0.075
69418.0, -9999.00, 413.69, 1941.7, 1941.7, -9999.0, 66.4, -9999.000, 0.075
69419.0, -9999.00, 413.69, -9999.0, 1941.6, 64.5, 64.8, 0.076, 0.075
69420.0, 413.70, 413.70, 1941.5, 1941.5, -9999.0, 66.0, -9999.000, 0.075
69421.0, -9999.00, 413.70, -9999.0, 1941.4, 67.4, 67.3, -9999.000, 0.075
69422.0, 413.71, 413.71, -9999.0, 1941.3, -9999.0, 66.0, 0.075, 0.075
69423.0, -9999.00, 413.72, 1941.3, 1941.3, 64.0, 64.6, -9999.000, 0.075
69424.0, 413.73, 413.73, -9999.0, 1941.3, -9999.0, 64.4, 0.076, 0.076
