data/rawdat/flt20220903/NOAAPicarro-CO2-CH4-CO-H2O_N57_20220903_R0.ict
42, 1001
Jeff Peischl
NOAA ESRL Chemical Sciences Laboratory
Picarro 2401-m CO2/CH4/CO/H2O Analyzer
CalFiDE
1, 1
2022, 09, 03, 2023, 02, 15
1
TO_Time_UTC, seconds, UTC, seconds_past_midnight
8
1, 1, 1, 1, 1, 1, 1, 1
-9999, -9999, -9999, -9999, -9999, -9999, -9999, -9999
CO2_ppm, ppm, Gas_CO2_InSitu_S_DMF
CO2_i_ppm, ppm, Gas_CO2_InSitu_S_DMF
CH4_ppb, ppb, Gas_CH4_InSitu_S_DMF
CH4_i_ppb, ppb, Gas_CH4_InSitu_S_DMF
CO_ppb, ppb, Gas_CO_InSitu_S_DMF
CO_i_ppb, ppb, Gas_CO_InSitu_S_DMF
H2O_pct, percent, Gas_H2O_InSitu_S_DMF
H2O_i_pct, percent, Gas_H2O_InSitu_S_DMF
1
SPECIAL COMMENTS: N/A
19
PI_CONTACT_INFO: Address: NOAA Chemical Sciences Laboratory, Mail Stop R/CSL7, 325 Broadway, Boulder, CO  80305, email: jeff.peischl@noaa.gov
PLATFORM: NOAA Twin Otter N57RF
LOCATION: The aircraft was stationed in Sacramento, CA, and Redding, CA
ASSOCIATED_DATA: N/A
INSTRUMENT_INFO: Wavelength-Scanned Cavity Ringdown Spectrometry
DATA_INFO: Units: ppm: parts per million dry air mole fraction; ppb: parts per billion dry air mole fraction; pct: percent by volume 
UNCERTAINTY: CO2: ±(0.4 ppm + 1%), CH4: ±(0.4 ppb + 1%), CO: ±(6 ppb + 1%), H2O: ±(0.1 pct + 1%).
ULOD_FLAG: -7777
ULOD_VALUE: N/A
LLOD_FLAG: -8888
LLOD_VALUE: N/A
DM_CONTACT_INFO: Data Manager: Ken Aikin, kenneth.c.aikin@noaa.gov
PROJECT_INFO: CalFiDE dates of study: August 28 - September 26, 2022
STIPULATIONS_ON_USE: According to the NOAA data protocol. Users are should contact the PI for proper data usage.
OTHER_COMMENTS: Data are measured at irregular intervals. Data without _i_ in the header are rounded to the nearest second. Data with _i_ are interpolated onto each second.
REVISION: R0
R0: final data
RA: preliminary data
TO_Time_UTC, CO2_ppm, CO2_i_ppm, CH4_ppb, CH4_i_ppb, CO_ppb, CO_i_ppb, H2O_pct, H2O_i_pct
[from data line 18005]
83704.0, -9999.00, 414.30, -9999.0, 1934.1, 71.6, 71.6, -9999.000, 0.315
83705.0, 414.28, 414.28, 1933.9, 1933.9, -9999.0, 71.9, 0.315, 0.315
83706.0, -9999.00, 414.27, -9999.0, 1933.9, 72.4, 72.3, -9999.000, 0.315
83707.0, 414.26, 414.26, -9999.0, 1933.9, -9999.0, 71.7, 0.315, 0.315
83708.0, -9999.00, 414.26, 1934.0, 1933.9, -9999.0, 70.7, -9999.000, 0.315
83709.0, 414.26, 414.26, -9999.0, 1933.7, 70.2, 70.4, 0.316, 0.316
83710.0, -9999.00, 414.24, 1933.5, 1933.5, -9999.0, 71.0, -9999.000, 0.316
83711.0, -9999.00, 414.22, -9999.0, 1933.7, 71.5, 71.3, -9999.000, 0.316
83712.0, 414.20, 414.20, 1934.1, 1934.0, -9999.0, 70.2, 0.316, 0.316
83713.0, -9999.00, 414.19, -9999.0, 1934.3, 68.8, 69.0, -9999.000, 0.316
83714.0, 414.19, 414.19, -9999.0, 1934.6, -9999.0, 69.7, 0.315, 0.315
83715.0, -9999.00, 414.21, 1934.8, 1934.8, 71.4, 70.8, -9999.000, 0.316
83716.0, 414.26, 414.24, -9999.0, 1934.7, -9999.0, 71.5, 0.316, 0.316
83717.0, -9999.00, 414.26, 1934.7, 1934.8, -9999.0, 71.6, -9999.000, 0.316
83718.0, -9999.00, 414.28, -9999.0, 1935.5, 71.7, 71.9, 0.317, 0.317
83719.0, 414.28, 414.30, 1936.4, 1936.3, -9999.0, 72.8, -9999.000, 0.317
83720.0, -9999.00, 414.34, -9999.0, 1936.7, 73.6, 73.6, -9999.000, 0.316
83721.0, 414.38, 414.38, 1937.3, 1937.1, -9999.0, 75.5, 0.316, 0.316
83722.0, -9999.00, 414.39, -9999.0, 1937.2, 78.3, 77.5, -9999.000, 0.315
83723.0, 414.41, 414.41, -9999.0, 1937.0, -9999.0, 76.6, 0.314, 0.314
83724.0, -9999.00, 414.47, 1936.9, 1936.9, -9999.0, 73.9, -9999.000, 0.314
83725.0, -9999.00, 414.55, -9999.0, 1936.9, 72.1, 72.6, 0.314, 0.314
83726.0, 414.60, 414.58, 1936.9, 1936.9, -9999.0, 74.2, -9999.000, 0.315
83727.0, -9999.00, 414.54, -9999.0, 1937.3, 75.9, 75.9, -9999.000, 0.315
83728.0, 414.51, 414.51, 1938.1, 1937.9, -9999.0, 76.5, 0.315, 0.315
83729.0, -9999.00, 414.51, -9999.0, 1938.5, 77.4, 77.2, -9999.000, 0.314
83730.0, 414.50, 414.50, -9999.0, 1939.1, -9999.0, 75.8, 0.313, 0.313
83731.0, -9999.00, 414.46, 1939.6, 1939.5, -9999.0, 73.5, -9999.000, 0.314
83732.0, -9999.00, 414.39, -9999.0, 1939.1, 72.0, 71.7, 0.314, 0.314
83733.0, 414.36, 414.39, 1938.8, 1938.8, -9999.0, 70.8, -9999.000, 0.314
83734.0, -9999.00, 414.44, -9999.0, 1937.6, 69.9, 69.7, -9999.000, 0.313
83735.0, 414.49, 414.49, 1936.0, 1936.4, -9999.0, 67.1, 0.313, 0.313
83736.0, -9999.00, 414.51, -9999.0, 1933.4, 64.0, 64.5, -9999.000, 0.314
83737.0, 414.54, 414.53, -9999.0, 1929.6, -9999.0, 62.6, 0.315, 0.315
83738.0, -9999.00, 414.61, 1927.4, 1927.0, 60.0, 60.8, -9999.000, 0.317
83739.0, 414.71, 414.68, -9999.0, 1925.9, -9999.0, 60.5, 0.318, 0.318
83740.0, -9999.00, 414.67, 1925.0, 1925.0, -9999.0, 61.5, -9999.000, 0.318
83741.0, -9999.00, 414.61, -9999.0, 1924.8, 62.2, 62.5, 0.319, 0.319
83742.0, 414.57, 414.57, 1924.5, 1924.6, -9999.0, 63.5, -9999.000, 0.318
83743.0, -9999.00, 414.58, -9999.0, 1924.4, 64.6, 64.6, -9999.000, 0.318
83744.0, 414.58, 414.58, 1924.1, 1924.2, -9999.0, 63.9, 0.317, 0.317
83745.0, -9999.00, 414.55, -9999.0, 1924.1, 63.0, 63.2, -9999.000, 0.317
83746.0, 414.51, 414.52, -9999.0, 1924.0, -9999.0, 65.2, 0.317, 0.317
83747.0, -9999.00, 414.50, 1924.0, 1924.0, -9999.0, 68.8, -9999.000, 0.316
83748.0, -9999.00, 414.49, -9999.0, 1924.2, 71.2, 70.3, 0.315, 0.315
83749.0, 414.49, 414.50, 1924.3, 1924.3, -9999.0, 67.7, -9999.000, 0.316
83750.0, -9999.00, 414.52, -9999.0, 1924.5, 65.2, 65.1, -9999.000, 0.316
83751.0, 414.55, 414.55, 1924.9, 1924.8, -9999.0, 64.9, 0.317, 0.317
83752.0, -9999.00, 414.55, -9999.0, 1924.9, 64.7, 64.7, -9999.000, 0.317
83753.0, 414.55, 414.55, -9999.0, 1925.0, -9999.0, 66.6, 0.317, 0.317
83754.0, -9999.00, 414.56, 1925.0, 1925.0, -9999.0, 69.3, -9999.000, 0.318
83755.0, 414.57, 414.56, -9999.0, 1925.0, 70.9, 69.8, 0.319, 0.319
83756.0, -9999.00, 414.57, 1924.9, 1924.9, -9999.0, 66.9, -9999.000, 0.319
83757.0, -9999.00, 414.57, -9999.0, 1924.5, 64.4, 64.4, -9999.000, 0.318
83758.0, 414.57, 414.55, 1924.0, 1924.2, -9999.0, 64.2, 0.318, 0.318
83759.0, -9999.00, 414.48, -9999.0, 1924.1, 64.1, 64.1, -9999.000, 0.318
83760.0, 414.41, 414.42, -9999.0, 1924.2, -9999.0, 64.0, 0.318, 0.318
83761.0, -9999.00, 414.38, 1924.3, 1924.4, 64.0, 64.0, -9999.000, 0.317
83762.0, 414.33, 414.34, -9999.0, 1924.8, -9999.0, 63.7, 0.316, 0.316
83763.0, -9999.00, 414.30, 1925.1, 1925.1, -9999.0, 63.2, -9999.000, 0.316
83764.0, -9999.00, 414.25, -9999.0, 1925.3, 62.9, 63.2, 0.315, 0.315
83765.0, 414.22, 414.22, 1925.6, 1925.6, -9999.0, 64.3, -9999.000, 0.315
83766.0, -9999.00, 414.22, -9999.0, 1925.7, 65.6, 65.5, -9999.000, 0.315
83767.0, 414.22, 414.22, 1926.0, 1925.9, -9999.0, 66.6, 0.315, 0.315
83768.0, -9999.00, 414.16, -9999.0, 1926.0, 68.2, 67.8, -9999.000, 0.315
83769.0, 414.10, 414.11, -9999.0, 1925.8, -9999.0, 67.3, 0.314, 0.314
83770.0, -9999.00, 414.08, 1925.8, 1925.8, -9999.0, 65.9, -9999.000, 0.314
83771.0, -9999.00, 414.07, -9999.0, 1925.9, 65.0, 64.7, 0.314, 0.314
83772.0, 414.06, 414.06, 1926.0, 1926.0, -9999.0, 63.9, -9999.000, 0.314
83773.0, -9999.00, 414.08, -9999.0, 1925.9, 63.1, 63.1, -9999.000, 0.313
83774.0, 414.10, 414.10, 1925.9, 1925.9, -9999.0, 63.5, 0.313, 0.313
83775.0, -9999.00, 414.09, -9999.0, 1925.8, 64.1, 63.9, -9999.000, 0.314
83776.0, 414.08, 414.08, -9999.0, 1925.6, -9999.0, 62.6, 0.314, 0.314
83777.0, -9999.00, 414.11, 1925.5, 1925.5, -9999.0, 60.4, -9999.000, 0.314
83778.0, 414.16, 414.14, -9999.0, 1925.3, 59.2, 59.0, 0.315, 0.315
83779.0, -9999.00, 414.16, 1925.2, 1925.2, -9999.0, 58.6, -9999.000, 0.314
83780.0, -9999.00, 414.15, -9999.0, 1924.8, 58.3, 58.5, -9999.000, 0.314
83781.0, 414.15, 414.16, 1924.4, 1924.5, -9999.0, 61.2, 0.314, 0.314
83782.0, -9999.00, 414.20, -9999.0, 1924.1, 64.4, 63.9, -9999.000, 0.315
83783.0, 414.25, 414.24, -9999.0, 1923.8, -9999.0, 66.6, 0.315, 0.315
83784.0, -9999.00, 414.25, 1923.6, 1923.5, -9999.0, 69.4, -9999.000, 0.315
83785.0, 414.26, 414.26, -9999.0, 1923.5, 70.8, 70.3, 0.315, 0.315
83786.0, -9999.00, 414.26, 1923.4, 1923.4, -9999.0, 69.4, -9999.000, 0.316
83787.0, -9999.00, 414.25, -9999.0, 1923.3, 68.6, 68.4, 0.316, 0.316
83788.0, 414.24, 414.24, 1923.2, 1923.2, -9999.0, 67.6, -9999.000, 0.316
83789.0, -9999.00, 414.23, -9999.0, 1923.2, 66.6, 66.7, -9999.000, 0.316
83790.0, 414.23, 414.23, 1923.3, 1923.3, -9999.0, 67.5, 0.316, 0.316
83791.0, -9999.00, 414.18, -9999.0, 1923.6, 68.8, 68.5, -9999.000, 0.315
83792.0, 414.11, 414.12, -9999.0, 1924.2, -9999.0, 68.1, 0.315, 0.315
83793.0, -9999.00, 414.10, 1924.6, 1924.6, -9999.0, 67.0, -9999.000, 0.315
83794.0, -9999.00, 414.08, -9999.0, 1924.6, 66.3, 65.6, 0.315, 0.315
83795.0, 414.07, 414.09, 1924.6, 1924.6, -9999.0, 63.6, -9999.000, 0.315
83796.0, -9999.00, 414.12, -9999.0, 1924.5, 61.7, 61.7, -9999.000, 0.315
83797.0, 414.15, 414.15, 1924.2, 1924.3, -9999.0, 62.5, 0.315, 0.315
83798.0, -9999.00, 414.18, -9999.0, 1924.1, 63.4, 63.2, -9999.000, 0.314
83799.0, 414.21, 414.21, -9999.0, 1924.0, -9999.0, 65.2, 0.314, 0.314
83800.0, -9999.00, 414.20, 1924.0, 1924.8, -9999.0, 67.5, -9999.000, 0.315
83801.0, 414.19, 414.19, -9999.0, 1927.3, 68.9, 71.1, 0.316, 0.316
83802.0, -9999.00, 414.16, 1929.8, 1929.8, -9999.0, 76.4, -9999.000, 0.316
83803.0, -9999.00, 414.11, -9999.0, 1930.7, 81.0, 80.6, -9999.000, 0.316
83804.0, 414.07, 414.08, 1931.8, 1931.5, -9999.0, 77.0, 0.316, 0.316
83805.0, -9999.00, 414.09, -9999.0, 1932.1, 72.7, 73.3, -9999.000, 0.316
83806.0, 414.11, 414.11, -9999.0, 1932.5, -9999.0, 73.1, 0.316, 0.316
83807.0, -9999.00, 414.14, 1932.7, 1932.6, 73.7, 73.5, -9999.000, 0.317
83808.0, 414.18, 414.17, -9999.0, 1932.1, -9999.0, 72.8, 0.318, 0.318
83809.0, -9999.00, 414.19, 1931.7, 1931.7, -9999.0, 70.9, -9999.000, 0.317
83810.0, -9999.00, 414.21, -9999.0, 1931.5, 69.5, 69.8, 0.317, 0.317
83811.0, 414.22, 414.22, 1931.3, 1931.3, -9999.0, 71.0, -9999.000, 0.317
83812.0, -9999.00, 414.22, -9999.0, 1931.6, 72.2, 72.1, -9999.000, 0.316
83813.0, 414.23, 414.23, 1932.1, 1931.9, -9999.0, 70.4, 0.316, 0.316
83814.0, -9999.00, 414.24, -9999.0, 1932.2, 67.9, 68.5, -9999.000, 0.316
83815.0, 414.26, 414.25, -9999.0, 1932.3, -9999.0, 68.3, 0.316, 0.316
83816.0, -9999.00, 414.25, 1932.5, 1932.4, -9999.0, 68.9, -9999.000, 0.316
83817.0, -9999.00, 414.23, -9999.0, 1932.4, 69.3, 69.0, 0.318, 0.317
83818.0, 414.22, 414.25, 1932.3, 1932.3, -9999.0, 68.0, -9999.000, 0.317
83819.0, -9999.00, 414.31, -9999.0, 1931.8, 67.0, 67.0, -9999.000, 0.317
83820.0, 414.37, 414.38, 1931.0, 1931.3, -9999.0, 68.9, 0.317, 0.317
83821.0, -9999.00, 414.42, -9999.0, 1930.8, 71.4, 70.8, -9999.000, 0.316
83822.0, 414.47, 414.47, -9999.0, 1930.4, -9999.0, 74.1, 0.316, 0.316
83823.0, -9999.00, 414.50, 1930.1, 1929.9, -9999.0, 77.8, -9999.000, 0.316
83824.0, -9999.00, 414.54, -9999.0, 1929.2, 80.1, 79.3, 0.316, 0.316
83825.0, 414.56, 414.56, 1928.6, 1928.6, -9999.0, 77.0, -9999.000, 0.316
83826.0, -9999.00, 414.57, -9999.0, 1928.7, 75.0, 74.9, -9999.000, 0.316
83827.0, 414.58, 414.58, 1928.9, 1928.9, -9999.0, 73.6, 0.316, 0.316
83828.0, -9999.00, 414.57, -9999.0, 1929.0, 72.1, 72.3, -9999.000, 0.316
83829.0, 414.57, 414.57, -9999.0, 1929.1, -9999.0, 72.7, 0.316, 0.316
83830.0, -9999.00, 414.58, 1929.2, 1928.8, -9999.0, 73.5, -9999.000, 0.316
83831.0, 414.60, 414.60, -9999.0, 1927.8, 73.9, 72.1, 0.316, 0.316
83832.0, -9999.00, 414.60, 1926.9, 1926.9, -9999.0, 68.5, -9999.000, 0.317
83833.0, -9999.00, 414.59, -9999.0, 1927.1, 65.6, 65.9, 0.317, 0.317
83834.0, 414.58, 414.58, 1927.4, 1927.4, -9999.0, 67.7, -9999.000, 0.316
83835.0, -9999.00, 414.60, -9999.0, 1926.5, 69.6, 69.5, -9999.000, 0.315
83836.0, 414.62, 414.62, 1924.7, 1925.3, -9999.0, 68.3, 0.314, 0.314
83837.0, -9999.00, 414.62, -9999.0, 1924.7, 66.3, 66.8, -9999.000, 0.314
83838.0, 414.61, 414.61, -9999.0, 1924.7, -9999.0, 66.7, 0.314, 0.314
83839.0, -9999.00, 414.61, 1924.6, 1924.7, -9999.0, 67.3, -9999.000, 0.315
83840.0, -9999.00, 414.61, -9999.0, 1924.7, 67.8, 67.4, 0.316, 0.316
83841.0, 414.61, 414.60, 1924.8, 1924.8, -9999.0, 65.8, -9999.000, 0.315
83842.0, -9999.00, 414.59, -9999.0, 1924.9, 64.3, 64.3, -9999.000, 0.314
83843.0, 414.58, 414.58, 1924.9, 1924.9, -9999.0, 64.0, 0.314, 0.314
83844.0, -9999.00, 414.59, -9999.0, 1925.0, 63.6, 63.7, -9999.000, 0.314
83845.0, 414.61, 414.61, -9999.0, 1925.1, -9999.0, 64.1, 0.314, 0.314
83846.0, -9999.00, 414.61, 1925.2, 1925.3, -9999.0, 64.9, -9999.000, 0.314
83847.0, -9999.00, 414.60, -9999.0, 1925.5, 65.4, 66.6, 0.314, 0.314
83848.0, 414.60, 414.60, 1925.7, 1925.7, -9999.0, 69.5, -9999.000, 0.314
83849.0, -9999.00, 414.61, -9999.0, 1925.8, 72.2, 72.1, -9999.000, 0.314
83850.0, 414.61, 414.61, 1925.9, 1925.9, -9999.0, 71.6, 0.314, 0.314
83851.0, -9999.00, 414.64, -9999.0, 1926.0, 71.0, 71.1, -9999.000, 0.315
83852.0, 414.66, 414.66, -9999.0, 1926.1, -9999.0, 68.0, 0.315, 0.315
83853.0, -9999.00, 414.66, 1926.2, 1926.3, 62.4, 64.2, -9999.000, 0.315
83854.0, 414.66, 414.66, -9999.0, 1926.5, -9999.0, 63.8, 0.315, 0.315
83855.0, -9999.00, 414.63, 1926.7, 1926.7, -9999.0, 66.5, -9999.000, 0.315
83856.0, -9999.00, 414.59, -9999.0, 1926.6, 68.7, 68.9, -9999.000, 0.315
83857.0, 414.56, 414.55, 1926.6, 1926.6, -9999.0, 69.8, 0.314, 0.315
83858.0, -9999.00, 414.52, -9999.0, 1926.6, 70.8, 70.6, -9999.000, 0.315
83859.0, 414.49, 414.49, -9999.0, 1926.6, -9999.0, 68.4, 0.315, 0.315
83860.0, -9999.00, 414.47, 1926.5, 1926.3, 64.5, 65.7, -9999.000, 0.315
83861.0, 414.45, 414.45, -9999.0, 1925.9, -9999.0, 65.4, 0.315, 0.315
83862.0, -9999.00, 414.43, 1925.5, 1925.5, -9999.0, 67.0, -9999.000, 0.315
83863.0, -9999.00, 414.39, -9999.0, 1925.4, 68.3, 68.6, 0.315, 0.315
83864.0, 414.37, 414.38, 1925.2, 1925.2, -9999.0, 70.3, -9999.000, 0.315
83865.0, -9999.00, 414.39, -9999.0, 1925.1, 72.1, 71.9, -9999.000, 0.315
83866.0, 414.41, 414.41, 1924.8, 1924.9, -9999.0, 69.9, 0.316, 0.316
83867.0, -9999.00, 414.43, -9999.0, 1924.9, 66.7, 67.5, -9999.000, 0.316
83868.0, 414.46, 414.45, -9999.0, 1925.1, -9999.0, 65.3, 0.316, 0.316
83869.0, -9999.00, 414.46, 1925.3, 1925.3, -9999.0, 63.3, -9999.000, 0.316
83870.0, -9999.00, 414.46, -9999.0, 1925.1, 61.9, 62.6, 0.317, 0.316
83871.0, 414.45, 414.47, 1925.0, 1925.0, -9999.0, 64.6, -9999.000, 0.316
83872.0, -9999.00, 414.50, -9999.0, 1925.0, 66.7, 66.6, -9999.000, 0.315
83873.0, 414.53, 414.53, 1925.0, 1925.0, -9999.0, 64.4, 0.315, 0.315
83874.0, -9999.00, 414.53, -9999.0, 1925.2, 61.6, 62.2, -9999.000, 0.315
83875.0, 414.54, 414.54, -9999.0, 1925.3, -9999.0, 63.3, 0.315, 0.315
83876.0, -9999.00, 414.55, 1925.4, 1925.6, -9999.0, 65.6, -9999.000, 0.315
83877.0, -9999.00, 414.55, -9999.0, 1926.3, 66.9, 67.2, 0.315, 0.315
83878.0, 414.56, 414.55, 1926.9, 1926.9, -9999.0, 68.0, -9999.000, 0.315
83879.0, -9999.00, 414.54, -9999.0, 1927.5, 68.8, 68.9, -9999.000, 0.315
83880.0, 414.53, 414.53, 1928.5, 1928.2, -9999.0, 70.9, 0.315, 0.315
83881.0, -9999.00, 414.52, -9999.0, 1928.7, 73.3, 72.8, -9999.000, 0.315
83882.0, 414.51, 414.51, -9999.0, 1929.2, -9999.0, 73.0, 0.316, 0.316
83883.0, -9999.00, 414.50, 1929.4, 1929.5, -9999.0, 72.4, -9999.000, 0.316
83884.0, 414.49, 414.49, -9999.0, 1929.7, 72.2, 71.3, 0.317, 0.317
83885.0, -9999.00, 414.50, 1929.9, 1929.9, -9999.0, 69.2, -9999.000, 0.317
83886.0, -9999.00, 414.52, -9999.0, 1928.1, 67.4, 67.4, -9999.000, 0.317
83887.0, 414.53, 414.53, 1925.8, 1926.3, -9999.0, 67.3, 0.317, 0.317
83888.0, -9999.00, 414.51, -9999.0, 1925.5, 67.1, 67.1, -9999.000, 0.316
83889.0, 414.50, 414.50, -9999.0, 1925.2, -9999.0, 66.2, 0.316, 0.316
83890.0, -9999.00, 414.46, 1925.0, 1924.9, 64.7, 65.2, -9999.000, 0.316
83891.0, 414.40, 414.42, -9999.0, 1924.8, -9999.0, 64.7, 0.316, 0.316
83892.0, -9999.00, 414.41, 1924.7, 1924.7, -9999.0, 64.7, -9999.000, 0.316
83893.0, -9999.00, 414.41, -9999.0, 1924.6, 64.6, 65.2, 0.315, 0.315
83894.0, 414.42, 414.42, 1924.5, 1924.5, -9999.0, 67.5, -9999.000, 0.315
83895.0, -9999.00, 414.42, -9999.0, 1924.2, 69.9, 69.8, -9999.000, 0.315
83896.0, 414.43, 414.43, 1923.8, 1924.0, -9999.0, 68.4, 0.315, 0.315
83897.0, -9999.00, 414.42, -9999.0, 1923.8, 66.1, 66.7, -9999.000, 0.315
83898.0, 414.40, 414.40, -9999.0, 1923.9, -9999.0, 67.8, 0.315, 0.315
83899.0, -9999.00, 414.39, 1923.9, 1924.0, -9999.0, 70.3, -9999.000, 0.315
83900.0, -9999.00, 414.38, -9999.0, 1924.1, 72.0, 71.8, 0.315, 0.315
83901.0, 414.38, 414.37, 1924.2, 1924.2, -9999.0, 70.9, -9999.000, 0.316
83902.0, -9999.00, 414.35, -9999.0, 1924.1, 70.1, 70.1, -9999.000, 0.316
83903.0, 414.34, 414.34, 1924.0, 1924.1, -9999.0, 69.2, 0.316, 0.316
83904.0, -9999.00, 414.34, -9999.0, 1924.1, 68.0, 68.2, -9999.000, 0.315
83905.0, 414.35, 414.35, -9999.0, 1924.2, -9999.0, 66.7, 0.314, 0.314
83906.0, -9999.00, 414.32, 1924.3, 1924.2, -9999.0, 64.9, -9999.000, 0.315
83907.0, 414.27, 414.28, -9999.0, 1924.1, 63.9, 64.6, 0.316, 0.316
83908.0, -9999.00, 414.26, 1924.0, 1924.0, -9999.0, 66.1, -9999.000, 0.316
83909.0, -9999.00, 414.24, -9999.0, 1924.0, 67.5, 67.1, -9999.000, 0.315
83910.0, 414.23, 414.23, 1924.1, 1924.1, -9999.0, 64.2, 0.315, 0.315
83911.0, -9999.00, 414.22, -9999.0, 1924.0, 60.7, 61.2, -9999.000, 0.315
83912.0, 414.22, 414.22, -9999.0, 1923.9, -9999.0, 63.4, 0.315, 0.315
83913.0, -9999.00, 414.23, 1923.8, 1923.8, 68.3, 66.7, -9999.000, 0.315
83914.0, 414.26, 414.25, -9999.0, 1923.6, -9999.0, 68.7, 0.316, 0.316
83915.0, -9999.00, 414.26, 1923.5, 1923.5, -9999.0, 69.4, -9999.000, 0.316
83916.0, -9999.00, 414.27, -9999.0, 1923.5, 70.0, 70.2, 0.315, 0.315
83917.0, 414.27, 414.27, 1923.5, 1923.5, -9999.0, 71.2, -9999.000, 0.315
83918.0, -9999.00, 414.25, -9999.0, 1923.6, 72.2, 72.1, -9999.000, 0.315
83919.0, 414.24, 414.24, -9999.0, 1923.7, -9999.0, 70.4, 0.315, 0.315
83920.0, -9999.00, 414.25, 1923.8, 1923.9, 67.5, 68.4, -9999.000, 0.315
83921.0, 414.27, 414.27, -9999.0, 1924.1, -9999.0, 68.4, 0.315, 0.315
83922.0, -9999.00, 414.26, 1924.3, 1924.3, -9999.0, 69.9, -9999.000, 0.315
83923.0, -9999.00, 414.24, -9999.0, 1924.5, 71.0, 70.5, 0.315, 0.315
83924.0, 414.23, 414.22, 1924.8, 1924.8, -9999.0, 68.8, -9999.000, 0.315
83925.0, -9999.00, 414.21, -9999.0, 1924.8, 67.0, 67.0, -9999.000, 0.315
