data/rawdat/flt20220903/NOAAPicarro-CO2-CH4-CO-H2O_N57_20220903_R0.ict
42, 1001
Jeff Peischl
NOAA ESRL Chemical Sciences Laboratory
Picarro 2401-m CO2/CH4/CO/H2O Analyzer
CalFiDE
1, 1
2022, 09, 03, 2023, 02, 15
1
TO_Time_UTC, seconds, UTC, seconds_past_midnight
8
1, 1, 1, 1, 1, 1, 1, 1
-9999, -9999, -9999, -9999, -9999, -9999, -9999, -9999
CO2_ppm, ppm, Gas_CO2_InSitu_S_DMF
CO2_i_ppm, ppm, Gas_CO2_InSitu_S_DMF
CH4_ppb, ppb, Gas_CH4_InSitu_S_DMF
CH4_i_ppb, ppb, Gas_CH4_InSitu_S_DMF
CO_ppb, ppb, Gas_CO_InSitu_S_DMF
CO_i_ppb, ppb, Gas_CO_InSitu_S_DMF
H2O_pct, percent, Gas_H2O_InSitu_S_DMF
H2O_i_pct, percent, Gas_H2O_InSitu_S_DMF
1
SPECIAL COMMENTS: N/A
19
PI_CONTACT_INFO: Address: NOAA Chemical Sciences Laboratory, Mail Stop R/CSL7, 325 Broadway, Boulder, CO  80305, email: jeff.peischl@noaa.gov
PLATFORM: NOAA Twin Otter N57RF
LOCATION: The aircraft was stationed in Sacramento, CA, and Redding, CA
ASSOCIATED_DATA: N/A
INSTRUMENT_INFO: Wavelength-Scanned Cavity Ringdown Spectrometry
DATA_INFO: Units: ppm: parts per million dry air mole fraction; ppb: parts per billion dry air mole fraction; pct: percent by volume 
UNCERTAINTY: CO2: ±(0.4 ppm + 1%), CH4: ±(0.4 ppb + 1%), CO: ±(6 ppb + 1%), H2O: ±(0.1 pct + 1%).
ULOD_FLAG: -7777
ULOD_VALUE: N/A
LLOD_FLAG: -8888
LLOD_VALUE: N/A
DM_CONTACT_INFO: Data Manager: Ken Aikin, kenneth.c.aikin@noaa.gov
PROJECT_INFO: CalFiDE dates of study: August 28 - September 26, 2022
STIPULATIONS_ON_USE: According to the NOAA data protocol. Users are should contact the PI for proper data usage.
OTHER_COMMENTS: Data are measured at irregular intervals. Data without _i_ in the header are rounded to the nearest second. Data with _i_ are interpolated onto each second.
REVISION: R0
R0: final data
RA: preliminary data
TO_Time_UTC, CO2_ppm, CO2_i_ppm, CH4_ppb, CH4_i_ppb, CO_ppb, CO_i_ppb, H2O_pct, H2O_i_pct
[from data line 669]
60729.0, -9999.00, 408.70, -9999.0, 1886.2, 68.4, 69.2, 1.143, 1.143
60730.0, 408.70, 408.70, 1886.2, 1886.2, -9999.0, 71.7, -9999.000, 1.142
60731.0, -9999.00, 408.71, -9999.0, 1886.1, 74.1, 74.2, -9999.000, 1.141
60732.0, 408.71, 408.72, 1886.0, 1886.0, -9999.0, 76.4, 1.141, 1.140
60733.0, -9999.00, 408.73, -9999.0, 1886.0, 79.2, 78.6, -9999.000, 1.137
60734.0, 408.75, 408.75, -9999.0, 1886.0, -9999.0, 77.9, 1.135, 1.135
60735.0, -9999.00, 408.75, 1886.0, 1886.0, -9999.0, 76.2, -9999.000, 1.134
60736.0, 408.74, 408.75, -9999.0, 1886.1, 75.2, 74.2, 1.134, 1.134
60737.0, -9999.00, 408.74, 1886.1, 1886.1, -9999.0, 71.8, -9999.000, 1.134
60738.0, -9999.00, 408.72, -9999.0, 1886.2, 69.8, 69.8, -9999.000, 1.134
60739.0, 408.71, 408.71, 1886.3, 1886.2, -9999.0, 70.0, 1.134, 1.134
60740.0, -9999.00, 408.70, -9999.0, 1886.5, 70.2, 70.1, -9999.000, 1.133
60741.0, 408.70, 408.70, -9999.0, 1886.7, -9999.0, 71.8, 1.132, 1.132
60742.0, -9999.00, 408.69, 1886.9, 1886.9, 74.9, 73.9, -9999.000, 1.136
60743.0, 408.67, 408.67, -9999.0, 1886.8, -9999.0, 74.9, 1.140, 1.140
60744.0, -9999.00, 408.66, 1886.8, 1886.8, -9999.0, 75.0, -9999.000, 1.141
60745.0, -9999.00, 408.66, -9999.0, 1886.9, 75.1, 74.8, -9999.000, 1.143
60746.0, 408.65, 408.65, 1887.0, 1887.0, -9999.0, 72.7, 1.143, 1.144
60747.0, -9999.00, 408.65, -9999.0, 1887.0, 70.3, 70.6, -9999.000, 1.145
60748.0, 408.65, 408.65, -9999.0, 1887.1, -9999.0, 71.2, 1.146, 1.148
60749.0, -9999.00, 408.58, 1887.1, 1887.0, 72.7, 72.2, -9999.000, 1.155
60750.0, 408.47, 408.49, -9999.0, 1886.7, -9999.0, 74.4, 1.163, 1.162
60751.0, -9999.00, 408.52, 1886.5, 1886.5, -9999.0, 77.4, -9999.000, 1.161
60752.0, -9999.00, 408.61, -9999.0, 1886.8, 79.8, 79.4, 1.159, 1.160
60753.0, 408.66, 408.69, 1887.0, 1887.0, -9999.0, 77.9, -9999.000, 1.154
60754.0, -9999.00, 408.79, -9999.0, 1887.2, 76.2, 76.3, -9999.000, 1.144
60755.0, 408.89, 408.89, 1887.5, 1887.4, -9999.0, 74.7, 1.136, 1.137
60756.0, -9999.00, 408.86, -9999.0, 1887.4, 72.5, 73.1, -9999.000, 1.139
60757.0, 408.81, 408.82, -9999.0, 1887.3, -9999.0, 73.4, 1.141, 1.141
60758.0, -9999.00, 408.86, 1887.2, 1887.3, -9999.0, 75.0, -9999.000, 1.133
60759.0, -9999.00, 408.94, -9999.0, 1887.6, 76.0, 76.4, 1.121, 1.124
60760.0, 408.98, 409.01, 1887.8, 1887.8, -9999.0, 77.8, -9999.000, 1.117
60761.0, -9999.00, 409.08, -9999.0, 1887.9, 79.1, 79.0, -9999.000, 1.112
60762.0, 409.14, 409.16, 1888.0, 1888.0, -9999.0, 77.1, 1.108, 1.104
60763.0, -9999.00, 409.30, -9999.0, 1888.3, 74.6, 75.1, -9999.000, 1.092
60764.0, 409.48, 409.45, -9999.0, 1888.8, -9999.0, 74.4, 1.080, 1.079
60765.0, -9999.00, 409.85, 1889.1, 1889.5, -9999.0, 74.2, -9999.000, 1.032
60766.0, -9999.00, 410.30, -9999.0, 1890.8, 74.0, 72.5, 0.972, 0.985
60767.0, 410.54, 410.61, 1892.1, 1892.1, -9999.0, 68.8, -9999.000, 0.944
60768.0, -9999.00, 410.75, -9999.0, 1892.4, 65.4, 65.4, -9999.000, 0.905
60769.0, 410.87, 410.85, 1892.9, 1892.8, -9999.0, 65.2, 0.883, 0.888
60770.0, -9999.00, 410.73, -9999.0, 1892.6, 65.0, 65.0, -9999.000, 0.903
60771.0, 410.60, 410.61, -9999.0, 1892.3, -9999.0, 65.0, 0.915, 0.917
60772.0, -9999.00, 410.45, 1892.1, 1892.0, -9999.0, 65.0, -9999.000, 0.934
60773.0, 410.20, 410.28, -9999.0, 1891.6, 65.0, 66.0, 0.954, 0.951
60774.0, -9999.00, 410.10, 1891.3, 1891.3, -9999.0, 68.1, -9999.000, 0.972
60775.0, -9999.00, 409.91, -9999.0, 1890.8, 69.9, 69.9, -9999.000, 0.995
60776.0, 409.77, 409.78, 1890.2, 1890.4, -9999.0, 69.9, 1.008, 1.004
60777.0, -9999.00, 409.83, -9999.0, 1890.4, 69.8, 69.8, -9999.000, 0.996
60778.0, 409.88, 409.88, -9999.0, 1890.6, -9999.0, 70.9, 0.989, 0.984
60779.0, -9999.00, 410.40, 1890.7, 1891.4, 72.9, 72.3, -9999.000, 0.942
60780.0, 411.20, 410.97, -9999.0, 1892.9, -9999.0, 71.4, 0.894, 0.901
60781.0, -9999.00, 411.44, 1894.4, 1894.4, -9999.0, 68.4, -9999.000, 0.848
60782.0, -9999.00, 411.84, -9999.0, 1895.5, 66.1, 66.0, 0.768, 0.794
60783.0, 412.12, 412.17, 1896.8, 1896.6, -9999.0, 65.3, -9999.000, 0.754
60784.0, -9999.00, 412.32, -9999.0, 1897.2, 64.6, 64.6, -9999.000, 0.728
60785.0, 412.48, 412.48, -9999.0, 1897.7, -9999.0, 63.9, 0.708, 0.705
60786.0, -9999.00, 412.58, 1897.9, 1898.1, 62.9, 63.2, -9999.000, 0.690
60787.0, 412.70, 412.67, -9999.0, 1898.5, -9999.0, 64.5, 0.673, 0.675
60788.0, -9999.00, 412.73, 1898.7, 1898.8, -9999.0, 67.2, -9999.000, 0.665
60789.0, -9999.00, 412.76, -9999.0, 1899.0, 69.3, 68.4, 0.653, 0.657
60790.0, 412.79, 412.80, 1899.3, 1899.3, -9999.0, 64.9, -9999.000, 0.651
60791.0, -9999.00, 412.83, -9999.0, 1899.4, 61.1, 61.4, -9999.000, 0.648
60792.0, 412.86, 412.86, 1899.4, 1899.4, -9999.0, 61.7, 0.646, 0.645
60793.0, -9999.00, 412.87, -9999.0, 1899.5, 62.5, 62.2, -9999.000, 0.641
60794.0, 412.87, 412.87, -9999.0, 1899.6, -9999.0, 62.9, 0.638, 0.638
60795.0, -9999.00, 412.88, 1899.7, 1899.7, -9999.0, 63.5, -9999.000, 0.637
60796.0, -9999.00, 412.88, -9999.0, 1899.7, 63.9, 64.4, 0.636, 0.636
60797.0, 412.88, 412.89, 1899.7, 1899.7, -9999.0, 66.0, -9999.000, 0.634
60798.0, -9999.00, 412.92, -9999.0, 1899.8, 67.6, 67.6, -9999.000, 0.631
60799.0, 412.94, 412.94, 1900.0, 1900.0, -9999.0, 67.9, 0.628, 0.629
60800.0, -9999.00, 412.87, -9999.0, 1900.3, 68.2, 68.2, -9999.000, 0.631
60801.0, 412.80, 412.81, -9999.0, 1900.8, -9999.0, 66.4, 0.632, 0.632
60802.0, -9999.00, 412.80, 1901.1, 1901.2, -9999.0, 63.7, -9999.000, 0.631
60803.0, -9999.00, 412.81, -9999.0, 1901.4, 62.1, 62.5, 0.630, 0.630
60804.0, 412.82, 412.82, 1901.6, 1901.5, -9999.0, 63.7, -9999.000, 0.630
60805.0, -9999.00, 412.83, -9999.0, 1901.6, 64.9, 64.8, -9999.000, 0.630
60806.0, 412.84, 412.85, 1901.7, 1901.7, -9999.0, 63.6, 0.630, 0.628
60807.0, -9999.00, 412.90, -9999.0, 1901.9, 62.0, 62.3, -9999.000, 0.621
60808.0, 412.96, 412.95, -9999.0, 1902.2, -9999.0, 63.3, 0.615, 0.616
60809.0, -9999.00, 412.95, 1902.4, 1902.4, -9999.0, 65.1, -9999.000, 0.618
60810.0, 412.94, 412.94, -9999.0, 1902.3, 66.1, 65.1, 0.621, 0.620
60811.0, -9999.00, 412.94, 1902.2, 1902.2, -9999.0, 62.6, -9999.000, 0.618
60812.0, -9999.00, 412.96, -9999.0, 1902.6, 60.5, 60.5, -9999.000, 0.614
60813.0, 412.97, 412.98, 1903.2, 1903.0, -9999.0, 59.9, 0.612, 0.610
60814.0, -9999.00, 413.02, -9999.0, 1903.2, 59.3, 59.4, -9999.000, 0.605
60815.0, 413.06, 413.06, -9999.0, 1903.4, -9999.0, 60.3, 0.601, 0.600
60816.0, -9999.00, 413.09, 1903.4, 1903.5, 62.0, 61.4, -9999.000, 0.594
60817.0, 413.14, 413.13, -9999.0, 1903.5, -9999.0, 62.4, 0.587, 0.588
60818.0, -9999.00, 413.13, 1903.6, 1903.6, -9999.0, 63.1, -9999.000, 0.586
60819.0, -9999.00, 413.11, -9999.0, 1903.6, 63.7, 63.3, 0.585, 0.586
60820.0, 413.09, 413.09, 1903.5, 1903.5, -9999.0, 61.4, -9999.000, 0.586
60821.0, -9999.00, 413.09, -9999.0, 1903.3, 59.3, 59.4, -9999.000, 0.587
60822.0, 413.09, 413.09, -9999.0, 1903.0, -9999.0, 59.9, 0.588, 0.588
60823.0, -9999.00, 413.10, 1902.9, 1903.0, 60.8, 60.5, -9999.000, 0.587
60824.0, 413.11, 413.11, -9999.0, 1903.3, -9999.0, 61.5, 0.586, 0.586
60825.0, -9999.00, 413.16, 1903.6, 1903.7, -9999.0, 62.5, -9999.000, 0.581
60826.0, -9999.00, 413.23, -9999.0, 1904.0, 63.2, 63.1, 0.575, 0.577
60827.0, 413.27, 413.29, 1904.3, 1904.3, -9999.0, 62.5, -9999.000, 0.572
60828.0, -9999.00, 413.34, -9999.0, 1904.4, 62.0, 62.0, -9999.000, 0.566
60829.0, 413.39, 413.40, 1904.4, 1904.4, -9999.0, 59.8, 0.563, 0.561
60830.0, -9999.00, 413.43, -9999.0, 1904.5, 57.1, 57.6, -9999.000, 0.557
60831.0, 413.47, 413.47, -9999.0, 1904.7, -9999.0, 58.8, 0.553, 0.553
60832.0, -9999.00, 413.49, 1904.8, 1904.8, -9999.0, 61.1, -9999.000, 0.549
60833.0, 413.51, 413.50, -9999.0, 1905.1, 62.4, 62.1, 0.544, 0.545
60834.0, -9999.00, 413.55, 1905.3, 1905.3, -9999.0, 61.6, -9999.000, 0.541
60835.0, -9999.00, 413.63, -9999.0, 1905.4, 61.1, 61.7, -9999.000, 0.537
60836.0, 413.68, 413.69, 1905.5, 1905.5, -9999.0, 65.5, 0.535, 0.533
60837.0, -9999.00, 413.73, -9999.0, 1905.6, 69.7, 69.2, -9999.000, 0.528
60838.0, 413.76, 413.76, -9999.0, 1905.8, -9999.0, 65.2, 0.525, 0.524
60839.0, -9999.00, 413.77, 1905.9, 1905.9, 57.8, 60.0, -9999.000, 0.521
60840.0, 413.78, 413.77, -9999.0, 1905.9, -9999.0, 59.0, 0.517, 0.517
60841.0, -9999.00, 413.82, 1905.9, 1906.0, -9999.0, 61.2, -9999.000, 0.511
60842.0, -9999.00, 413.90, -9999.0, 1906.0, 62.8, 62.8, 0.502, 0.505
60843.0, 413.95, 413.97, 1906.1, 1906.1, -9999.0, 62.8, -9999.000, 0.498
60844.0, -9999.00, 414.03, -9999.0, 1906.2, 62.7, 62.7, -9999.000, 0.490
60845.0, 414.09, 414.09, 1906.4, 1906.3, -9999.0, 63.7, 0.484, 0.481
60846.0, -9999.00, 414.17, -9999.0, 1906.5, 65.1, 64.7, -9999.000, 0.473
60847.0, 414.26, 414.24, -9999.0, 1906.8, -9999.0, 64.4, 0.464, 0.464
60848.0, -9999.00, 414.29, 1907.0, 1907.1, -9999.0, 63.4, -9999.000, 0.461
60849.0, -9999.00, 414.33, -9999.0, 1907.3, 62.7, 61.8, 0.456, 0.457
60850.0, 414.35, 414.36, 1907.6, 1907.6, -9999.0, 59.0, -9999.000, 0.453
60851.0, -9999.00, 414.39, -9999.0, 1907.8, 56.3, 56.3, -9999.000, 0.449
60852.0, 414.41, 414.41, 1908.0, 1908.0, -9999.0, 58.1, 0.446, 0.445
60853.0, -9999.00, 414.40, -9999.0, 1908.2, 60.4, 59.9, -9999.000, 0.441
60854.0, 414.38, 414.39, -9999.0, 1908.4, -9999.0, 61.4, 0.438, 0.438
60855.0, -9999.00, 414.42, 1908.5, 1908.5, -9999.0, 62.8, -9999.000, 0.439
60856.0, 414.48, 414.46, -9999.0, 1908.5, 63.6, 63.9, 0.439, 0.439
60857.0, -9999.00, 414.49, 1908.5, 1908.5, -9999.0, 64.6, -9999.000, 0.437
60858.0, -9999.00, 414.53, -9999.0, 1908.5, 65.2, 65.4, -9999.000, 0.435
60859.0, 414.55, 414.56, 1908.5, 1908.5, -9999.0, 66.9, 0.433, 0.431
60860.0, -9999.00, 414.61, -9999.0, 1908.7, 68.6, 68.4, -9999.000, 0.424
60861.0, 414.67, 414.66, -9999.0, 1908.9, -9999.0, 68.9, 0.419, 0.419
60862.0, -9999.00, 414.69, 1909.0, 1909.2, 69.3, 69.1, -9999.000, 0.414
60863.0, 414.73, 414.72, -9999.0, 1909.5, -9999.0, 67.0, 0.409, 0.410
60864.0, -9999.00, 414.73, 1909.8, 1909.8, -9999.0, 62.5, -9999.000, 0.409
60865.0, -9999.00, 414.74, -9999.0, 1909.9, 59.0, 59.3, 0.408, 0.408
60866.0, 414.75, 414.76, 1909.9, 1909.9, -9999.0, 60.6, -9999.000, 0.406
60867.0, -9999.00, 414.81, -9999.0, 1910.0, 62.0, 62.0, -9999.000, 0.402
60868.0, 414.86, 414.86, 1910.1, 1910.1, -9999.0, 60.5, 0.399, 0.397
60869.0, -9999.00, 414.90, -9999.0, 1910.1, 58.4, 59.0, -9999.000, 0.392
60870.0, 414.95, 414.94, -9999.0, 1910.2, -9999.0, 59.7, 0.386, 0.386
60871.0, -9999.00, 415.00, 1910.3, 1910.2, -9999.0, 61.7, -9999.000, 0.380
60872.0, -9999.00, 415.06, -9999.0, 1910.0, 63.0, 62.8, 0.371, 0.373
60873.0, 415.10, 415.13, 1909.8, 1909.8, -9999.0, 62.4, -9999.000, 0.367
60874.0, -9999.00, 415.19, -9999.0, 1909.9, 62.0, 62.0, -9999.000, 0.361
60875.0, 415.25, 415.26, 1910.0, 1910.0, 62.0, 62.4, -9999.000, 0.355
60876.0, -9999.00, 415.30, -9999.0, 1909.8, 63.8, 63.5, -9999.000, 0.349
60877.0, 415.36, 415.35, -9999.0, 1909.5, -9999.0, 62.5, 0.344, 0.344
60878.0, -9999.00, 415.32, 1909.2, 1909.0, -9999.0, 60.6, -9999.000, 0.345
60879.0, 415.25, 415.27, -9999.0, 1908.4, 59.6, 61.5, 0.347, 0.346
60880.0, -9999.00, 415.24, 1907.7, 1907.7, -9999.0, 65.8, -9999.000, 0.350
60881.0, -9999.00, 415.21, -9999.0, 1907.6, 69.4, 68.8, -9999.000, 0.355
60882.0, 415.20, 415.19, 1907.4, 1907.4, -9999.0, 65.2, 0.358, 0.358
60883.0, -9999.00, 415.16, -9999.0, 1907.2, 61.2, 61.6, -9999.000, 0.358
60884.0, 415.12, 415.13, -9999.0, 1906.9, -9999.0, 60.6, 0.358, 0.358
60885.0, -9999.00, 415.16, 1906.7, 1906.3, 59.7, 60.0, -9999.000, 0.355
60886.0, 415.22, 415.20, -9999.0, 1905.5, -9999.0, 59.3, 0.351, 0.351
60887.0, -9999.00, 415.22, 1904.7, 1904.7, -9999.0, 58.5, -9999.000, 0.351
60888.0, -9999.00, 415.24, -9999.0, 1904.6, 58.0, 57.6, 0.350, 0.350
60889.0, 415.25, 415.22, 1904.5, 1904.5, -9999.0, 55.8, -9999.000, 0.353
60890.0, -9999.00, 415.12, -9999.0, 1904.5, 53.9, 54.1, -9999.000, 0.359
60891.0, 415.02, 415.02, -9999.0, 1904.5, -9999.0, 55.0, 0.363, 0.366
60892.0, -9999.00, 414.91, 1904.6, 1904.5, 56.5, 56.1, -9999.000, 0.377
60893.0, 414.76, 414.80, -9999.0, 1904.3, -9999.0, 57.7, 0.389, 0.388
60894.0, -9999.00, 414.70, 1904.1, 1904.0, -9999.0, 59.6, -9999.000, 0.398
60895.0, -9999.00, 414.60, -9999.0, 1903.6, 61.0, 61.2, 0.412, 0.408
60896.0, 414.54, 414.51, 1903.1, 1903.2, -9999.0, 62.1, -9999.000, 0.418
60897.0, -9999.00, 414.43, -9999.0, 1903.1, 62.9, 62.9, -9999.000, 0.426
60898.0, 414.36, 414.35, 1903.0, 1903.0, -9999.0, 62.2, 0.432, 0.436
60899.0, -9999.00, 414.24, -9999.0, 1902.9, 61.2, 61.4, -9999.000, 0.449
60900.0, 414.12, 414.14, -9999.0, 1902.8, -9999.0, 60.8, 0.462, 0.462
60901.0, -9999.00, 414.10, 1902.7, 1902.6, -9999.0, 60.2, -9999.000, 0.467
60902.0, -9999.00, 414.08, -9999.0, 1902.4, 59.8, 60.4, 0.474, 0.472
60903.0, 414.06, 414.03, 1902.1, 1902.1, -9999.0, 62.0, -9999.000, 0.479
60904.0, -9999.00, 413.96, -9999.0, 1902.0, 63.6, 63.5, -9999.000, 0.487
60905.0, 413.89, 413.89, 1901.8, 1901.9, -9999.0, 62.3, 0.492, 0.495
60906.0, -9999.00, 413.81, -9999.0, 1901.7, 60.7, 61.0, -9999.000, 0.502
60907.0, 413.72, 413.74, -9999.0, 1901.6, -9999.0, 61.7, 0.509, 0.509
60908.0, -9999.00, 413.71, 1901.4, 1901.4, -9999.0, 63.1, -9999.000, 0.514
60909.0, -9999.00, 413.70, -9999.0, 1901.3, 63.9, 63.2, 0.521, 0.519
60910.0, 413.69, 413.65, 1901.2, 1901.2, -9999.0, 61.2, -9999.000, 0.525
60911.0, -9999.00, 413.57, -9999.0, 1901.0, 59.3, 59.3, -9999.000, 0.532
60912.0, 413.51, 413.49, 1900.8, 1900.9, -9999.0, 59.3, 0.536, 0.540
60913.0, -9999.00, 413.40, -9999.0, 1900.7, 59.3, 59.3, -9999.000, 0.550
60914.0, 413.30, 413.31, -9999.0, 1900.4, -9999.0, 60.5, 0.559, 0.560
60915.0, -9999.00, 413.23, 1900.2, 1900.2, -9999.0, 62.1, -9999.000, 0.567
60916.0, 413.12, 413.15, -9999.0, 1900.0, 63.0, 62.8, 0.577, 0.575
60917.0, -9999.00, 413.17, 1899.7, 1899.7, -9999.0, 62.3, -9999.000, 0.573
60918.0, -9999.00, 413.27, -9999.0, 1899.7, 61.9, 62.2, -9999.000, 0.569
60919.0, 413.35, 413.39, 1899.7, 1899.7, -9999.0, 64.9, 0.567, 0.564
60920.0, -9999.00, 413.54, -9999.0, 1899.6, 68.1, 67.6, -9999.000, 0.558
60921.0, 413.71, 413.70, -9999.0, 1899.5, -9999.0, 64.4, 0.553, 0.549
60922.0, -9999.00, 413.91, 1899.4, 1899.6, 57.9, 60.0, -9999.000, 0.522
60923.0, 414.21, 414.13, -9999.0, 1900.0, -9999.0, 58.5, 0.491, 0.495
60924.0, -9999.00, 414.32, 1900.3, 1900.3, -9999.0, 59.7, -9999.000, 0.473
60925.0, -9999.00, 414.50, -9999.0, 1900.5, 60.7, 60.0, 0.442, 0.451
60926.0, 414.62, 414.65, 1900.7, 1900.7, -9999.0, 57.1, -9999.000, 0.433
60927.0, -9999.00, 414.77, -9999.0, 1900.8, 54.1, 54.3, -9999.000, 0.418
60928.0, 414.88, 414.88, -9999.0, 1900.9, -9999.0, 56.0, 0.406, 0.404
60929.0, -9999.00, 415.21, 1900.9, 1901.1, 59.1, 58.1, -9999.000, 0.395
60930.0, 415.67, 415.55, -9999.0, 1901.3, -9999.0, 60.1, 0.384, 0.386
60931.0, -9999.00, 415.76, 1901.5, 1901.5, -9999.0, 61.9, -9999.000, 0.388
60932.0, -9999.00, 415.90, -9999.0, 1901.3, 63.3, 63.2, 0.395, 0.393
60933.0, 416.00, 416.00, 1901.0, 1901.0, -9999.0, 62.8, -9999.000, 0.393
60934.0, -9999.00, 415.99, -9999.0, 1900.9, 62.4, 62.4, -9999.000, 0.389
60935.0, 415.99, 415.99, -9999.0, 1900.7, -9999.0, 62.0, 0.386, 0.384
60936.0, -9999.00, 416.03, 1900.6, 1900.7, 61.3, 61.5, -9999.000, 0.376
60937.0, 416.07, 416.06, -9999.0, 1900.9, -9999.0, 59.3, 0.368, 0.369
60938.0, -9999.00, 415.90, 1901.0, 1900.9, -9999.0, 55.9, -9999.000, 0.361
60939.0, -9999.00, 415.65, -9999.0, 1900.4, 53.6, 53.8, 0.351, 0.353
60940.0, 415.50, 415.50, 1899.8, 1899.8, -9999.0, 54.7, -9999.000, 0.348
60941.0, -9999.00, 415.50, -9999.0, 1899.8, 55.5, 55.6, -9999.000, 0.344
60942.0, 415.51, 415.50, 1899.9, 1899.9, -9999.0, 58.4, 0.342, 0.342
60943.0, -9999.00, 415.49, -9999.0, 1899.8, 61.9, 61.2, -9999.000, 0.341
60944.0, 415.47, 415.48, -9999.0, 1899.7, -9999.0, 59.5, 0.341, 0.341
60945.0, -9999.00, 415.42, 1899.6, 1899.9, -9999.0, 56.2, -9999.000, 0.342
60946.0, 415.33, 415.36, -9999.0, 1900.5, 54.3, 54.9, 0.344, 0.344
60947.0, -9999.00, 415.33, 1901.2, 1901.2, -9999.0, 56.5, -9999.000, 0.345
60948.0, -9999.00, 415.33, -9999.0, 1900.9, 57.9, 58.0, -9999.000, 0.346
60949.0, 415.33, 415.33, 1900.6, 1900.7, -9999.0, 58.8, 0.346, 0.348
60950.0, -9999.00, 415.33, -9999.0, 1900.6, 59.6, 59.5, -9999.000, 0.351
