data/rawdat/flt20220903/NOxCaRD_N57_20220903_R0.ict
39, 1001
Kristen Zuraski, Jeff Peischl, Steven. S. Brown, Wyndom S. Chace, Ken Aikin
NOAA Chemical Sciences Laboratory
NOxCaRD Instrument
CalFiDE
1, 1
2022, 09, 03, 2023, 02, 24
0
TO_Time_UTC, seconds_past_midnight
6
1, 1, 1, 1, 1, 1
-9999, -9999, -9999, -9999, -9999, -9999
NO_ppbv, ppbv
NO2_ppbv, ppbv
NOy_ppbv, ppbv
O3_ppbv, ppbv
NOx_ppbv, ppbv
Ox_ppbv, ppbv
1
N/A
18
PI_CONTACT_INFO: Address: NOAA Chemical Sciences Laboratory, Mail Stop R/CSL7, 325 Broadway, Boulder, CO 80305
PLATFORM: NOAA Twin Otter N57
LOCATION: California and Oregon
ASSOCIATED_DATA: N/A
INSTRUMENT_INFO: N/A
DATA_INFO: Units: parts per billion by volume (ppbv)
UNCERTAINTY: 5%
ULOD_FLAG: -7777
ULOD_VALUE: N/A
LLOD_FLAG: -8888
LLOD_VALUE: 50 pptv
DM_CONTACT_INFO: Data Manager: Ken Aikin; kenneth.c.aikin@noaa.gov
PROJECT_INFO: CalFiDE dates of study: August–September, 2022
STIPULATIONS_ON_USE: Use of these data require prior ok from PI.
OTHER_COMMENTS: 
REVISION: R0
R0: Final Data
TO_Time_UTC, NO_ppbv, NO2_ppbv, NOy_ppbv, O3_ppbv, NOx_ppbv, Ox_ppbv
[from data line 25092]
90791,0.010,-0.001,-0.007,71.287,0.009,71.286
90792,-0.063,0.033,-0.030,71.233,-0.030,71.266
90793,-0.116,0.029,0.064,71.473,-0.087,71.502
90794,-0.035,0.008,0.039,71.335,-0.028,71.342
90795,0.027,-0.003,0.101,71.389,0.024,71.386
90796,0.101,-0.023,0.160,71.746,0.078,71.723
90797,-0.073,-0.013,0.032,71.757,-0.086,71.744
90798,0.039,-0.053,-0.013,72.052,-0.014,72.000
90799,0.094,-0.018,0.079,72.247,0.076,72.229
90800,0.162,-0.042,0.083,72.179,0.120,72.137
90801,0.018,-0.001,0.010,72.543,0.017,72.542
90802,-0.090,-0.011,0.011,72.321,-0.100,72.310
90803,0.155,-0.049,0.004,72.487,0.106,72.438
90804,0.021,-0.031,-0.020,72.400,-0.010,72.369
90805,0.028,0.055,-0.051,72.192,0.083,72.247
90806,0.180,-0.038,0.018,72.099,0.142,72.061
90807,0.056,-0.011,0.011,72.193,0.045,72.182
90808,-0.024,0.033,-0.062,-9999.000,0.009,-9999.000
90809,0.081,-0.055,0.074,-9999.000,0.026,-9999.000
90810,0.002,-0.022,0.176,-9999.000,-0.020,-9999.000
90811,-0.017,0.082,0.060,71.746,0.065,71.828
90812,0.028,0.012,0.142,72.239,0.041,72.251
90813,0.113,-0.010,0.164,72.077,0.103,72.067
90814,-0.012,-0.026,-0.026,72.097,-0.038,72.071
90815,-0.035,-0.041,0.204,72.235,-0.076,72.194
90816,-0.044,0.031,-0.082,72.217,-0.012,72.248
90817,-0.036,-0.001,0.167,72.090,-0.036,72.090
90818,0.062,-0.025,0.001,72.185,0.037,72.160
90819,-0.058,0.029,0.026,72.259,-0.029,72.288
90820,-0.025,-0.006,0.020,72.546,-0.032,72.540
90821,0.075,-0.019,0.014,72.296,0.056,72.277
90822,0.057,-0.037,0.109,71.853,0.020,71.816
90823,-0.080,-0.040,0.043,71.857,-0.120,71.817
90824,0.060,0.004,0.136,71.699,0.063,71.702
90825,0.034,-0.005,0.078,71.514,0.029,71.509
90826,-0.014,0.030,0.069,71.672,0.016,71.702
90827,0.031,0.002,0.081,71.647,0.033,71.649
90828,0.195,0.022,0.138,71.240,0.217,71.262
90829,0.128,-0.040,0.168,70.631,0.088,70.591
90830,0.129,-0.013,0.035,70.977,0.116,70.964
90831,0.051,0.046,-0.019,71.034,0.097,71.080
90832,0.074,-0.036,0.044,70.617,0.038,70.581
90833,-0.002,0.047,0.001,70.200,0.044,70.247
90834,0.048,-0.003,-0.015,69.719,0.046,69.716
90835,0.153,-0.004,-0.022,69.727,0.149,69.723
90836,0.032,-0.043,0.001,68.506,-0.011,68.463
90837,-0.039,-0.022,-0.005,68.516,-0.061,68.494
90838,-0.020,0.032,0.065,68.634,0.012,68.666
90839,0.117,0.002,-0.004,68.853,0.120,68.855
90840,0.023,0.038,-0.008,69.093,0.061,69.131
90841,0.066,-0.080,0.081,69.455,-0.014,69.376
90842,-0.038,0.041,-0.049,69.341,0.004,69.383
90843,0.074,-0.030,0.000,69.465,0.044,69.435
90844,0.084,-0.056,0.006,68.465,0.028,68.410
90845,0.063,-0.041,-0.035,67.838,0.022,67.797
90846,0.017,0.015,0.204,68.112,0.032,68.128
90847,-0.008,-0.040,0.075,-9999.000,-0.048,-9999.000
90848,-0.059,0.020,-0.061,-9999.000,-0.039,-9999.000
90849,-0.106,0.033,-0.040,-9999.000,-0.073,-9999.000
90850,0.046,0.026,-0.001,-9999.000,0.071,-9999.000
90851,-0.046,0.070,0.039,70.172,0.024,70.242
90852,0.076,-0.014,0.047,69.727,0.062,69.713
90853,0.119,0.018,-0.047,69.666,0.137,69.684
90854,0.097,-0.041,-0.005,69.361,0.056,69.321
90855,0.136,-0.031,-0.019,69.304,0.105,69.273
90856,-0.050,0.047,0.078,68.365,-0.003,68.412
90857,-0.035,-0.002,-0.038,68.477,-0.037,68.475
90858,0.002,0.020,0.113,69.545,0.022,69.565
90859,0.144,-0.015,0.050,70.089,0.129,70.074
90860,-0.033,0.067,-0.045,69.975,0.034,70.041
90861,0.108,-0.011,0.033,70.406,0.098,70.395
90862,0.063,-0.002,0.143,70.596,0.060,70.594
90863,-0.070,0.002,0.056,-9999.000,-0.068,-9999.000
90864,0.057,-0.010,-0.037,-9999.000,0.047,-9999.000
90865,-0.056,0.002,0.097,-9999.000,-0.054,-9999.000
90866,-0.021,0.008,0.039,69.970,-0.014,69.978
90867,-0.119,0.022,0.085,69.896,-0.097,69.918
90868,0.058,0.026,0.060,70.793,0.084,70.819
90869,0.177,-0.050,0.110,71.107,0.127,71.057
90870,0.151,0.031,0.031,70.992,0.182,71.023
90871,0.021,0.010,-0.059,71.240,0.031,71.250
90872,0.085,-0.082,0.011,71.178,0.003,71.095
90873,0.088,0.019,0.129,71.141,0.107,71.160
90874,0.006,0.003,0.182,71.297,0.009,71.300
90875,-0.037,0.039,0.191,71.172,0.001,71.211
90876,-0.104,0.009,0.052,71.232,-0.095,71.240
90877,0.125,0.046,0.098,71.323,0.171,71.369
90878,-0.096,0.018,0.040,71.496,-0.077,71.514
90879,0.023,0.038,0.023,71.486,0.062,71.524
90880,0.074,0.006,0.075,71.452,0.080,71.457
90881,-0.002,-0.039,0.079,71.703,-0.041,71.663
90882,-0.011,0.032,0.106,71.491,0.021,71.522
90883,0.033,0.002,0.137,71.601,0.035,71.603
90884,0.122,-0.002,0.049,71.659,0.119,71.656
90885,-0.089,0.043,0.009,71.131,-0.046,71.175
90886,0.023,-0.034,0.140,-9999.000,-0.011,-9999.000
90887,0.072,0.031,-0.088,-9999.000,0.103,-9999.000
90888,-0.070,0.025,0.059,-9999.000,-0.045,-9999.000
90889,0.096,0.044,0.061,-9999.000,0.140,-9999.000
90890,0.164,0.040,0.142,71.419,0.204,71.459
90891,-0.045,0.024,0.028,71.778,-0.021,71.802
90892,-0.091,0.001,0.015,71.590,-0.090,71.591
90893,0.018,0.019,0.079,70.854,0.037,70.874
90894,0.120,0.013,0.090,71.013,0.133,71.026
90895,0.038,-0.038,0.154,70.881,0.001,70.843
90896,-0.103,0.045,0.150,70.719,-0.058,70.764
90897,0.043,-0.012,0.054,70.586,0.031,70.574
90898,0.059,-0.021,0.021,70.074,0.038,70.053
90899,0.029,0.015,0.021,69.881,0.044,69.896
90900,0.050,0.029,0.176,69.938,0.079,69.967
90901,0.110,-0.031,0.030,69.811,0.079,69.780
90902,0.115,-0.008,0.084,69.233,0.108,69.226
90903,0.007,-0.041,0.051,69.420,-0.034,69.379
90904,-0.039,-0.011,0.017,69.612,-0.050,69.600
90905,0.025,0.030,-0.085,69.829,0.055,69.860
90906,-0.006,0.030,0.026,69.668,0.024,69.697
90907,-0.045,0.013,0.109,69.751,-0.033,69.764
90908,0.006,0.005,0.086,69.681,0.011,69.686
90909,-0.019,-0.014,0.102,69.649,-0.033,69.636
90910,0.000,0.031,0.072,68.561,0.031,68.592
90911,0.052,0.001,0.051,68.281,0.053,68.282
90912,0.051,0.004,0.037,68.055,0.055,68.059
90913,0.069,0.004,0.127,68.086,0.074,68.090
90914,0.098,-0.009,0.104,67.843,0.089,67.834
90915,0.080,-0.074,0.010,67.579,0.006,67.506
90916,0.058,0.026,-0.005,67.689,0.084,67.714
90917,-0.007,0.000,0.086,68.335,-0.006,68.335
90918,0.040,-0.017,0.029,68.424,0.023,68.407
90919,0.049,0.057,0.041,68.893,0.106,68.950
90920,0.042,-0.007,0.072,68.686,0.035,68.679
90921,-0.033,0.015,-0.046,68.244,-0.018,68.259
90922,0.043,-0.034,0.040,68.327,0.009,68.293
90923,-0.050,0.039,0.075,68.092,-0.011,68.131
90924,-0.080,0.033,0.081,68.967,-0.047,69.000
90925,0.113,-0.012,0.069,-9999.000,0.101,-9999.000
90926,0.004,0.049,0.141,-9999.000,0.053,-9999.000
90927,0.066,-0.054,0.179,-9999.000,0.012,-9999.000
90928,-0.004,0.002,0.051,-9999.000,-0.002,-9999.000
90929,-0.088,0.022,0.075,69.854,-0.066,69.876
90930,0.105,0.021,0.121,69.877,0.125,69.897
90931,-0.015,-0.029,0.170,69.947,-0.044,69.918
90932,-0.027,0.021,0.026,70.111,-0.006,70.132
90933,-0.015,-0.014,0.129,70.168,-0.029,70.154
90934,-0.083,0.053,0.242,69.938,-0.030,69.991
90935,0.153,-0.082,0.176,69.613,0.072,69.531
90936,0.125,-0.017,0.170,68.927,0.108,68.910
90937,0.131,0.012,0.123,68.280,0.143,68.291
90938,0.023,0.027,0.022,67.960,0.050,67.987
90939,0.028,-0.011,0.129,68.462,0.017,68.451
90940,-0.002,-0.023,0.035,68.546,-0.025,68.523
90941,0.015,0.032,0.113,67.822,0.047,67.854
90942,-0.041,0.030,0.212,67.652,-0.010,67.683
90943,0.049,-0.013,0.074,67.404,0.036,67.390
90944,0.061,0.005,0.174,67.615,0.066,67.620
90945,0.154,0.024,0.177,67.707,0.179,67.731
90946,-0.037,-0.014,0.058,67.849,-0.050,67.835
90947,0.066,-0.006,0.050,67.782,0.060,67.776
90948,0.079,-0.016,0.055,67.901,0.063,67.885
90949,0.172,-0.016,-0.039,68.077,0.155,68.060
90950,-0.032,0.057,0.061,67.753,0.025,67.811
90951,-0.050,0.025,0.049,68.161,-0.025,68.186
90952,0.039,0.029,0.088,67.756,0.069,67.785
90953,0.060,-0.008,-0.021,68.186,0.052,68.178
90954,0.027,0.000,0.126,68.053,0.027,68.054
90955,-9999.000,-9999.000,-9999.000,-9999.000,-9999.000,-9999.000
90956,-9999.000,-9999.000,-9999.000,-9999.000,-9999.000,-9999.000
90957,-9999.000,-9999.000,-9999.000,-9999.000,-9999.000,-9999.000
90958,-9999.000,-9999.000,-9999.000,-9999.000,-9999.000,-9999.000
90959,-9999.000,-9999.000,-9999.000,-9999.000,-9999.000,-9999.000
90960,-9999.000,-9999.000,-9999.000,-9999.000,-9999.000,-9999.000
90961,-9999.000,-9999.000,-9999.000,-9999.000,-9999.000,-9999.000
90962,-9999.000,-9999.000,-9999.000,-9999.000,-9999.000,-9999.000
90963,-9999.000,-9999.000,-9999.000,-9999.000,-9999.000,-9999.000
90964,-9999.000,-9999.000,-9999.000,-9999.000,-9999.000,-9999.000
90965,-9999.000,-9999.000,-9999.000,-9999.000,-9999.000,-9999.000
90966,-9999.000,-9999.000,-9999.000,-9999.000,-9999.000,-9999.000
90967,-9999.000,-9999.000,-9999.000,-9999.000,-9999.000,-9999.000
90968,-9999.000,-9999.000,-9999.000,-9999.000,-9999.000,-9999.000
90969,-9999.000,-9999.000,-9999.000,-9999.000,-9999.000,-9999.000
90970,-9999.000,-9999.000,-9999.000,-9999.000,-9999.000,-9999.000
90971,-9999.000,-9999.000,-9999.000,-9999.000,-9999.000,-9999.000
90972,-9999.000,-9999.000,-9999.000,-9999.000,-9999.000,-9999.000
90973,-9999.000,-9999.000,-9999.000,-9999.000,-9999.000,-9999.000
90974,-9999.000,-9999.000,-9999.000,-9999.000,-9999.000,-9999.000
90975,-9999.000,-9999.000,-9999.000,-9999.000,-9999.000,-9999.000
90976,-9999.000,-9999.000,-9999.000,-9999.000,-9999.000,-9999.000
90977,-9999.000,-9999.000,-9999.000,-9999.000,-9999.000,-9999.000
90978,-9999.000,-9999.000,-9999.000,-9999.000,-9999.000,-9999.000
90979,-9999.000,-9999.000,-9999.000,-9999.000,-9999.000,-9999.000
90980,-9999.000,-9999.000,-9999.000,-9999.000,-9999.000,-9999.000
90981,-9999.000,-9999.000,-9999.000,-9999.000,-9999.000,-9999.000
90982,-9999.000,-9999.000,-9999.000,-9999.000,-9999.000,-9999.000
90983,-9999.000,-9999.000,-9999.000,-9999.000,-9999.000,-9999.000
90984,-9999.000,-9999.000,-9999.000,-9999.000,-9999.000,-9999.000
90985,-0.017,0.005,-9999.000,-9999.000,-0.012,-9999.000
90986,0.082,0.004,-9999.000,-9999.000,0.086,-9999.000
90987,-0.041,-0.020,-9999.000,-9999.000,-0.060,-9999.000
90988,0.080,0.006,-9999.000,-9999.000,0.086,-9999.000
90989,-0.001,0.012,-9999.000,-9999.000,0.011,-9999.000
90990,0.000,-0.049,-9999.000,-9999.000,-0.049,-9999.000
90991,0.015,-0.003,-9999.000,-9999.000,0.012,-9999.000
90992,-0.131,0.065,-9999.000,-9999.000,-0.066,-9999.000
90993,0.048,-0.030,-9999.000,-9999.000,0.017,-9999.000
90994,0.026,-0.029,-9999.000,-9999.000,-0.002,-9999.000
90995,-0.063,-0.006,-9999.000,-9999.000,-0.069,-9999.000
90996,-0.131,0.095,-9999.000,-9999.000,-0.037,-9999.000
90997,-0.034,0.003,-9999.000,-9999.000,-0.031,-9999.000
90998,0.012,0.017,-9999.000,-9999.000,0.029,-9999.000
90999,0.109,-0.026,-9999.000,-9999.000,0.083,-9999.000
91000,0.123,-0.063,-9999.000,-9999.000,0.060,-9999.000
91001,0.039,-0.041,-9999.000,-9999.000,-0.001,-9999.000
91002,-0.037,0.015,-9999.000,-9999.000,-0.022,-9999.000
91003,0.072,-0.033,-9999.000,-9999.000,0.040,-9999.000
91004,0.160,-0.041,-9999.000,-9999.000,0.119,-9999.000
91005,-0.073,0.036,-9999.000,-9999.000,-0.038,-9999.000
91006,-0.003,0.035,-9999.000,-9999.000,0.033,-9999.000
91007,0.070,-0.012,-9999.000,-9999.000,0.058,-9999.000
91008,-0.010,-0.018,-9999.000,-9999.000,-0.028,-9999.000
91009,-0.032,-0.030,-9999.000,-9999.000,-0.063,-9999.000
91010,-0.170,0.050,-9999.000,-9999.000,-0.120,-9999.000
91011,0.101,0.033,-9999.000,-9999.000,0.134,-9999.000
91012,-0.045,-0.047,-9999.000,-9999.000,-0.092,-9999.000
91013,-0.005,0.018,-9999.000,-9999.000,0.013,-9999.000
91014,-0.110,0.018,-9999.000,-9999.000,-0.092,-9999.000
91015,-0.033,0.004,-9999.000,-9999.000,-0.029,-9999.000
91016,0.070,-0.054,-9999.000,-9999.000,0.016,-9999.000
91017,0.021,0.053,-9999.000,-9999.000,0.075,-9999.000
91018,0.080,-0.024,-9999.000,-9999.000,0.056,-9999.000
91019,0.040,-0.013,-9999.000,-9999.000,0.027,-9999.000
91020,0.027,0.003,-9999.000,-9999.000,0.029,-9999.000
91021,0.018,0.012,-9999.000,-9999.000,0.029,-9999.000
91022,0.080,0.034,-9999.000,-9999.000,0.114,-9999.000
91023,0.169,-0.043,-9999.000,-9999.000,0.126,-9999.000
91024,-0.077,0.023,-9999.000,-9999.000,-0.054,-9999.000
91025,0.104,-0.027,-9999.000,-9999.000,0.077,-9999.000
91026,0.070,-0.027,-9999.000,-9999.000,0.043,-9999.000
91027,0.033,0.016,-9999.000,-9999.000,0.049,-9999.000
91028,-0.066,-0.012,-9999.000,-9999.000,-0.077,-9999.000
91029,0.058,0.025,-9999.000,-9999.000,0.083,-9999.000
91030,-0.006,-0.007,-9999.000,-9999.000,-0.013,-9999.000
91031,-0.033,0.076,-9999.000,-9999.000,0.043,-9999.000
91032,-0.031,0.021,-9999.000,-9999.000,-0.010,-9999.000
91033,0.006,-0.020,-9999.000,-9999.000,-0.014,-9999.000
91034,-0.021,-0.006,-9999.000,-9999.000,-0.027,-9999.000
91035,-0.013,0.013,-9999.000,-9999.000,0.000,-9999.000
91036,0.044,-0.010,-9999.000,-9999.000,0.034,-9999.000
91037,0.057,-0.024,-9999.000,-9999.000,0.033,-9999.000
91038,0.016,0.045,-9999.000,-9999.000,0.061,-9999.000
91039,0.030,0.018,-9999.000,-9999.000,0.048,-9999.000
91040,0.013,-0.002,-9999.000,-9999.000,0.011,-9999.000
91041,-0.007,0.025,-9999.000,-9999.000,0.018,-9999.000
91042,-0.101,0.011,-9999.000,-9999.000,-0.090,-9999.000
91043,0.021,-0.022,-9999.000,-9999.000,-0.001,-9999.000
91044,0.149,-0.045,-9999.000,-9999.000,0.104,-9999.000
91045,-0.013,-0.045,-9999.000,-9999.000,-0.058,-9999.000
91046,0.147,0.026,-9999.000,-9999.000,0.173,-9999.000
91047,0.041,-0.052,-9999.000,-9999.000,-0.011,-9999.000
91048,-0.070,0.092,-9999.000,-9999.000,0.022,-9999.000
91049,-0.128,0.050,-9999.000,-9999.000,-0.078,-9999.000
91050,-0.059,-0.003,-9999.000,-9999.000,-0.062,-9999.000
91051,0.093,-0.003,-9999.000,-9999.000,0.090,-9999.000
91052,0.111,-0.060,-9999.000,-9999.000,0.051,-9999.000
91053,0.104,-0.058,-9999.000,-9999.000,0.046,-9999.000
91054,0.017,-0.026,-9999.000,-9999.000,-0.009,-9999.000
91055,0.075,-0.040,-9999.000,-9999.000,0.035,-9999.000
91056,0.027,-0.005,-9999.000,-9999.000,0.023,-9999.000
91057,-0.134,-0.010,-9999.000,-9999.000,-0.144,-9999.000
91058,-0.016,0.014,-9999.000,-9999.000,-0.001,-9999.000
91059,-0.034,0.006,-9999.000,-9999.000,-0.027,-9999.000
91060,-0.085,-0.010,-9999.000,-9999.000,-0.095,-9999.000
91061,0.079,-0.040,-9999.000,-9999.000,0.038,-9999.000
91062,-0.058,0.001,-9999.000,-9999.000,-0.058,-9999.000
91063,0.065,0.014,-9999.000,-9999.000,0.079,-9999.000
91064,-0.006,0.026,-9999.000,-9999.000,0.020,-9999.000
91065,0.094,-0.020,-9999.000,-9999.000,0.073,-9999.000
91066,-0.013,0.056,-9999.000,-9999.000,0.043,-9999.000
91067,0.048,-0.023,-9999.000,-9999.000,0.024,-9999.000
91068,0.097,-0.048,-9999.000,-9999.000,0.049,-9999.000
91069,-0.023,-0.030,-9999.000,-9999.000,-0.053,-9999.000
91070,0.028,-0.029,-9999.000,-9999.000,-0.002,-9999.000
91071,0.065,0.033,-9999.000,-9999.000,0.098,-9999.000
91072,0.065,0.020,-9999.000,-9999.000,0.085,-9999.000
91073,0.001,-0.049,-9999.000,-9999.000,-0.048,-9999.000
91074,0.070,-0.071,-9999.000,-9999.000,-0.001,-9999.000
91075,-0.088,0.080,-9999.000,-9999.000,-0.008,-9999.000
91076,0.137,-0.061,-9999.000,-9999.000,0.076,-9999.000
91077,-0.011,0.026,-9999.000,-9999.000,0.014,-9999.000
91078,-0.058,-0.048,-9999.000,-9999.000,-0.106,-9999.000
91079,-0.001,0.017,-9999.000,-9999.000,0.017,-9999.000
91080,0.123,-0.022,-9999.000,-9999.000,0.101,-9999.000
91081,0.049,0.005,-9999.000,-9999.000,0.053,-9999.000
91082,0.032,-0.047,-9999.000,-9999.000,-0.015,-9999.000
91083,-0.048,-0.016,-9999.000,-9999.000,-0.064,-9999.000
91084,0.011,0.056,-9999.000,-9999.000,0.067,-9999.000
91085,0.104,0.016,-9999.000,-9999.000,0.119,-9999.000
91086,0.029,-0.012,-9999.000,-9999.000,0.017,-9999.000
91087,0.087,-0.047,-9999.000,-9999.000,0.041,-9999.000
91088,-0.013,0.062,-9999.000,-9999.000,0.049,-9999.000
91089,-0.298,0.318,-9999.000,-9999.000,0.020,-9999.000
91090,-0.027,0.053,-9999.000,-9999.000,0.025,-9999.000
91091,0.027,0.006,-9999.000,-9999.000,0.033,-9999.000
91092,-0.015,-0.017,-9999.000,-9999.000,-0.032,-9999.000
91093,0.091,-0.058,-9999.000,-9999.000,0.034,-9999.000
91094,-0.068,0.055,-9999.000,-9999.000,-0.013,-9999.000
91095,0.023,-0.007,-9999.000,-9999.000,0.016,-9999.000
91096,0.003,-0.009,-9999.000,-9999.000,-0.006,-9999.000
91097,0.088,0.015,-9999.000,-9999.000,0.103,-9999.000
91098,0.018,0.044,-9999.000,-9999.000,0.062,-9999.000
91099,0.053,0.000,-9999.000,-9999.000,0.054,-9999.000
91100,-0.031,-0.025,-9999.000,-9999.000,-0.055,-9999.000
