data/rawdat/flt20220903/NOxCaRD_N57_20220903_R0.ict
39, 1001
Kristen Zuraski, Jeff Peischl, Steven. S. Brown, Wyndom S. Chace, Ken Aikin
NOAA Chemical Sciences Laboratory
NOxCaRD Instrument
CalFiDE
1, 1
2022, 09, 03, 2023, 02, 24
0
TO_Time_UTC, seconds_past_midnight
6
1, 1, 1, 1, 1, 1
-9999, -9999, -9999, -9999, -9999, -9999
NO_ppbv, ppbv
NO2_ppbv, ppbv
NOy_ppbv, ppbv
O3_ppbv, ppbv
NOx_ppbv, ppbv
Ox_ppbv, ppbv
1
N/A
18
PI_CONTACT_INFO: Address: NOAA Chemical Sciences Laboratory, Mail Stop R/CSL7, 325 Broadway, Boulder, CO 80305
PLATFORM: NOAA Twin Otter N57
LOCATION: California and Oregon
ASSOCIATED_DATA: N/A
INSTRUMENT_INFO: N/A
DATA_INFO: Units: parts per billion by volume (ppbv)
UNCERTAINTY: 5%
ULOD_FLAG: -7777
ULOD_VALUE: N/A
LLOD_FLAG: -8888
LLOD_VALUE: 50 pptv
DM_CONTACT_INFO: Data Manager: Ken Aikin; kenneth.c.aikin@noaa.gov
PROJECT_INFO: CalFiDE dates of study: August–September, 2022
STIPULATIONS_ON_USE: Use of these data require prior ok from PI.
OTHER_COMMENTS: 
REVISION: R0
R0: Final Data
TO_Time_UTC, NO_ppbv, NO2_ppbv, NOy_ppbv, O3_ppbv, NOx_ppbv, Ox_ppbv
[from data line 21056]
86755,0.066,-0.011,-0.154,27.841,0.055,27.829
86756,-0.001,0.088,-0.203,27.685,0.087,27.773
86757,0.159,-0.019,-0.086,27.753,0.140,27.734
86758,-0.136,0.069,-0.253,27.533,-0.067,27.603
86759,-0.093,0.077,-0.256,27.460,-0.016,27.537
86760,-0.004,-0.017,-0.196,27.610,-0.021,27.592
86761,0.027,0.094,-0.195,28.145,0.121,28.239
86762,-0.002,0.035,-0.274,28.409,0.033,28.443
86763,-0.002,0.006,-0.236,28.333,0.003,28.339
86764,0.027,0.070,-0.203,28.266,0.097,28.336
86765,0.015,0.045,-0.254,28.231,0.060,28.276
86766,0.125,0.010,-0.178,28.345,0.135,28.355
86767,0.165,-0.014,-0.060,28.556,0.151,28.542
86768,0.095,0.043,-0.139,28.397,0.138,28.440
86769,-0.002,0.070,-0.144,28.518,0.069,28.589
86770,-0.095,-0.002,-0.226,28.493,-0.098,28.490
86771,0.058,0.021,-0.081,28.710,0.079,28.730
86772,0.116,0.053,-0.177,28.901,0.169,28.954
86773,-0.084,0.018,-0.039,28.580,-0.065,28.598
86774,0.004,0.091,0.030,28.371,0.094,28.461
86775,0.038,0.058,-0.041,28.230,0.096,28.288
86776,0.047,0.027,0.031,28.186,0.073,28.212
86777,-0.012,0.044,-0.070,27.946,0.032,27.990
86778,-0.000,0.063,0.001,27.989,0.062,28.052
86779,-0.005,0.020,-0.057,28.069,0.014,28.088
86780,-0.014,-0.005,-0.083,28.493,-0.019,28.488
86781,0.154,0.056,0.023,28.376,0.210,28.433
86782,0.135,-0.017,0.083,28.318,0.118,28.301
86783,0.253,0.007,0.037,28.209,0.259,28.215
86784,0.028,0.022,0.028,28.016,0.050,28.038
86785,-0.026,0.023,0.151,27.922,-0.003,27.946
86786,-0.021,0.017,0.126,27.908,-0.004,27.924
86787,-0.097,0.025,-0.055,27.853,-0.073,27.878
86788,-0.031,0.006,-0.002,28.402,-0.025,28.408
86789,0.017,0.023,-0.216,28.224,0.039,28.246
86790,0.069,-0.025,-0.179,27.795,0.044,27.770
86791,-0.030,0.064,-0.229,27.407,0.033,27.471
86792,-0.003,0.037,-0.084,27.101,0.034,27.138
86793,0.013,0.078,-0.182,27.036,0.091,27.114
86794,0.044,0.008,-0.165,26.969,0.053,26.977
86795,0.070,0.072,-0.046,26.782,0.142,26.854
86796,-0.032,0.084,-0.152,27.070,0.052,27.154
86797,0.121,0.001,0.006,27.343,0.122,27.343
86798,-0.001,0.030,-0.085,27.236,0.030,27.266
86799,-0.114,0.029,-0.079,27.332,-0.085,27.361
86800,-0.027,0.032,0.010,27.240,0.005,27.272
86801,-0.046,0.051,-0.178,26.984,0.005,27.035
86802,0.086,0.014,-0.120,26.907,0.100,26.921
86803,-0.000,-0.015,-0.132,26.991,-0.015,26.976
86804,0.260,-0.021,-0.089,26.846,0.239,26.824
86805,0.202,0.042,-0.046,26.874,0.244,26.916
86806,0.062,-0.006,-0.094,27.058,0.056,27.051
86807,0.196,0.028,-0.063,27.315,0.224,27.342
86808,0.288,-0.034,-0.084,27.315,0.254,27.281
86809,0.103,-0.014,-0.013,27.243,0.089,27.228
86810,0.171,0.065,0.141,27.430,0.237,27.495
86811,0.202,-0.002,0.011,27.472,0.200,27.470
86812,0.305,0.057,0.218,27.562,0.362,27.619
86813,0.049,0.054,0.037,27.471,0.104,27.526
86814,0.065,0.032,-0.009,27.611,0.097,27.643
86815,0.053,0.044,-0.056,27.633,0.098,27.677
86816,0.186,0.039,-0.080,27.155,0.225,27.194
86817,0.186,0.021,0.004,27.103,0.207,27.124
86818,0.247,-0.011,0.030,27.200,0.235,27.189
86819,0.219,-0.008,-0.002,26.822,0.211,26.814
86820,0.351,0.001,0.118,26.621,0.352,26.622
86821,0.082,0.050,0.093,26.634,0.132,26.683
86822,0.170,0.114,-0.019,26.328,0.284,26.441
86823,0.224,0.025,0.114,26.224,0.250,26.250
86824,0.156,0.070,0.069,25.956,0.226,26.026
86825,0.140,0.011,0.042,25.691,0.151,25.702
86826,0.171,0.020,0.012,25.533,0.191,25.553
86827,0.255,-0.021,-0.002,25.423,0.233,25.401
86828,0.179,0.047,0.066,24.997,0.227,25.044
86829,0.257,0.035,0.072,24.832,0.292,24.867
86830,0.242,0.015,0.026,24.973,0.257,24.988
86831,0.249,0.087,0.067,24.852,0.336,24.939
86832,0.332,0.012,0.130,25.084,0.343,25.095
86833,0.194,0.054,0.088,25.413,0.248,25.468
86834,0.167,0.062,0.083,25.249,0.229,25.311
86835,0.269,0.012,0.006,25.368,0.281,25.380
86836,0.089,0.061,0.004,25.366,0.150,25.427
86837,0.285,0.048,0.025,25.426,0.333,25.474
86838,0.248,0.061,0.041,25.332,0.309,25.393
86839,0.198,0.006,-0.001,25.355,0.204,25.361
86840,0.230,-0.014,0.005,25.149,0.216,25.135
86841,0.269,-0.058,-0.003,-9999.000,0.211,-9999.000
86842,0.175,0.077,0.087,-9999.000,0.252,-9999.000
86843,0.115,0.052,-0.030,-9999.000,0.167,-9999.000
86844,0.359,0.003,0.010,24.847,0.362,24.849
86845,0.251,0.045,0.049,25.050,0.296,25.095
86846,0.231,0.033,0.005,24.939,0.263,24.972
86847,0.342,0.003,-0.054,24.945,0.345,24.949
86848,0.190,0.090,0.031,24.920,0.280,25.010
86849,0.406,0.003,0.237,24.937,0.409,24.940
86850,0.346,0.031,0.180,24.933,0.377,24.964
86851,0.373,0.017,0.119,24.777,0.390,24.794
86852,0.551,-0.028,0.126,24.697,0.523,24.669
86853,0.357,0.087,0.294,24.724,0.445,24.811
86854,0.506,0.015,0.087,24.813,0.522,24.829
86855,0.394,0.063,0.206,24.936,0.457,25.000
86856,0.573,0.042,0.099,24.969,0.615,25.011
86857,0.272,0.044,0.098,25.075,0.316,25.119
86858,0.322,0.062,-0.000,25.220,0.384,25.282
86859,0.254,0.028,-0.104,24.982,0.282,25.010
86860,0.158,0.068,-0.150,25.310,0.226,25.378
86861,0.061,0.107,0.005,24.968,0.168,25.075
86862,0.167,-0.008,-0.072,25.364,0.159,25.356
86863,0.218,0.038,-0.043,25.460,0.256,25.497
86864,0.257,0.043,-0.117,25.371,0.300,25.414
86865,0.295,-0.003,0.051,25.476,0.292,25.473
86866,0.187,0.136,0.146,25.670,0.323,25.805
86867,0.118,0.081,0.117,25.310,0.199,25.391
86868,0.201,0.000,0.022,25.727,0.201,25.728
86869,0.263,-0.016,0.074,25.497,0.247,25.481
86870,0.161,0.031,0.043,25.833,0.192,25.864
86871,-0.041,0.033,0.083,25.647,-0.008,25.680
86872,0.011,0.019,0.026,25.113,0.030,25.132
86873,-0.060,0.009,-0.095,25.071,-0.051,25.080
86874,0.079,0.032,-0.077,25.636,0.111,25.668
86875,0.126,-0.005,-0.178,25.868,0.121,25.863
86876,0.123,0.060,-0.068,25.952,0.183,26.012
86877,0.045,0.015,0.039,26.286,0.060,26.301
86878,0.086,0.084,0.108,26.347,0.170,26.431
86879,0.098,0.041,0.016,26.359,0.140,26.401
86880,0.096,0.012,0.058,26.533,0.108,26.545
86881,0.117,0.013,0.096,26.509,0.130,26.522
86882,-0.223,0.054,0.046,27.172,-0.170,27.226
86883,-0.069,-0.032,0.038,27.813,-0.101,27.781
86884,-0.176,0.033,-0.072,28.341,-0.143,28.374
86885,-0.081,-0.003,-0.067,29.329,-0.084,29.326
86886,-0.029,0.059,-0.062,29.857,0.030,29.916
86887,0.182,-0.037,0.084,30.393,0.145,30.356
86888,0.081,0.055,0.050,29.777,0.136,29.832
86889,0.081,0.037,0.080,30.410,0.118,30.447
86890,0.182,-0.045,0.092,31.402,0.137,31.357
86891,0.019,0.053,0.091,31.717,0.071,31.769
86892,0.118,-0.002,-0.035,32.135,0.116,32.133
86893,0.093,-0.033,0.115,32.484,0.061,32.451
86894,0.006,-0.020,-0.021,32.364,-0.014,32.344
86895,-0.157,0.018,0.043,31.953,-0.140,31.971
86896,-0.006,-0.001,0.066,31.428,-0.007,31.427
86897,0.052,0.001,0.005,31.732,0.052,31.733
86898,-0.032,0.007,-0.078,32.033,-0.025,32.040
86899,-0.045,0.019,-0.004,32.132,-0.026,32.151
86900,-0.018,0.036,0.095,32.011,0.019,32.048
86901,-0.080,0.001,0.077,32.066,-0.079,32.067
86902,-0.094,0.010,-0.077,31.727,-0.085,31.737
86903,-0.113,0.067,-0.040,31.187,-0.046,31.254
86904,-0.128,0.077,-0.037,30.953,-0.050,31.030
86905,0.026,0.032,0.004,30.361,0.058,30.393
86906,0.117,-0.013,-0.021,29.294,0.104,29.281
86907,0.041,0.028,-0.081,28.411,0.069,28.439
86908,-0.009,0.214,0.357,27.843,0.204,28.056
86909,-0.048,0.220,0.527,27.742,0.171,27.962
86910,-0.166,0.392,0.526,27.607,0.226,28.000
86911,-0.049,0.406,0.880,27.430,0.358,27.837
86912,-0.104,0.293,0.455,27.357,0.188,27.650
86913,-0.074,0.320,0.730,27.621,0.246,27.941
86914,0.050,0.019,0.065,27.465,0.069,27.484
86915,0.008,0.100,0.003,27.138,0.108,27.238
86916,0.043,-0.033,-0.002,27.327,0.010,27.294
86917,-0.000,0.013,-0.045,27.021,0.013,27.035
86918,0.015,0.011,-0.110,27.016,0.026,27.027
86919,-0.078,-0.010,-0.067,27.118,-0.087,27.108
86920,0.129,0.005,-0.149,26.969,0.134,26.974
86921,0.003,-0.005,-0.198,26.789,-0.002,26.784
86922,-0.029,0.047,-0.123,26.858,0.018,26.905
86923,0.142,-0.044,-0.190,26.632,0.098,26.588
86924,-0.011,-0.025,-0.201,26.805,-0.036,26.780
86925,0.017,0.031,-0.181,26.609,0.047,26.640
86926,0.031,0.009,-0.177,26.651,0.040,26.660
86927,0.038,0.034,-0.108,26.708,0.072,26.742
86928,0.117,-0.009,-0.188,26.700,0.107,26.690
86929,0.114,-0.013,-0.034,26.761,0.101,26.748
86930,-0.074,-0.035,-0.172,26.715,-0.109,26.680
86931,0.115,-0.003,-0.178,26.758,0.112,26.755
86932,0.055,-0.012,-0.186,27.146,0.043,27.134
86933,-0.009,0.000,-0.192,27.066,-0.009,27.067
86934,0.123,0.045,-0.197,27.270,0.168,27.315
86935,0.070,0.058,-0.216,27.238,0.129,27.296
86936,-0.161,0.035,-0.085,27.234,-0.126,27.270
86937,0.107,-0.031,-0.169,26.882,0.077,26.851
86938,0.038,-0.026,-0.075,26.924,0.013,26.899
86939,0.115,0.011,-0.166,26.924,0.127,26.935
86940,-0.017,0.070,-0.137,27.018,0.052,27.088
86941,0.001,-0.003,-0.101,27.157,-0.002,27.154
86942,0.003,0.002,-0.133,26.933,0.005,26.935
86943,0.066,-0.107,-0.203,27.001,-0.041,26.894
86944,-0.093,0.046,-0.158,26.959,-0.047,27.006
86945,0.033,0.068,-0.123,27.033,0.101,27.101
86946,0.029,0.067,-0.171,26.790,0.096,26.857
86947,0.071,0.001,-0.228,26.781,0.072,26.782
86948,-0.009,0.068,-0.163,26.846,0.059,26.914
86949,0.050,0.017,-0.192,27.298,0.067,27.315
86950,-0.069,-0.017,-0.069,27.842,-0.086,27.825
86951,0.030,-0.011,-0.095,28.806,0.019,28.795
86952,0.014,-0.012,-0.062,29.151,0.002,29.140
86953,0.045,0.008,-0.008,29.075,0.054,29.084
86954,0.009,-0.027,-0.080,29.050,-0.018,29.023
86955,0.089,-0.060,-0.046,29.424,0.028,29.364
86956,0.044,0.008,-0.156,29.631,0.051,29.638
86957,0.042,-0.026,-0.017,29.541,0.017,29.516
86958,-0.076,0.074,-0.056,29.803,-0.001,29.877
86959,0.049,0.016,-0.015,29.964,0.065,29.981
86960,-0.126,0.021,-0.093,30.044,-0.105,30.065
86961,0.085,0.040,-0.118,30.363,0.125,30.403
86962,-0.019,0.031,0.072,30.554,0.012,30.585
86963,-0.031,0.029,-0.032,30.707,-0.001,30.736
86964,0.006,0.005,0.004,31.304,0.011,31.309
86965,0.098,-0.035,0.027,31.276,0.063,31.241
86966,-0.050,-0.010,-0.070,31.227,-0.060,31.217
86967,0.006,-0.046,0.123,31.091,-0.040,31.046
86968,-0.054,-0.010,0.035,31.118,-0.064,31.108
86969,-0.009,0.062,-0.031,30.429,0.053,30.491
86970,0.091,-0.021,0.007,30.359,0.070,30.338
86971,0.028,0.004,-0.082,30.272,0.032,30.275
86972,-0.060,0.064,-0.035,30.472,0.004,30.536
86973,0.021,-0.021,-0.047,30.257,0.000,30.236
86974,0.024,-0.041,0.034,30.839,-0.017,30.798
86975,0.107,-0.026,-0.043,31.037,0.082,31.011
86976,0.128,-0.010,-0.079,30.951,0.118,30.941
86977,0.116,-0.029,-0.111,31.059,0.087,31.030
86978,0.116,-0.021,-0.037,30.865,0.095,30.844
86979,0.160,-0.022,-0.065,30.478,0.138,30.456
86980,-0.077,-0.034,-0.026,30.760,-0.111,30.726
86981,0.148,-0.067,0.050,30.606,0.081,30.539
86982,-0.034,0.036,-0.085,30.770,0.002,30.805
86983,0.082,-0.079,-0.026,30.995,0.003,30.916
86984,0.222,-0.036,0.002,31.431,0.186,31.394
86985,-0.001,0.012,-0.152,31.792,0.011,31.803
86986,0.215,-0.015,-0.078,32.511,0.200,32.495
86987,0.037,0.033,-0.005,32.991,0.070,33.025
86988,0.015,-0.015,0.033,33.492,-0.000,33.478
86989,0.074,-0.018,-0.008,33.916,0.056,33.898
86990,0.131,-0.097,0.028,33.966,0.034,33.869
86991,0.038,-0.020,-0.087,33.668,0.018,33.648
86992,0.099,0.009,-0.002,33.347,0.107,33.356
86993,-0.023,0.028,0.094,32.831,0.005,32.859
86994,0.120,-0.002,-0.014,32.955,0.117,32.953
86995,-0.029,0.031,0.124,33.506,0.002,33.537
86996,0.040,0.011,-0.046,33.756,0.051,33.767
86997,-0.116,0.012,0.022,34.543,-0.105,34.554
86998,0.097,-0.007,0.011,35.831,0.090,35.823
86999,0.110,0.009,0.124,37.534,0.120,37.544
87000,0.035,0.016,0.118,37.957,0.051,37.973
87001,0.046,0.000,-0.028,-9999.000,0.046,-9999.000
87002,0.039,0.049,0.140,-9999.000,0.087,-9999.000
87003,0.037,0.046,0.072,-9999.000,0.083,-9999.000
87004,0.102,-0.037,0.166,39.482,0.065,39.445
87005,0.063,-0.007,0.045,40.555,0.056,40.549
87006,-0.004,-0.029,0.061,41.314,-0.033,41.286
87007,0.151,-0.054,0.008,43.049,0.097,42.995
87008,0.055,0.012,0.188,45.050,0.068,45.063
87009,-0.075,0.049,0.030,47.497,-0.027,47.545
87010,0.016,0.043,0.246,48.288,0.059,48.331
87011,-0.049,0.063,0.059,47.410,0.014,47.474
87012,0.070,0.008,0.106,46.380,0.078,46.388
87013,0.126,-0.022,0.113,45.923,0.104,45.901
87014,-0.031,-0.014,0.103,45.706,-0.045,45.692
87015,0.114,0.031,0.048,44.405,0.146,44.437
87016,0.063,-0.031,0.059,43.016,0.032,42.984
87017,-0.103,-0.037,0.098,41.449,-0.140,41.412
87018,-0.049,0.000,0.079,40.262,-0.049,40.262
87019,0.072,0.031,0.260,39.824,0.103,39.855
87020,0.069,-0.017,0.127,39.940,0.051,39.923
87021,0.024,-0.002,0.095,39.887,0.022,39.885
87022,0.040,0.014,0.148,40.995,0.053,41.008
87023,0.023,0.035,0.148,42.139,0.059,42.174
87024,0.056,-0.018,0.121,43.054,0.038,43.037
87025,-0.048,0.005,0.170,44.220,-0.043,44.225
87026,0.014,0.031,0.124,45.400,0.044,45.431
87027,0.063,0.018,0.212,45.951,0.082,45.969
87028,-0.128,0.067,0.163,46.446,-0.061,46.513
87029,0.029,0.036,0.101,46.888,0.065,46.924
87030,-0.085,0.045,0.193,46.866,-0.041,46.910
87031,0.090,-0.018,0.033,46.826,0.071,46.808
87032,-0.045,0.065,0.110,47.269,0.021,47.334
87033,0.127,-0.043,0.111,47.259,0.085,47.217
87034,0.119,0.015,0.110,46.992,0.133,47.007
87035,0.109,0.076,0.045,46.799,0.184,46.875
87036,-9999.000,-9999.000,-9999.000,-9999.000,-9999.000,-9999.000
87037,-9999.000,-9999.000,-9999.000,-9999.000,-9999.000,-9999.000
87038,-9999.000,-9999.000,-9999.000,-9999.000,-9999.000,-9999.000
87039,-9999.000,-9999.000,-9999.000,-9999.000,-9999.000,-9999.000
87040,-9999.000,-9999.000,-9999.000,-9999.000,-9999.000,-9999.000
87041,-9999.000,-9999.000,-9999.000,-9999.000,-9999.000,-9999.000
87042,-9999.000,-9999.000,-9999.000,-9999.000,-9999.000,-9999.000
87043,-9999.000,-9999.000,-9999.000,-9999.000,-9999.000,-9999.000
87044,-9999.000,-9999.000,-9999.000,-9999.000,-9999.000,-9999.000
87045,-9999.000,-9999.000,-9999.000,-9999.000,-9999.000,-9999.000
87046,-9999.000,-9999.000,-9999.000,-9999.000,-9999.000,-9999.000
87047,-9999.000,-9999.000,-9999.000,-9999.000,-9999.000,-9999.000
87048,-9999.000,-9999.000,-9999.000,-9999.000,-9999.000,-9999.000
87049,-9999.000,-9999.000,-9999.000,-9999.000,-9999.000,-9999.000
87050,-9999.000,-9999.000,-9999.000,-9999.000,-9999.000,-9999.000
87051,-9999.000,-9999.000,-9999.000,-9999.000,-9999.000,-9999.000
87052,-9999.000,-9999.000,-9999.000,-9999.000,-9999.000,-9999.000
87053,-9999.000,-9999.000,-9999.000,-9999.000,-9999.000,-9999.000
87054,-9999.000,-9999.000,-9999.000,-9999.000,-9999.000,-9999.000
87055,-9999.000,-9999.000,-9999.000,-9999.000,-9999.000,-9999.000
87056,-9999.000,-9999.000,-9999.000,-9999.000,-9999.000,-9999.000
87057,-9999.000,-9999.000,-9999.000,-9999.000,-9999.000,-9999.000
87058,-9999.000,-9999.000,-9999.000,-9999.000,-9999.000,-9999.000
87059,-9999.000,-9999.000,-9999.000,-9999.000,-9999.000,-9999.000
87060,-9999.000,-9999.000,-9999.000,-9999.000,-9999.000,-9999.000
87061,-9999.000,-9999.000,-9999.000,-9999.000,-9999.000,-9999.000
87062,-9999.000,-9999.000,-9999.000,-9999.000,-9999.000,-9999.000
87063,-9999.000,-9999.000,-9999.000,-9999.000,-9999.000,-9999.000
87064,-9999.000,-9999.000,-9999.000,-9999.000,-9999.000,-9999.000
87065,0.040,-0.008,-9999.000,34.368,0.033,34.360
87066,0.008,0.066,-9999.000,30.074,0.075,30.140
87067,-0.067,-0.011,-9999.000,28.951,-0.078,28.940
87068,-0.064,0.008,-9999.000,28.796,-0.056,28.804
87069,0.031,-0.027,-0.104,28.737,0.005,28.710
87070,0.016,-0.059,-0.044,28.628,-0.043,28.568
87071,-0.001,-0.028,-0.033,29.453,-0.029,29.425
87072,0.073,-0.022,-0.088,29.030,0.051,29.008
87073,0.033,0.285,0.434,29.698,0.317,29.982
87074,0.008,0.169,0.446,30.873,0.178,31.042
87075,0.187,-0.041,0.018,31.831,0.146,31.790
87076,0.064,-0.000,0.050,32.266,0.064,32.266
87077,0.009,0.037,0.099,32.637,0.046,32.674
87078,0.175,-0.019,-0.046,33.157,0.156,33.138
87079,0.056,0.025,-0.017,33.156,0.081,33.181
87080,0.036,0.034,-0.044,33.125,0.071,33.160
87081,-0.032,0.029,0.032,33.492,-0.002,33.521
87082,0.097,-0.026,-0.007,33.526,0.071,33.500
87083,0.069,-0.026,-0.117,30.893,0.043,30.867
87084,0.115,-0.049,-0.122,32.629,0.066,32.581
87085,0.103,0.073,-0.043,30.365,0.176,30.438
87086,0.148,-0.017,-0.115,29.126,0.131,29.109
87087,0.125,0.017,-0.088,29.204,0.142,29.221
87088,-0.020,-0.047,-0.143,28.863,-0.067,28.816
87089,0.070,-0.027,-0.100,29.123,0.043,29.096
87090,0.051,-0.056,-0.083,29.122,-0.004,29.067
87091,0.182,-0.047,-0.143,29.116,0.135,29.069
