data/rawdat/flt20220903/NOxCaRD_N57_20220903_R0.ict
39, 1001
Kristen Zuraski, Jeff Peischl, Steven. S. Brown, Wyndom S. Chace, Ken Aikin
NOAA Chemical Sciences Laboratory
NOxCaRD Instrument
CalFiDE
1, 1
2022, 09, 03, 2023, 02, 24
0
TO_Time_UTC, seconds_past_midnight
6
1, 1, 1, 1, 1, 1
-9999, -9999, -9999, -9999, -9999, -9999
NO_ppbv, ppbv
NO2_ppbv, ppbv
NOy_ppbv, ppbv
O3_ppbv, ppbv
NOx_ppbv, ppbv
Ox_ppbv, ppbv
1
N/A
18
PI_CONTACT_INFO: Address: NOAA Chemical Sciences Laboratory, Mail Stop R/CSL7, 325 Broadway, Boulder, CO 80305
PLATFORM: NOAA Twin Otter N57
LOCATION: California and Oregon
ASSOCIATED_DATA: N/A
INSTRUMENT_INFO: N/A
DATA_INFO: Units: parts per billion by volume (ppbv)
UNCERTAINTY: 5%
ULOD_FLAG: -7777
ULOD_VALUE: N/A
LLOD_FLAG: -8888
LLOD_VALUE: 50 pptv
DM_CONTACT_INFO: Data Manager: Ken Aikin; kenneth.c.aikin@noaa.gov
PROJECT_INFO: CalFiDE dates of study: August–September, 2022
STIPULATIONS_ON_USE: Use of these data require prior ok from PI.
OTHER_COMMENTS: 
REVISION: R0
R0: Final Data
TO_Time_UTC, NO_ppbv, NO2_ppbv, NOy_ppbv, O3_ppbv, NOx_ppbv, Ox_ppbv
[from data line 6338]
66398,0.033,-0.027,-0.183,60.161,0.006,60.134
66399,-0.027,-0.064,-0.085,60.283,-0.091,60.219
66400,-0.002,-0.063,-0.114,60.479,-0.066,60.416
66401,-0.085,-0.013,-0.165,60.874,-0.098,60.861
66402,-0.065,0.005,-0.166,61.188,-0.060,61.192
66403,-0.096,-0.035,-0.058,61.299,-0.131,61.264
66404,-0.134,0.001,-0.122,61.355,-0.134,61.355
66405,-0.076,-0.001,-0.164,60.789,-0.077,60.788
66406,-0.059,-0.009,-0.107,60.357,-0.068,60.348
66407,-0.046,0.017,-0.106,60.098,-0.029,60.114
66408,-0.107,-0.023,-0.116,59.852,-0.131,59.829
66409,-0.064,0.027,-0.073,60.078,-0.037,60.105
66410,-0.124,0.017,-0.145,59.927,-0.107,59.944
66411,-0.176,-0.001,-0.096,59.478,-0.176,59.478
66412,-0.273,-0.038,-0.098,58.841,-0.311,58.803
66413,-0.135,0.017,-0.073,59.014,-0.118,59.031
66414,-0.049,-0.005,-0.137,58.956,-0.054,58.951
66415,0.007,-0.067,-0.086,58.374,-0.060,58.307
66416,-0.106,-0.050,-0.094,57.812,-0.156,57.761
66417,0.033,-0.036,-0.137,57.842,-0.003,57.806
66418,-0.109,-0.027,-0.160,57.537,-0.136,57.510
66419,-0.187,0.060,-0.130,56.897,-0.126,56.957
66420,-0.054,-0.040,-0.118,56.285,-0.094,56.245
66421,-0.047,-0.048,-0.180,55.796,-0.095,55.748
66422,-0.121,-0.024,-0.081,55.435,-0.145,55.411
66423,0.034,-0.011,-0.047,54.989,0.023,54.978
66424,0.006,-0.033,-0.135,54.784,-0.026,54.752
66425,0.012,-0.068,-0.100,54.602,-0.056,54.534
66426,-0.064,-0.026,-0.159,54.414,-0.090,54.388
66427,-0.144,-0.044,-0.185,54.466,-0.187,54.422
66428,-0.101,0.012,-0.154,54.571,-0.089,54.583
66429,-0.113,-0.025,-0.117,54.435,-0.138,54.410
66430,-0.166,0.036,-0.136,54.326,-0.130,54.362
66431,-0.139,0.002,-0.103,54.181,-0.137,54.183
66432,-0.118,0.002,-0.201,54.202,-0.116,54.204
66433,-0.198,-0.019,-0.160,54.170,-0.217,54.152
66434,-0.120,0.016,-0.191,54.236,-0.104,54.252
66435,-0.132,-0.016,-0.157,54.476,-0.148,54.460
66436,-0.075,-0.043,-0.169,54.400,-0.118,54.357
66437,-0.061,-0.082,-0.192,54.410,-0.143,54.328
66438,0.034,-0.039,-0.153,54.618,-0.006,54.579
66439,-0.091,-0.046,-0.153,54.842,-0.137,54.797
66440,-0.019,-0.028,-0.086,55.265,-0.047,55.237
66441,-0.157,-0.012,-0.071,55.216,-0.170,55.204
66442,-0.076,-0.033,-0.162,55.276,-0.109,55.243
66443,-0.104,-0.031,-0.033,55.278,-0.135,55.247
66444,-0.042,-0.007,-0.065,55.292,-0.050,55.284
66445,-0.099,-0.022,-0.098,55.837,-0.120,55.815
66446,-0.150,0.007,-0.188,56.830,-0.143,56.837
66447,-0.168,0.009,-0.146,57.825,-0.158,57.834
66448,-0.077,-0.009,-0.180,58.665,-0.086,58.656
66449,-0.101,-0.074,-0.067,59.258,-0.175,59.184
66450,-0.072,-0.040,-0.133,59.779,-0.113,59.738
66451,-0.026,-0.037,-0.249,59.580,-0.063,59.543
66452,0.017,-0.057,-0.141,59.480,-0.040,59.423
66453,-0.046,-0.024,-0.244,58.776,-0.070,58.752
66454,0.060,0.022,-0.238,57.612,0.082,57.635
66455,0.124,-0.039,-0.107,56.501,0.085,56.462
66456,-0.012,0.027,0.106,55.700,0.015,55.727
66457,-0.024,0.021,0.088,-9999.000,-0.004,-9999.000
66458,-0.117,0.061,0.019,-9999.000,-0.056,-9999.000
66459,-0.050,0.020,0.185,-9999.000,-0.030,-9999.000
66460,-0.053,0.014,0.139,54.779,-0.039,54.793
66461,-0.170,0.086,-0.066,55.194,-0.084,55.280
66462,-0.220,0.084,-0.037,56.185,-0.135,56.269
66463,-0.120,-0.009,-0.025,58.105,-0.128,58.096
66464,-0.270,0.030,-0.137,59.771,-0.240,59.801
66465,-0.171,-0.010,-0.089,60.993,-0.181,60.983
66466,-0.228,-0.014,-0.178,61.383,-0.242,61.368
66467,-0.091,0.083,-0.108,61.050,-0.008,61.133
66468,-0.281,0.044,-0.197,61.613,-0.237,61.658
66469,-0.227,0.041,0.049,61.652,-0.185,61.693
66470,0.030,-0.002,-0.075,61.502,0.029,61.500
66471,-0.271,0.006,-0.007,61.580,-0.265,61.587
66472,-0.091,0.019,0.017,61.645,-0.072,61.664
66473,-0.092,0.058,-0.092,61.197,-0.034,61.255
66474,-0.156,0.037,-0.040,60.756,-0.120,60.792
66475,0.093,-0.037,0.019,60.022,0.056,59.985
66476,-0.097,-0.004,-0.016,57.794,-0.101,57.790
66477,0.012,-0.047,0.008,56.405,-0.035,56.358
66478,-0.074,-0.007,0.070,55.707,-0.081,55.700
66479,0.012,-0.020,0.241,55.424,-0.009,55.403
66480,-0.043,-0.002,0.236,55.410,-0.044,55.408
66481,0.148,-0.051,0.213,55.473,0.097,55.423
66482,0.065,-0.056,0.171,55.502,0.009,55.445
66483,0.060,-0.019,0.134,55.286,0.041,55.267
66484,0.038,0.015,0.080,55.636,0.053,55.651
66485,0.090,0.008,0.176,56.189,0.098,56.197
66486,-0.017,-0.005,0.237,58.971,-0.022,58.966
66487,0.045,0.034,0.166,59.874,0.079,59.909
66488,-0.033,0.025,0.174,60.242,-0.008,60.267
66489,0.004,-0.002,0.267,60.248,0.002,60.246
66490,0.022,0.020,0.165,60.035,0.042,60.055
66491,0.024,0.005,0.204,60.350,0.029,60.355
66492,0.091,-0.050,0.192,60.303,0.041,60.253
66493,0.116,0.021,0.135,60.307,0.137,60.328
66494,-0.114,0.026,0.231,60.501,-0.088,60.527
66495,-0.097,-0.022,0.126,60.465,-0.119,60.443
66496,-0.102,0.024,0.074,61.436,-0.077,61.460
66497,-0.061,0.062,0.169,61.769,0.001,61.830
66498,-9999.000,-9999.000,0.090,-9999.000,-9999.000,-9999.000
66499,-9999.000,-9999.000,0.128,-9999.000,-9999.000,-9999.000
66500,-9999.000,-9999.000,0.270,-9999.000,-9999.000,-9999.000
66501,-9999.000,-9999.000,0.072,-9999.000,-9999.000,-9999.000
66502,-9999.000,-9999.000,0.150,-9999.000,-9999.000,-9999.000
66503,-9999.000,-9999.000,-0.024,-9999.000,-9999.000,-9999.000
66504,-9999.000,-9999.000,0.080,-9999.000,-9999.000,-9999.000
66505,-9999.000,-9999.000,0.021,-9999.000,-9999.000,-9999.000
66506,-9999.000,-9999.000,0.084,-9999.000,-9999.000,-9999.000
66507,-9999.000,-9999.000,0.086,-9999.000,-9999.000,-9999.000
66508,-9999.000,-9999.000,-0.013,-9999.000,-9999.000,-9999.000
66509,-9999.000,-9999.000,0.098,-9999.000,-9999.000,-9999.000
66510,-9999.000,-9999.000,0.247,-9999.000,-9999.000,-9999.000
66511,-9999.000,-9999.000,0.264,-9999.000,-9999.000,-9999.000
66512,-9999.000,-9999.000,0.348,-9999.000,-9999.000,-9999.000
66513,-9999.000,-9999.000,0.311,-9999.000,-9999.000,-9999.000
66514,-9999.000,-9999.000,0.279,-9999.000,-9999.000,-9999.000
66515,-9999.000,-9999.000,0.217,-9999.000,-9999.000,-9999.000
66516,-9999.000,-9999.000,0.244,-9999.000,-9999.000,-9999.000
66517,-9999.000,-9999.000,0.220,-9999.000,-9999.000,-9999.000
66518,-9999.000,-9999.000,0.283,-9999.000,-9999.000,-9999.000
66519,-9999.000,-9999.000,0.265,-9999.000,-9999.000,-9999.000
66520,-9999.000,-9999.000,0.237,-9999.000,-9999.000,-9999.000
66521,-9999.000,-9999.000,0.209,-9999.000,-9999.000,-9999.000
66522,-9999.000,-9999.000,0.328,-9999.000,-9999.000,-9999.000
66523,-9999.000,-9999.000,0.205,-9999.000,-9999.000,-9999.000
66524,-9999.000,-9999.000,0.173,-9999.000,-9999.000,-9999.000
66525,-9999.000,-9999.000,0.275,-9999.000,-9999.000,-9999.000
66526,-9999.000,-9999.000,0.298,-9999.000,-9999.000,-9999.000
66527,-9999.000,-9999.000,0.161,-9999.000,-9999.000,-9999.000
66528,-0.136,-0.005,0.232,62.525,-0.141,62.520
66529,-0.122,-0.000,0.236,62.219,-0.123,62.219
66530,-0.107,0.023,0.135,62.183,-0.084,62.205
66531,-0.053,-0.062,0.127,62.046,-0.115,61.984
66532,-0.094,-0.091,0.145,62.038,-0.185,61.947
66533,-0.098,-0.025,0.054,62.462,-0.123,62.437
66534,-0.152,-0.026,0.123,62.636,-0.178,62.610
66535,-0.174,-0.110,0.073,63.501,-0.283,63.391
66536,-0.413,0.014,0.081,63.796,-0.400,63.810
66537,-0.250,0.004,-0.035,63.594,-0.246,63.599
66538,-0.157,-0.034,0.002,63.690,-0.191,63.656
66539,-0.287,0.056,0.103,63.492,-0.231,63.548
66540,-0.079,-0.081,0.092,63.591,-0.160,63.510
66541,-0.202,-0.045,0.039,63.511,-0.247,63.466
66542,-0.144,0.008,0.133,63.578,-0.136,63.585
66543,-0.185,-0.032,0.037,63.743,-0.217,63.710
66544,-0.100,-0.025,0.150,63.831,-0.126,63.806
66545,-0.194,0.018,0.021,63.629,-0.176,63.647
66546,-0.051,-0.026,0.072,63.638,-0.077,63.613
66547,-0.009,-0.036,0.128,63.746,-0.045,63.710
66548,-0.112,0.038,0.104,63.742,-0.074,63.779
66549,-0.062,-0.039,0.155,63.778,-0.101,63.738
66550,-0.138,-0.007,0.119,63.664,-0.146,63.657
66551,0.003,-0.056,0.077,63.547,-0.053,63.491
66552,-0.098,-0.010,0.132,63.676,-0.107,63.666
66553,-0.088,-0.072,0.022,63.725,-0.160,63.653
66554,-0.085,-0.032,0.061,63.068,-0.117,63.036
66555,-0.197,0.077,0.083,62.525,-0.120,62.602
66556,-0.111,-0.017,0.055,62.289,-0.128,62.272
66557,-0.062,-0.030,0.036,62.220,-0.093,62.189
66558,-0.200,0.006,0.104,62.091,-0.194,62.097
66559,-0.092,-0.001,0.024,61.747,-0.093,61.746
66560,0.002,-0.033,0.067,-9999.000,-0.031,-9999.000
66561,-0.199,0.001,-0.019,-9999.000,-0.198,-9999.000
66562,-0.037,-0.020,0.040,-9999.000,-0.057,-9999.000
66563,-0.108,0.029,-0.067,-9999.000,-0.079,-9999.000
66564,-0.012,-0.067,0.061,61.373,-0.079,61.306
66565,-0.122,0.023,-0.019,60.171,-0.100,60.194
66566,-0.128,-0.021,0.045,60.257,-0.149,60.236
66567,-0.144,0.002,0.005,60.342,-0.142,60.344
66568,-0.195,-0.027,-0.108,60.401,-0.223,60.373
66569,-0.095,0.010,0.004,60.144,-0.085,60.154
66570,-0.176,-0.037,-0.071,60.314,-0.213,60.277
66571,-0.253,0.004,0.012,60.059,-0.249,60.063
66572,-0.118,-0.022,-0.113,60.264,-0.140,60.242
66573,-0.068,-0.039,-0.153,60.207,-0.107,60.168
66574,-0.172,0.008,-0.009,60.020,-0.163,60.028
66575,-0.043,-0.062,0.010,60.065,-0.105,60.003
66576,-0.078,-0.078,-0.083,60.221,-0.156,60.143
66577,0.001,0.005,-0.108,60.082,0.006,60.088
66578,-0.035,-0.054,-0.097,60.179,-0.089,60.125
66579,-0.207,-0.038,-0.066,60.336,-0.245,60.298
66580,-0.204,-0.033,-0.105,60.746,-0.237,60.714
66581,-0.174,0.012,-0.165,60.880,-0.162,60.892
66582,-0.118,-0.033,-0.058,60.665,-0.151,60.633
66583,-0.167,-0.028,0.033,60.192,-0.196,60.163
66584,-0.058,-0.036,-0.149,59.932,-0.094,59.896
66585,-0.080,-0.057,-0.143,59.870,-0.138,59.812
66586,-0.180,0.011,0.024,59.660,-0.169,59.671
66587,-0.086,-0.032,-0.229,59.402,-0.118,59.370
66588,-0.110,-0.045,-0.032,59.201,-0.155,59.156
66589,-0.112,-0.043,-0.043,59.404,-0.154,59.361
66590,-0.098,-0.020,-0.031,59.598,-0.118,59.578
66591,-0.093,-0.016,-0.105,59.717,-0.109,59.702
66592,-0.186,-0.030,-0.116,59.585,-0.217,59.554
66593,-0.018,-0.059,-0.066,59.910,-0.077,59.851
66594,-0.180,-0.055,-0.091,60.052,-0.235,59.997
66595,-0.038,-0.039,-0.201,60.851,-0.076,60.812
66596,-0.065,-0.106,0.004,60.776,-0.171,60.670
66597,0.020,-0.036,0.018,61.553,-0.016,61.517
66598,-0.104,-0.029,-0.145,61.502,-0.133,61.473
66599,0.034,-0.031,-0.060,61.387,0.003,61.356
66600,-0.104,-0.024,0.065,61.995,-0.128,61.971
66601,-0.105,-0.014,-0.074,62.254,-0.119,62.240
66602,-0.042,-0.056,-0.019,62.123,-0.098,62.068
66603,-0.147,0.008,-0.184,62.279,-0.139,62.287
66604,-0.191,0.017,-0.106,62.035,-0.173,62.052
66605,-0.090,-0.082,-0.106,62.012,-0.172,61.930
66606,-0.122,-0.063,-0.144,61.636,-0.185,61.573
66607,-0.126,-0.077,0.007,61.182,-0.204,61.105
66608,-0.181,0.073,-0.106,61.198,-0.109,61.270
66609,-0.100,-0.019,-0.014,61.410,-0.120,61.390
66610,-0.150,-0.061,-0.090,61.323,-0.210,61.263
66611,-0.172,-0.091,-0.137,61.082,-0.263,60.992
66612,-0.001,-0.082,-0.053,61.456,-0.084,61.374
66613,-0.090,-0.024,-0.114,61.361,-0.114,61.337
66614,-0.075,0.003,-0.097,61.085,-0.072,61.088
66615,-0.168,-0.067,-0.142,61.231,-0.235,61.164
66616,-0.015,-0.026,-0.056,61.478,-0.041,61.452
66617,-0.188,0.016,-0.067,61.487,-0.172,61.502
66618,-0.248,-0.041,-0.089,61.584,-0.289,61.542
66619,-0.047,-0.051,-0.056,61.736,-0.098,61.685
66620,-0.017,-0.068,-0.048,61.797,-0.085,61.730
66621,-0.218,-0.019,0.008,61.649,-0.237,61.631
66622,-0.068,-0.030,-0.127,61.523,-0.098,61.493
66623,-0.161,-0.016,-0.143,61.172,-0.177,61.156
66624,-0.094,-0.060,-0.088,-9999.000,-0.154,-9999.000
66625,0.041,-0.099,-0.093,-9999.000,-0.058,-9999.000
66626,-0.092,-0.004,-0.084,-9999.000,-0.097,-9999.000
66627,-0.072,-0.043,0.063,-9999.000,-0.115,-9999.000
66628,0.087,-0.101,-0.054,61.850,-0.014,61.749
66629,-0.144,-0.025,-0.073,61.839,-0.169,61.814
66630,-0.090,0.006,-0.010,62.096,-0.083,62.102
66631,-0.165,0.010,-0.066,62.405,-0.155,62.415
66632,-0.045,0.066,-0.182,62.150,0.021,62.216
66633,-0.131,0.004,-0.028,62.372,-0.126,62.376
66634,-0.168,0.027,-0.113,62.073,-0.142,62.100
66635,-0.101,-0.024,-0.005,61.942,-0.125,61.917
66636,-0.037,-0.042,-0.146,62.036,-0.079,61.994
66637,-0.088,-0.017,-0.109,62.054,-0.105,62.037
66638,-0.128,-0.033,-0.056,62.092,-0.161,62.059
66639,-0.212,-0.004,-0.045,61.798,-0.216,61.795
66640,-0.154,-0.041,-0.136,61.923,-0.195,61.882
66641,-0.087,-0.008,-0.155,62.131,-0.094,62.123
66642,-0.089,-0.005,-0.087,61.887,-0.094,61.882
66643,-0.083,-0.030,-0.145,61.829,-0.114,61.799
66644,-0.001,-0.082,-0.072,62.020,-0.083,61.938
66645,-0.083,-0.011,-0.092,61.616,-0.094,61.605
66646,-0.122,-0.071,-0.080,61.563,-0.193,61.492
66647,0.039,-0.063,-0.115,61.220,-0.024,61.157
66648,-0.061,-0.048,-0.066,61.410,-0.109,61.362
66649,-0.116,-0.020,-0.130,61.360,-0.137,61.339
66650,-0.036,-0.002,-0.073,61.083,-0.038,61.081
66651,-0.060,-0.047,-0.088,60.912,-0.106,60.866
66652,-0.046,-0.006,-0.021,60.730,-0.053,60.723
66653,-0.065,-0.059,-0.014,60.739,-0.123,60.680
66654,-0.103,-0.038,-0.104,60.630,-0.142,60.591
66655,-0.230,0.046,-0.104,60.527,-0.184,60.573
66656,-0.015,-0.063,-0.075,60.181,-0.078,60.118
66657,-0.025,-0.064,0.012,60.549,-0.088,60.485
66658,0.043,-0.063,0.030,60.949,-0.020,60.886
66659,-0.125,-0.010,-0.111,60.461,-0.135,60.451
66660,-0.134,-0.045,-0.052,59.932,-0.179,59.887
66661,-0.005,-0.051,-0.082,60.021,-0.056,59.970
66662,-0.093,-0.012,-0.083,59.900,-0.105,59.888
66663,-0.103,-0.041,0.019,59.999,-0.145,59.958
66664,-0.188,-0.043,-0.072,59.919,-0.230,59.876
66665,-0.128,-0.024,-0.109,59.876,-0.151,59.852
66666,-0.060,-0.047,-0.045,59.714,-0.107,59.667
66667,-0.102,-0.001,-0.037,59.885,-0.103,59.884
66668,-0.059,-0.048,-0.091,60.517,-0.107,60.470
66669,-0.046,-0.099,-0.036,60.740,-0.145,60.641
66670,-0.152,-0.045,-0.078,60.852,-0.197,60.806
66671,-0.194,-0.018,-0.112,60.791,-0.212,60.773
66672,0.083,-0.046,-0.067,60.530,0.036,60.483
66673,0.011,-0.058,-0.035,60.230,-0.046,60.172
66674,-0.076,-0.031,-0.007,60.106,-0.107,60.075
66675,-0.196,-0.020,-0.064,59.822,-0.216,59.802
66676,0.041,-0.036,-0.123,59.841,0.006,59.805
66677,-0.045,-0.052,-0.048,59.892,-0.097,59.840
66678,-0.065,-0.015,0.003,59.705,-0.080,59.689
66679,-0.055,-0.081,-0.091,60.003,-0.136,59.922
66680,-0.148,-0.069,-0.080,60.282,-0.216,60.214
66681,-0.047,-0.046,-0.087,60.169,-0.093,60.122
66682,0.030,-0.104,-0.123,60.655,-0.074,60.551
66683,-0.025,-0.135,-0.164,60.833,-0.160,60.698
66684,-0.316,-0.011,-0.063,60.451,-0.327,60.440
66685,-0.054,-0.063,-0.076,60.437,-0.117,60.374
66686,-0.084,-0.093,0.049,60.464,-0.177,60.371
66687,0.072,-0.060,-0.078,60.789,0.012,60.729
66688,0.042,-0.105,-0.079,60.630,-0.063,60.525
66689,-0.004,-0.060,-0.138,-9999.000,-0.064,-9999.000
66690,0.045,-0.050,-0.098,-9999.000,-0.005,-9999.000
66691,0.060,-0.104,0.014,-9999.000,-0.044,-9999.000
66692,-0.007,-0.030,-0.109,-9999.000,-0.037,-9999.000
66693,-0.170,-0.055,-0.005,60.307,-0.226,60.252
66694,-0.060,-0.047,0.025,60.622,-0.106,60.575
66695,-0.051,-0.012,-0.070,60.687,-0.063,60.675
66696,-0.151,0.035,-0.082,60.358,-0.116,60.394
66697,0.009,-0.047,-0.048,60.502,-0.039,60.454
66698,-0.164,-0.005,-0.001,60.269,-0.169,60.264
66699,-0.042,-0.081,-0.102,60.419,-0.123,60.339
66700,-0.088,-0.047,-0.198,60.356,-0.135,60.309
66701,-0.076,-0.020,0.026,60.368,-0.096,60.348
66702,-0.009,-0.008,-0.087,60.568,-0.017,60.560
66703,-0.026,-0.095,-0.106,60.435,-0.121,60.340
66704,-0.126,-0.025,0.003,60.294,-0.151,60.269
66705,-0.005,-0.057,-0.095,60.409,-0.062,60.352
66706,0.036,-0.083,-0.114,60.786,-0.047,60.703
66707,-0.053,-0.050,-0.085,60.528,-0.103,60.477
66708,-0.119,-0.082,0.029,60.460,-0.201,60.378
66709,-0.209,-0.065,-0.173,60.441,-0.273,60.377
66710,-0.065,-0.073,-0.049,60.369,-0.138,60.296
66711,0.032,-0.115,-0.160,60.641,-0.083,60.526
66712,-0.067,-0.045,-0.014,60.612,-0.112,60.567
66713,-0.081,-0.054,-0.164,60.362,-0.135,60.308
66714,-0.049,-0.039,-0.051,60.201,-0.088,60.162
66715,-0.110,-0.098,-0.052,60.557,-0.208,60.459
66716,-0.087,-0.007,-0.102,60.188,-0.093,60.181
66717,-0.295,-0.025,-0.116,60.313,-0.320,60.288
66718,0.155,-0.097,-0.060,60.270,0.058,60.173
66719,-0.141,-0.043,-0.041,60.354,-0.185,60.311
66720,-0.085,-0.046,-0.114,60.302,-0.131,60.256
66721,-0.006,-0.027,-0.071,60.433,-0.034,60.406
66722,-0.038,-0.072,0.022,60.233,-0.110,60.162
66723,-0.089,0.003,-0.154,60.404,-0.085,60.407
