data/rawdat/flt20220903/NOxCaRD_N57_20220903_R0.ict
39, 1001
Kristen Zuraski, Jeff Peischl, Steven. S. Brown, Wyndom S. Chace, Ken Aikin
NOAA Chemical Sciences Laboratory
NOxCaRD Instrument
CalFiDE
1, 1
2022, 09, 03, 2023, 02, 24
0
TO_Time_UTC, seconds_past_midnight
6
1, 1, 1, 1, 1, 1
-9999, -9999, -9999, -9999, -9999, -9999
NO_ppbv, ppbv
NO2_ppbv, ppbv
NOy_ppbv, ppbv
O3_ppbv, ppbv
NOx_ppbv, ppbv
Ox_ppbv, ppbv
1
N/A
18
PI_CONTACT_INFO: Address: NOAA Chemical Sciences Laboratory, Mail Stop R/CSL7, 325 Broadway, Boulder, CO 80305
PLATFORM: NOAA Twin Otter N57
LOCATION: California and Oregon
ASSOCIATED_DATA: N/A
INSTRUMENT_INFO: N/A
DATA_INFO: Units: parts per billion by volume (ppbv)
UNCERTAINTY: 5%
ULOD_FLAG: -7777
ULOD_VALUE: N/A
LLOD_FLAG: -8888
LLOD_VALUE: 50 pptv
DM_CONTACT_INFO: Data Manager: Ken Aikin; kenneth.c.aikin@noaa.gov
PROJECT_INFO: CalFiDE dates of study: August–September, 2022
STIPULATIONS_ON_USE: Use of these data require prior ok from PI.
OTHER_COMMENTS: 
REVISION: R0
R0: Final Data
TO_Time_UTC, NO_ppbv, NO2_ppbv, NOy_ppbv, O3_ppbv, NOx_ppbv, Ox_ppbv
[from data line 21394]
87093,0.025,0.085,-0.068,30.712,0.110,30.797
87094,-0.082,-0.036,-0.068,30.426,-0.117,30.390
87095,0.151,-0.004,0.067,34.210,0.147,34.205
87096,0.023,-0.070,-0.016,34.259,-0.048,34.189
87097,0.052,-0.046,-0.052,-9999.000,0.006,-9999.000
87098,-0.079,0.010,-0.280,-9999.000,-0.069,-9999.000
87099,0.094,0.041,-0.142,-9999.000,0.134,-9999.000
87100,0.079,-0.013,-0.069,-9999.000,0.065,-9999.000
87101,0.063,-0.029,-0.073,-9999.000,0.034,-9999.000
87102,0.014,-0.026,0.078,-9999.000,-0.012,-9999.000
87103,-0.025,0.009,0.129,36.153,-0.016,36.162
87104,0.032,-0.021,-0.053,-9999.000,0.011,-9999.000
87105,0.037,-0.005,-0.074,-9999.000,0.032,-9999.000
87106,0.012,0.037,-0.138,-9999.000,0.049,-9999.000
87107,-0.052,0.072,-0.009,38.132,0.020,38.203
87108,0.222,-0.010,0.113,40.600,0.212,40.590
87109,-0.070,0.011,0.074,39.492,-0.058,39.503
87110,0.053,-0.047,0.111,39.149,0.006,39.102
87111,-0.065,0.013,-0.014,39.648,-0.052,39.661
87112,0.010,-0.033,0.064,39.158,-0.022,39.125
87113,0.209,-0.015,0.142,39.211,0.194,39.196
87114,0.016,-0.022,0.099,39.151,-0.006,39.129
87115,0.191,0.028,0.104,39.272,0.219,39.300
87116,0.120,-0.005,0.117,39.206,0.115,39.201
87117,-0.109,0.061,0.046,38.998,-0.047,39.059
87118,-0.031,-0.012,0.053,39.135,-0.043,39.124
87119,0.172,0.006,0.167,39.932,0.177,39.938
87120,0.075,-0.043,0.150,40.654,0.033,40.612
87121,0.058,-0.010,0.288,40.820,0.048,40.810
87122,0.094,-0.004,0.131,40.172,0.090,40.168
87123,0.129,0.062,0.176,39.611,0.190,39.673
87124,0.094,-0.008,0.234,39.980,0.087,39.972
87125,0.028,-0.032,0.064,40.043,-0.004,40.010
87126,-0.019,0.026,0.054,39.975,0.007,40.001
87127,0.033,0.074,0.076,40.032,0.107,40.106
87128,-0.082,0.053,0.071,40.732,-0.029,40.785
87129,0.007,0.008,0.082,40.880,0.015,40.888
87130,0.097,0.026,0.085,42.078,0.123,42.105
87131,0.056,0.011,0.045,41.766,0.067,41.777
87132,-0.049,0.025,0.136,41.320,-0.024,41.345
87133,-0.027,-0.026,0.187,42.458,-0.054,42.431
87134,0.065,0.006,-0.048,41.686,0.071,41.692
87135,-0.083,0.026,0.033,40.249,-0.057,40.274
87136,0.068,-0.052,-0.057,40.595,0.016,40.543
87137,0.111,-0.059,0.092,40.995,0.052,40.937
87138,0.125,-0.062,-0.057,40.947,0.063,40.885
87139,0.101,0.025,0.082,42.461,0.126,42.485
87140,0.167,-0.046,0.022,42.503,0.121,42.457
87141,-0.039,0.005,0.071,42.953,-0.034,42.958
87142,-0.032,-0.009,0.050,41.689,-0.041,41.679
87143,0.108,0.033,0.053,40.807,0.140,40.840
87144,0.061,-0.036,0.123,40.757,0.025,40.721
87145,0.055,0.014,0.086,40.599,0.068,40.613
87146,0.028,0.051,0.057,40.630,0.079,40.681
87147,-0.018,-0.001,0.081,41.079,-0.019,41.077
87148,0.294,-0.017,0.061,40.922,0.277,40.905
87149,0.117,0.073,0.045,39.270,0.191,39.343
87150,0.179,0.097,0.152,38.035,0.276,38.131
87151,-0.006,0.065,0.170,38.335,0.059,38.400
87152,-0.124,0.105,0.107,38.399,-0.019,38.504
87153,0.070,0.060,0.096,37.942,0.130,38.003
87154,0.140,-0.050,0.026,38.266,0.091,38.216
87155,0.163,-0.026,0.156,38.031,0.137,38.005
87156,0.274,0.015,0.147,38.919,0.289,38.934
87157,0.014,0.047,0.152,39.360,0.061,39.407
87158,0.192,0.023,0.062,40.755,0.215,40.779
87159,0.048,0.000,0.045,41.858,0.049,41.859
87160,-0.024,0.060,0.137,42.326,0.036,42.387
87161,-0.055,0.049,-0.077,42.188,-0.006,42.237
87162,-0.015,-0.042,0.093,41.971,-0.057,41.929
87163,0.149,0.017,0.124,41.566,0.165,41.583
87164,0.035,0.068,0.057,41.208,0.103,41.276
87165,0.070,0.016,0.113,40.443,0.087,40.460
87166,0.018,0.012,-0.070,39.360,0.031,39.372
87167,0.126,0.050,0.087,38.675,0.176,38.725
87168,0.129,-0.007,-0.060,38.368,0.122,38.361
87169,0.216,-0.017,0.180,38.217,0.199,38.200
87170,0.106,0.025,0.206,38.429,0.130,38.454
87171,0.256,-0.020,0.063,38.735,0.236,38.716
87172,0.273,0.010,0.098,38.591,0.283,38.601
87173,0.166,0.098,0.136,38.630,0.264,38.727
87174,0.094,0.029,0.191,38.552,0.122,38.581
87175,0.090,0.102,0.082,38.630,0.192,38.732
87176,0.232,0.018,-0.032,38.558,0.250,38.576
87177,0.024,0.025,0.166,38.920,0.049,38.945
87178,0.172,0.054,0.074,38.413,0.225,38.467
87179,0.088,-0.007,-0.059,38.479,0.081,38.471
87180,0.031,-0.002,0.017,38.504,0.029,38.502
87181,0.118,0.005,0.026,37.444,0.122,37.449
87182,0.151,-0.012,-0.014,35.886,0.140,35.875
87183,0.174,-0.022,0.131,36.420,0.153,36.399
87184,-0.013,-0.007,-0.021,35.917,-0.020,35.910
87185,0.080,-0.008,0.075,35.908,0.072,35.900
87186,0.137,0.023,0.027,37.449,0.159,37.472
87187,0.140,-0.058,0.044,38.600,0.082,38.542
87188,0.097,-0.027,0.015,38.335,0.070,38.308
87189,0.179,-0.019,0.100,38.521,0.160,38.502
87190,0.154,-0.033,0.085,38.206,0.121,38.173
87191,0.259,-0.018,0.087,38.241,0.241,38.223
87192,0.029,0.028,0.123,36.452,0.057,36.480
87193,-0.059,-0.078,-0.024,35.399,-0.137,35.321
87194,0.073,-0.076,-0.074,34.727,-0.003,34.651
87195,0.054,0.030,-0.126,34.229,0.085,34.260
87196,0.014,-0.054,-0.025,33.245,-0.041,33.191
87197,-0.034,-0.037,-0.026,32.612,-0.071,32.575
87198,-0.090,0.024,-0.133,32.089,-0.065,32.114
87199,0.001,-0.030,-0.027,31.677,-0.029,31.647
87200,-0.054,-0.030,-0.087,30.703,-0.085,30.673
87201,0.023,-0.041,-0.091,30.564,-0.019,30.522
87202,0.035,-0.026,-0.126,30.184,0.009,30.158
87203,-0.045,0.001,-0.038,29.256,-0.045,29.257
87204,0.006,-0.019,-0.057,29.284,-0.013,29.265
87205,0.184,-0.056,-0.005,29.165,0.128,29.109
87206,-0.141,0.038,-0.208,28.950,-0.103,28.987
87207,-0.143,0.025,-0.062,28.570,-0.118,28.595
87208,0.108,-0.026,0.020,28.685,0.082,28.660
87209,-0.083,-0.015,-0.094,29.463,-0.098,29.449
87210,0.080,-0.027,-0.068,29.951,0.053,29.925
87211,-0.047,-0.031,-0.098,30.861,-0.078,30.830
87212,0.008,-0.085,-0.146,31.115,-0.077,31.030
87213,-0.064,0.019,-0.128,31.652,-0.045,31.672
87214,-0.117,-0.011,-0.066,32.561,-0.128,32.550
87215,0.112,-0.060,-0.163,31.976,0.052,31.916
87216,0.050,0.013,-0.030,31.281,0.063,31.294
87217,-0.056,-0.014,-0.143,31.173,-0.070,31.158
87218,0.064,-0.026,-0.141,30.965,0.038,30.939
87219,0.086,-0.073,-0.248,30.611,0.013,30.538
87220,-0.024,-0.016,-0.133,30.590,-0.040,30.574
87221,0.006,0.029,-0.094,29.871,0.035,29.900
87222,0.096,-0.018,0.008,29.390,0.077,29.371
87223,0.038,0.003,-0.158,28.874,0.041,28.877
87224,0.060,-0.021,-0.147,28.806,0.039,28.784
87225,-0.167,0.049,-0.210,28.722,-0.119,28.771
87226,0.010,0.002,-0.090,28.565,0.012,28.566
87227,0.033,-0.017,-0.118,28.965,0.016,28.948
87228,0.102,-0.042,-0.171,29.268,0.059,29.226
87229,-0.137,0.013,-0.078,29.476,-0.124,29.488
87230,-0.065,0.012,-0.178,30.195,-0.053,30.207
87231,0.122,-0.013,-0.161,30.619,0.109,30.606
87232,-0.055,0.019,-0.151,30.775,-0.036,30.793
87233,-0.046,0.040,-0.122,31.186,-0.005,31.226
87234,-0.115,-0.048,-0.058,32.176,-0.163,32.128
87235,0.074,0.018,-0.024,32.857,0.093,32.875
87236,0.014,-0.001,-0.056,32.428,0.013,32.427
87237,-0.094,0.020,0.082,30.938,-0.074,30.957
87238,-0.081,-0.044,-0.005,29.913,-0.126,29.869
87239,0.051,-0.017,-0.078,29.830,0.034,29.813
87240,-0.149,0.013,0.064,29.560,-0.137,29.572
87241,-0.043,0.026,-0.128,29.076,-0.016,29.102
87242,0.044,-0.044,-0.217,28.851,-0.001,28.807
87243,-0.067,-0.075,-0.112,28.936,-0.141,28.861
87244,-0.072,-0.027,-0.188,28.661,-0.099,28.634
87245,0.031,-0.004,-0.088,28.701,0.027,28.698
87246,-0.153,0.013,-0.036,28.659,-0.139,28.672
87247,0.067,0.010,-0.169,29.082,0.077,29.092
87248,-0.145,-0.043,-0.320,29.846,-0.188,29.803
87249,-0.006,-0.016,-0.170,29.869,-0.022,29.853
87250,0.112,0.031,-0.116,29.199,0.144,29.230
87251,0.056,0.093,0.046,29.969,0.149,30.062
87252,-0.044,0.994,1.190,30.943,0.950,31.937
87253,0.065,1.601,2.939,32.883,1.666,34.484
87254,0.215,0.628,1.406,33.095,0.843,33.723
87255,0.050,0.117,0.008,34.273,0.167,34.389
87256,0.017,-0.009,-0.029,34.770,0.008,34.762
87257,-0.008,-0.001,-0.043,35.866,-0.009,35.865
87258,-0.064,0.077,-0.233,37.952,0.014,38.030
87259,0.084,-0.029,-0.123,37.992,0.055,37.963
87260,-0.075,0.029,0.021,37.765,-0.046,37.794
87261,-0.056,-0.019,-0.144,38.148,-0.075,38.130
87262,-0.014,-0.026,-0.198,37.289,-0.040,37.263
87263,-0.028,0.032,-0.192,38.267,0.005,38.300
87264,0.025,-0.029,-0.210,38.412,-0.004,38.383
87265,-0.006,0.026,-0.181,37.813,0.020,37.839
87266,-0.099,0.015,-0.178,38.965,-0.084,38.980
87267,0.039,0.003,-0.088,40.956,0.042,40.958
87268,0.133,-0.008,-0.157,41.537,0.124,41.529
87269,0.114,-0.050,-0.105,41.753,0.064,41.703
87270,-0.005,-0.051,-0.197,41.464,-0.056,41.413
87271,0.015,0.033,-0.202,43.062,0.049,43.095
87272,-0.161,-0.012,-0.124,45.828,-0.173,45.816
87273,0.042,0.033,-0.022,46.792,0.075,46.825
87274,0.191,-0.032,-0.082,45.211,0.159,45.179
87275,0.088,-0.048,-0.202,44.095,0.040,44.047
87276,0.074,-0.000,-0.263,44.467,0.074,44.467
87277,0.065,-0.024,-0.096,43.647,0.041,43.622
87278,-0.170,0.045,-0.143,41.515,-0.125,41.560
87279,0.034,0.004,-0.193,38.987,0.038,38.991
87280,0.032,0.010,-0.103,35.982,0.042,35.992
87281,0.108,0.019,-0.046,-9999.000,0.127,-9999.000
87282,0.048,0.006,-0.226,-9999.000,0.053,-9999.000
87283,-0.113,0.056,-0.183,-9999.000,-0.057,-9999.000
87284,0.069,-0.053,-0.194,37.783,0.016,37.730
87285,0.042,-0.044,-0.153,37.809,-0.001,37.766
87286,-0.004,0.009,-0.275,-9999.000,0.005,-9999.000
87287,-0.147,0.264,-0.169,-9999.000,0.117,-9999.000
87288,-0.271,1.660,2.356,-9999.000,1.389,-9999.000
87289,-0.056,2.506,4.361,33.929,2.450,36.435
87290,-0.003,1.681,2.666,32.883,1.677,34.564
87291,0.014,0.620,1.212,-9999.000,0.634,-9999.000
87292,-0.097,0.097,-0.172,-9999.000,0.001,-9999.000
87293,-0.038,-0.004,-0.239,-9999.000,-0.043,-9999.000
87294,0.013,0.030,-0.428,35.518,0.043,35.548
87295,-0.090,-0.002,-0.180,37.666,-0.092,37.664
87296,-0.090,0.030,-0.234,41.080,-0.060,41.110
87297,-0.095,-0.039,-0.158,42.489,-0.135,42.450
87298,-0.095,0.058,-0.101,44.405,-0.037,44.463
87299,-0.027,-0.006,-0.224,47.544,-0.033,47.538
87300,0.169,0.011,-0.208,48.655,0.180,48.666
87301,-0.074,0.056,-0.133,47.588,-0.018,47.644
87302,-0.124,0.078,-0.011,46.449,-0.047,46.527
87303,0.139,0.005,-0.111,46.069,0.144,46.074
87304,0.085,0.018,-0.093,45.713,0.103,45.731
87305,-0.069,0.032,-0.130,45.360,-0.037,45.392
87306,0.074,-0.054,-0.159,45.308,0.020,45.254
87307,-0.012,0.060,-0.171,44.868,0.048,44.928
87308,0.148,-0.033,-0.148,45.074,0.115,45.041
87309,0.091,-0.052,-0.107,44.402,0.038,44.350
87310,0.035,0.040,-0.108,43.790,0.076,43.830
87311,0.011,-0.011,-0.136,43.815,-0.000,43.804
87312,-0.127,0.040,-0.079,43.998,-0.086,44.038
87313,-0.045,0.036,-0.146,43.615,-0.009,43.650
87314,0.024,0.006,-0.173,43.622,0.029,43.627
87315,-0.044,0.029,-0.221,43.831,-0.015,43.860
87316,0.031,0.018,-0.224,44.446,0.049,44.464
87317,-0.107,-0.043,-0.191,44.787,-0.150,44.744
87318,0.040,0.006,-0.150,44.812,0.047,44.818
87319,0.003,0.013,-0.094,45.048,0.017,45.061
87320,0.159,-0.039,-0.041,45.183,0.120,45.144
87321,0.142,0.032,0.003,45.308,0.174,45.340
87322,0.038,0.024,-0.068,45.240,0.061,45.263
87323,-0.000,-0.008,-0.223,44.779,-0.008,44.771
87324,-0.037,-0.014,-0.325,43.811,-0.051,43.797
87325,-0.121,0.061,-0.180,43.479,-0.060,43.540
87326,-0.009,-0.044,-0.337,42.611,-0.052,42.567
87327,-0.100,0.013,-0.229,42.513,-0.088,42.525
87328,-0.098,-0.063,-0.268,41.559,-0.161,41.495
87329,-0.135,-0.015,-0.277,40.370,-0.150,40.355
87330,-0.049,0.001,-0.163,-9999.000,-0.047,-9999.000
87331,0.106,-0.023,-0.334,-9999.000,0.083,-9999.000
87332,0.076,0.015,-0.179,-9999.000,0.091,-9999.000
87333,0.049,0.025,-0.058,39.911,0.074,39.936
87334,0.060,-0.025,-0.009,39.705,0.035,39.680
87335,-0.203,0.027,-0.113,39.123,-0.176,39.150
87336,-0.041,-0.010,-0.280,37.798,-0.051,37.789
87337,-0.100,0.028,-0.166,36.055,-0.072,36.083
87338,-0.078,-0.010,-0.327,35.354,-0.087,35.344
87339,0.063,-0.021,-0.387,35.073,0.042,35.052
87340,-0.074,-0.027,-0.177,34.923,-0.101,34.895
87341,-0.146,0.015,-0.309,34.992,-0.131,35.007
87342,-0.083,-0.059,-0.132,35.272,-0.142,35.213
87343,0.094,-0.085,-0.292,35.369,0.009,35.284
87344,0.023,-0.014,-0.296,35.669,0.009,35.655
87345,-0.031,0.021,-0.337,35.913,-0.010,35.933
87346,0.136,0.021,-0.258,36.878,0.157,36.899
87347,0.118,-0.037,-0.005,38.525,0.081,38.488
87348,0.070,-0.097,-0.093,39.327,-0.027,39.230
87349,-0.065,-0.047,-0.145,40.477,-0.111,40.430
87350,-0.121,-0.008,-0.176,41.607,-0.129,41.599
87351,-0.177,0.010,-0.007,42.312,-0.167,42.323
87352,-0.067,-0.015,-0.266,44.098,-0.081,44.083
87353,0.072,-0.025,-0.112,46.476,0.047,46.451
87354,-0.107,-0.037,-0.124,48.303,-0.144,48.267
87355,0.059,-0.017,-0.068,49.195,0.042,49.178
87356,-0.051,-0.015,-0.077,48.547,-0.065,48.532
87357,0.090,-0.060,-0.039,46.747,0.030,46.687
87358,-0.018,0.013,-0.083,44.871,-0.006,44.883
87359,-0.131,0.002,-0.035,43.032,-0.129,43.034
87360,0.106,-0.065,-0.147,42.699,0.041,42.634
87361,0.079,0.021,-0.216,41.739,0.100,41.760
87362,-0.237,-0.014,-0.063,39.335,-0.252,39.321
87363,-0.046,-0.002,-0.102,36.757,-0.047,36.755
87364,-0.092,-0.031,-0.180,36.011,-0.123,35.980
87365,-0.035,0.054,-0.138,35.093,0.019,35.147
87366,-0.025,-0.022,-0.053,33.884,-0.047,33.861
87367,-0.219,-0.005,-0.106,32.795,-0.224,32.790
87368,0.026,-0.009,-0.081,32.534,0.017,32.525
87369,-0.018,-0.082,-0.139,32.652,-0.100,32.570
87370,0.066,0.022,-0.184,32.677,0.088,32.699
87371,-0.101,0.009,-0.227,32.489,-0.092,32.499
87372,0.018,-0.024,-0.060,32.060,-0.006,32.036
87373,0.008,-0.062,-0.058,31.673,-0.054,31.610
87374,-0.019,-0.067,-0.121,30.877,-0.085,30.811
87375,-0.082,0.053,-0.047,-9999.000,-0.029,-9999.000
87376,0.116,0.050,-0.073,-9999.000,0.166,-9999.000
87377,0.139,-0.025,0.013,-9999.000,0.114,-9999.000
87378,0.169,0.030,0.110,31.394,0.199,31.424
87379,-0.001,-0.011,-0.010,31.594,-0.012,31.583
87380,-0.076,-0.042,-0.182,32.502,-0.118,32.460
87381,-0.021,-0.028,-0.097,32.674,-0.049,32.645
87382,-0.221,0.057,-0.150,34.621,-0.164,34.678
87383,-0.029,-0.011,-0.082,34.813,-0.040,34.801
87384,-0.123,0.009,-0.119,34.110,-0.114,34.119
87385,-0.104,-0.047,-0.232,35.271,-0.151,35.224
87386,-0.036,0.003,-0.237,35.347,-0.033,35.350
87387,0.017,-0.150,-0.200,34.690,-0.134,34.539
87388,-0.107,-0.035,-0.171,34.596,-0.143,34.561
87389,0.043,-0.011,-0.225,34.485,0.033,34.475
87390,0.109,0.007,-0.205,34.200,0.116,34.208
87391,0.203,-0.015,-0.005,33.852,0.188,33.838
87392,0.173,0.047,0.063,33.834,0.220,33.882
87393,-0.039,0.021,0.074,33.916,-0.017,33.937
87394,-0.159,0.050,0.032,34.001,-0.108,34.052
87395,-0.165,-0.064,-0.164,34.536,-0.229,34.473
87396,-0.132,-0.100,-0.207,34.470,-0.233,34.369
87397,-0.128,-0.108,-0.206,34.594,-0.236,34.486
87398,-0.081,-0.032,-0.130,35.020,-0.113,34.988
87399,-0.038,-0.029,-0.078,36.188,-0.068,36.159
87400,0.095,-0.079,0.033,39.030,0.016,38.951
87401,-0.060,-0.058,-0.039,37.619,-0.118,37.561
87402,-0.188,-0.022,-0.037,37.364,-0.211,37.341
87403,-0.047,-0.041,-0.100,36.398,-0.088,36.357
87404,-0.085,-0.029,-0.031,36.238,-0.114,36.209
87405,-0.103,-0.017,-0.081,36.101,-0.120,36.083
87406,0.092,-0.044,-0.063,35.844,0.048,35.800
87407,-0.038,0.003,0.093,36.344,-0.036,36.347
87408,0.157,-0.033,0.062,36.720,0.124,36.687
87409,0.019,-0.051,0.080,37.612,-0.033,37.560
87410,-0.145,-0.000,-0.049,38.345,-0.145,38.344
87411,-0.243,-0.013,-0.038,38.656,-0.257,38.643
87412,0.054,0.005,-0.016,38.204,0.059,38.209
87413,0.231,-0.041,0.005,38.329,0.190,38.288
87414,0.195,-0.031,0.025,-9999.000,0.165,-9999.000
87415,0.107,0.076,0.223,-9999.000,0.183,-9999.000
87416,0.110,-0.042,0.174,-9999.000,0.068,-9999.000
87417,0.020,-0.019,-0.002,36.228,0.001,36.210
87418,-0.106,0.036,0.069,36.099,-0.070,36.135
87419,-0.034,-0.034,0.086,35.739,-0.069,35.705
87420,0.219,-0.040,0.062,35.267,0.179,35.228
87421,0.292,0.008,0.148,34.925,0.300,34.933
87422,0.321,0.043,0.298,34.656,0.364,34.699
87423,0.110,-0.035,0.220,34.680,0.075,34.645
87424,0.121,-0.019,0.076,34.819,0.102,34.800
87425,0.183,-0.074,0.154,35.058,0.108,34.984
87426,0.046,-0.020,0.128,35.096,0.026,35.076
87427,0.021,0.007,0.132,34.708,0.028,34.714
87428,-9999.000,-9999.000,-9999.000,-9999.000,-9999.000,-9999.000
87429,-9999.000,-9999.000,-9999.000,-9999.000,-9999.000,-9999.000
87430,-9999.000,-9999.000,-9999.000,-9999.000,-9999.000,-9999.000
87431,-9999.000,-9999.000,-9999.000,-9999.000,-9999.000,-9999.000
87432,-9999.000,-9999.000,-9999.000,-9999.000,-9999.000,-9999.000
87433,-9999.000,-9999.000,-9999.000,-9999.000,-9999.000,-9999.000
