data/rawdat/flt20220906/FlightData_N57_20220906_RA.ict
46, 1001
Ken Aikin, Steven S. Brown
NOAA Chemical Sciences Laboratory
AIMMS Probe
CalFiDE
1, 1
2022, 09, 06, 2022, 09, 16
1
TO_Time_UTC, seconds, seconds past midnight
13
1, 1, 1, 1, 1, 1, 1, 1, 1, 1, 1, 1, 1
-9999, -9999, -9999, -9999, -9999, -9999, -9999, -9999, -9999, -9999, -9999, -9999, -9999
AmbTemp, C
RelHumidity, %
StaticPrs, hPa
VertWindSpd, m/s
WindDir, deg
WindSpd, m/s
Heading, deg
Pitch, deg
Roll, deg
TrueAirSpd, m/s
GPSAlt, m
GPSLat, deg
GPSLon, deg
1
SPECIAL COMMENTS: Wind data is suspect and not reported. No AIMMS probe on flight 3. Filled in from 30sec data from FlightAware log file.
18
PI_CONTACT_INFO: Address: 325 Broadway, Boulder CO 80305
PLATFORM: NOAA Twin Otter N57RF
LOCATION: California and Oregon
ASSOCIATED_DATA: N/A
INSTRUMENT_INFO: N/A
DATA_INFO: Units: 
UNCERTAINTY: N/A
ULOD_FLAG: -7777
ULOD_VALUE: N/A
LLOD_FLAG: -8888
LLOD_VALUE: N/A
DM_CONTACT_INFO: Ken Aikin kenneth.c.aikin@noaa.gov
PROJECT_INFO: CalFiDE August - September 2022 https://csl.noaa.gov/groups/csl7/measurements/2022calfide/
STIPULATIONS_ON_USE: Use of these data require prior ok from PI.
OTHER_COMMENTS: N/A
REVISION: RA
RA: Preliminary Data.  For in-field use only.
TO_Time_UTC, AmbTemp, RelHumidity, StaticPrs, VertWindSpd, WindDir, WindSpd, Heading, Pitch, Roll, TrueAirSpd, GPSAlt, GPSLat, GPSLon
[from data line 1011]
57051,17.300,0.000,707.660,-9999.000,-9999.000,-9999.000,339.200,2.300,-1.400,120.400,2676.000,39.018,-121.541
57052,17.340,0.000,708.080,-9999.000,-9999.000,-9999.000,339.300,2.300,-1.500,120.000,2676.000,39.019,-121.541
57053,17.360,0.000,708.300,-9999.000,-9999.000,-9999.000,339.500,2.300,-1.200,119.800,2676.000,39.019,-121.542
57054,17.370,0.000,708.540,-9999.000,-9999.000,-9999.000,339.700,2.200,-1.200,119.600,2676.000,39.020,-121.542
57055,17.350,0.000,708.400,-9999.000,-9999.000,-9999.000,339.800,2.200,-1.400,119.800,2675.000,39.020,-121.542
57056,17.300,0.000,708.120,-9999.000,-9999.000,-9999.000,339.600,2.200,-1.400,120.200,2675.000,39.021,-121.543
57057,17.260,0.000,707.740,-9999.000,-9999.000,-9999.000,339.500,2.200,-1.400,120.600,2675.000,39.022,-121.543
57058,17.270,0.000,707.960,-9999.000,-9999.000,-9999.000,339.600,2.200,-1.500,120.500,2675.000,39.022,-121.543
57059,17.260,0.000,708.060,-9999.000,-9999.000,-9999.000,339.700,2.100,-1.500,120.500,2674.000,39.023,-121.544
57060,17.230,0.000,707.920,-9999.000,-9999.000,-9999.000,339.600,2.100,-1.600,120.600,2674.000,39.023,-121.544
57061,17.170,0.000,707.340,-9999.000,-9999.000,-9999.000,339.400,2.100,-1.800,121.200,2674.000,39.024,-121.545
57062,17.110,0.000,707.100,-9999.000,-9999.000,-9999.000,339.200,2.100,-1.700,121.600,2673.000,39.025,-121.545
57063,17.100,0.000,707.060,-9999.000,-9999.000,-9999.000,339.100,2.100,-1.700,121.600,2673.000,39.025,-121.545
57064,17.110,0.000,707.260,-9999.000,-9999.000,-9999.000,339.100,2.100,-1.500,121.500,2673.000,39.026,-121.546
57065,17.040,0.000,706.720,-9999.000,-9999.000,-9999.000,339.100,2.100,-1.500,122.100,2673.000,39.027,-121.546
57066,17.040,0.000,706.720,-9999.000,-9999.000,-9999.000,339.100,2.100,-1.600,122.200,2673.000,39.027,-121.547
57067,16.980,0.000,706.280,-9999.000,-9999.000,-9999.000,339.000,2.100,-1.500,122.700,2673.000,39.028,-121.547
57068,16.980,0.000,706.460,-9999.000,-9999.000,-9999.000,339.000,2.100,-1.400,122.600,2672.000,39.028,-121.547
57069,17.030,0.000,706.860,-9999.000,-9999.000,-9999.000,339.300,2.000,-1.200,122.100,2672.000,39.029,-121.548
57070,17.100,0.000,707.600,-9999.000,-9999.000,-9999.000,339.600,2.000,-1.300,121.500,2672.000,39.030,-121.548
57071,17.040,0.000,707.120,-9999.000,-9999.000,-9999.000,339.600,2.000,-1.500,122.000,2672.000,39.030,-121.548
57072,17.040,0.000,707.200,-9999.000,-9999.000,-9999.000,339.600,2.000,-1.400,121.900,2672.000,39.031,-121.549
57073,17.040,0.000,707.260,-9999.000,-9999.000,-9999.000,339.700,2.000,-1.500,121.900,2672.000,39.032,-121.549
57074,17.020,0.000,707.120,-9999.000,-9999.000,-9999.000,339.700,2.000,-1.600,122.000,2671.000,39.032,-121.550
57075,17.010,0.000,707.100,-9999.000,-9999.000,-9999.000,339.600,2.100,-1.600,122.100,2671.000,39.033,-121.550
57076,17.010,0.000,707.140,-9999.000,-9999.000,-9999.000,339.600,2.000,-1.600,122.100,2671.000,39.033,-121.550
57077,17.010,0.000,707.120,-9999.000,-9999.000,-9999.000,339.600,2.000,-1.700,122.100,2671.000,39.034,-121.551
57078,16.900,0.000,706.360,-9999.000,-9999.000,-9999.000,339.300,2.000,-1.900,122.900,2671.000,39.035,-121.551
57079,16.900,0.000,706.280,-9999.000,-9999.000,-9999.000,339.100,2.000,-1.800,122.900,2671.000,39.035,-121.552
57080,16.940,0.000,706.720,-9999.000,-9999.000,-9999.000,339.100,2.000,-1.500,122.500,2671.000,39.036,-121.552
57081,16.890,0.000,706.400,-9999.000,-9999.000,-9999.000,339.000,2.000,-1.500,122.900,2670.000,39.037,-121.552
57082,16.850,0.000,706.100,-9999.000,-9999.000,-9999.000,339.000,2.000,-1.600,123.200,2670.000,39.037,-121.553
57083,16.860,0.000,706.200,-9999.000,-9999.000,-9999.000,338.900,2.000,-1.500,123.100,2670.000,39.038,-121.553
57084,16.820,0.000,705.980,-9999.000,-9999.000,-9999.000,339.000,2.100,-1.600,123.500,2670.000,39.039,-121.554
57085,16.840,0.000,706.320,-9999.000,-9999.000,-9999.000,339.100,2.100,-1.300,123.300,2670.000,39.039,-121.554
57086,16.920,0.000,706.860,-9999.000,-9999.000,-9999.000,339.400,2.200,-1.300,122.500,2670.000,39.040,-121.554
57087,16.890,0.000,706.860,-9999.000,-9999.000,-9999.000,339.600,2.200,-1.300,122.600,2670.000,39.040,-121.555
57088,16.860,0.000,706.640,-9999.000,-9999.000,-9999.000,339.600,2.200,-1.500,122.900,2670.000,39.041,-121.555
57089,16.870,0.000,706.760,-9999.000,-9999.000,-9999.000,339.600,2.100,-1.500,122.700,2670.000,39.042,-121.556
57090,16.850,0.000,706.540,-9999.000,-9999.000,-9999.000,339.600,2.200,-1.600,122.900,2670.000,39.042,-121.556
57091,16.850,0.000,706.540,-9999.000,-9999.000,-9999.000,339.600,2.200,-1.600,122.900,2670.000,39.043,-121.556
57092,16.860,0.000,706.820,-9999.000,-9999.000,-9999.000,339.600,2.200,-1.500,122.700,2670.000,39.044,-121.557
57093,16.880,0.000,706.860,-9999.000,-9999.000,-9999.000,339.600,2.200,-1.600,122.500,2670.000,39.044,-121.557
57094,16.810,0.000,706.320,-9999.000,-9999.000,-9999.000,339.300,2.200,-1.700,123.100,2670.000,39.045,-121.558
57095,16.720,0.000,705.560,-9999.000,-9999.000,-9999.000,339.000,2.200,-1.700,123.900,2670.000,39.045,-121.558
57096,16.790,0.000,706.000,-9999.000,-9999.000,-9999.000,339.000,2.200,-1.800,123.200,2671.000,39.046,-121.558
57097,16.730,0.000,705.660,-9999.000,-9999.000,-9999.000,338.900,2.300,-1.600,123.700,2671.000,39.047,-121.559
57098,16.760,0.000,705.900,-9999.000,-9999.000,-9999.000,338.900,2.300,-1.600,123.500,2671.000,39.047,-121.559
57099,16.810,0.000,706.440,-9999.000,-9999.000,-9999.000,339.000,2.300,-1.400,122.900,2671.000,39.048,-121.560
57100,16.770,0.000,706.020,-9999.000,-9999.000,-9999.000,338.900,2.300,-1.600,123.400,2671.000,39.049,-121.560
57101,16.730,0.000,705.840,-9999.000,-9999.000,-9999.000,338.900,2.300,-1.500,123.500,2671.000,39.049,-121.560
57102,16.840,0.000,706.820,-9999.000,-9999.000,-9999.000,339.200,2.400,-1.200,122.600,2671.000,39.050,-121.561
57103,16.840,0.000,706.820,-9999.000,-9999.000,-9999.000,339.400,2.300,-1.200,122.600,2671.000,39.050,-121.561
57104,16.870,0.000,707.140,-9999.000,-9999.000,-9999.000,339.400,2.300,-1.300,122.100,2671.000,39.051,-121.561
57105,16.790,0.000,706.500,-9999.000,-9999.000,-9999.000,339.300,2.300,-1.500,122.800,2671.000,39.052,-121.562
57106,16.800,0.000,706.600,-9999.000,-9999.000,-9999.000,339.300,2.400,-1.500,122.600,2671.000,39.052,-121.562
57107,16.800,0.000,706.640,-9999.000,-9999.000,-9999.000,339.300,2.300,-1.500,122.600,2671.000,39.053,-121.563
57108,16.810,0.000,706.860,-9999.000,-9999.000,-9999.000,339.400,2.300,-1.500,122.400,2672.000,39.054,-121.563
57109,16.810,0.000,706.780,-9999.000,-9999.000,-9999.000,339.500,2.300,-1.500,122.400,2672.000,39.054,-121.563
57110,16.790,0.000,706.640,-9999.000,-9999.000,-9999.000,339.300,2.300,-1.600,122.600,2672.000,39.055,-121.564
57111,16.700,0.000,705.860,-9999.000,-9999.000,-9999.000,339.000,2.300,-1.600,123.300,2672.000,39.056,-121.564
57112,16.690,0.000,705.800,-9999.000,-9999.000,-9999.000,339.100,2.400,-1.500,123.400,2672.000,39.056,-121.565
57113,16.720,0.000,706.120,-9999.000,-9999.000,-9999.000,339.100,2.400,-1.400,123.100,2672.000,39.057,-121.565
57114,16.710,0.000,706.120,-9999.000,-9999.000,-9999.000,339.000,2.300,-1.500,123.100,2672.000,39.057,-121.565
57115,16.700,0.000,705.980,-9999.000,-9999.000,-9999.000,339.000,2.300,-1.400,123.200,2672.000,39.058,-121.566
57116,16.710,0.000,706.180,-9999.000,-9999.000,-9999.000,339.000,2.300,-1.300,123.000,2672.000,39.059,-121.566
57117,16.750,0.000,706.440,-9999.000,-9999.000,-9999.000,339.100,2.300,-1.300,122.700,2672.000,39.059,-121.567
57118,16.760,0.000,706.640,-9999.000,-9999.000,-9999.000,339.200,2.400,-1.300,122.500,2672.000,39.060,-121.567
57119,16.810,0.000,707.260,-9999.000,-9999.000,-9999.000,339.500,2.300,-1.100,121.900,2672.000,39.061,-121.567
57120,16.810,0.000,707.200,-9999.000,-9999.000,-9999.000,339.400,2.300,-1.400,121.900,2672.000,39.061,-121.568
57121,16.770,0.000,706.800,-9999.000,-9999.000,-9999.000,339.400,2.300,-1.400,122.400,2672.000,39.062,-121.568
57122,16.770,0.000,706.760,-9999.000,-9999.000,-9999.000,339.400,2.300,-1.500,122.300,2673.000,39.062,-121.569
57123,16.770,0.000,706.900,-9999.000,-9999.000,-9999.000,339.400,2.200,-1.500,122.200,2673.000,39.063,-121.569
57124,16.780,0.000,707.000,-9999.000,-9999.000,-9999.000,339.500,2.300,-1.500,122.000,2673.000,39.064,-121.569
57125,16.780,0.000,707.100,-9999.000,-9999.000,-9999.000,339.500,2.200,-1.500,122.000,2673.000,39.064,-121.570
57126,16.770,0.000,706.900,-9999.000,-9999.000,-9999.000,339.500,2.200,-1.700,122.100,2673.000,39.065,-121.570
57127,16.690,0.000,706.340,-9999.000,-9999.000,-9999.000,339.400,2.200,-1.800,122.700,2673.000,39.066,-121.571
57128,16.640,0.000,705.920,-9999.000,-9999.000,-9999.000,339.300,2.200,-1.700,123.100,2673.000,39.066,-121.571
57129,16.640,0.000,705.980,-9999.000,-9999.000,-9999.000,339.300,2.200,-1.600,123.100,2673.000,39.067,-121.571
57130,16.670,0.000,706.200,-9999.000,-9999.000,-9999.000,339.300,2.200,-1.400,122.900,2672.000,39.067,-121.572
57131,16.670,0.000,706.260,-9999.000,-9999.000,-9999.000,339.200,2.200,-1.500,122.900,2672.000,39.068,-121.572
57132,16.640,0.000,706.080,-9999.000,-9999.000,-9999.000,339.200,2.200,-1.500,123.100,2672.000,39.069,-121.573
57133,16.630,0.000,706.080,-9999.000,-9999.000,-9999.000,339.200,2.200,-1.400,123.100,2672.000,39.069,-121.573
57134,16.640,0.000,706.120,-9999.000,-9999.000,-9999.000,339.200,2.200,-1.400,123.000,2672.000,39.070,-121.573
57135,16.700,0.000,706.780,-9999.000,-9999.000,-9999.000,339.500,2.200,-1.200,122.400,2672.000,39.071,-121.574
57136,16.730,0.000,707.020,-9999.000,-9999.000,-9999.000,339.600,2.200,-1.400,122.100,2672.000,39.071,-121.574
57137,16.730,0.000,707.020,-9999.000,-9999.000,-9999.000,339.600,2.200,-1.500,122.100,2672.000,39.072,-121.575
57138,16.700,0.000,706.900,-9999.000,-9999.000,-9999.000,339.600,2.200,-1.500,122.200,2672.000,39.072,-121.575
57139,16.690,0.000,706.800,-9999.000,-9999.000,-9999.000,339.600,2.200,-1.600,122.300,2672.000,39.073,-121.575
57140,16.690,0.000,706.760,-9999.000,-9999.000,-9999.000,339.700,2.200,-1.500,122.400,2672.000,39.074,-121.576
57141,16.700,0.000,706.960,-9999.000,-9999.000,-9999.000,339.800,2.200,-1.500,122.100,2672.000,39.074,-121.576
57142,16.720,0.000,707.160,-9999.000,-9999.000,-9999.000,339.900,2.200,-1.500,122.000,2672.000,39.075,-121.577
57143,16.650,0.000,706.540,-9999.000,-9999.000,-9999.000,339.700,2.200,-1.800,122.500,2672.000,39.076,-121.577
57144,16.600,0.000,706.200,-9999.000,-9999.000,-9999.000,339.500,2.200,-1.800,122.900,2672.000,39.076,-121.577
57145,16.570,0.000,705.900,-9999.000,-9999.000,-9999.000,339.300,2.200,-1.700,123.200,2672.000,39.077,-121.578
57146,16.590,0.000,706.040,-9999.000,-9999.000,-9999.000,339.300,2.200,-1.600,123.100,2672.000,39.078,-121.578
57147,16.600,0.000,706.180,-9999.000,-9999.000,-9999.000,339.200,2.300,-1.600,123.000,2671.000,39.078,-121.579
57148,16.610,0.000,706.320,-9999.000,-9999.000,-9999.000,339.200,2.300,-1.500,122.800,2671.000,39.079,-121.579
57149,16.630,0.000,706.500,-9999.000,-9999.000,-9999.000,339.300,2.200,-1.500,122.600,2671.000,39.079,-121.579
57150,16.600,0.000,706.280,-9999.000,-9999.000,-9999.000,339.200,2.200,-1.500,122.800,2671.000,39.080,-121.580
57151,16.640,0.000,706.660,-9999.000,-9999.000,-9999.000,339.400,2.300,-1.300,122.500,2671.000,39.081,-121.580
57152,16.690,0.000,707.100,-9999.000,-9999.000,-9999.000,339.500,2.300,-1.200,122.000,2671.000,39.081,-121.581
57153,16.670,0.000,706.940,-9999.000,-9999.000,-9999.000,339.500,2.300,-1.300,122.200,2671.000,39.082,-121.581
57154,16.680,0.000,707.080,-9999.000,-9999.000,-9999.000,339.600,2.300,-1.500,122.000,2671.000,39.083,-121.581
57155,16.690,0.000,707.220,-9999.000,-9999.000,-9999.000,339.700,2.300,-1.400,121.900,2671.000,39.083,-121.582
57156,16.670,0.000,707.040,-9999.000,-9999.000,-9999.000,339.700,2.300,-1.500,122.100,2671.000,39.084,-121.582
57157,16.680,0.000,707.140,-9999.000,-9999.000,-9999.000,339.700,2.300,-1.500,122.000,2671.000,39.084,-121.583
57158,16.680,0.000,707.140,-9999.000,-9999.000,-9999.000,339.700,2.300,-1.500,121.900,2671.000,39.085,-121.583
57159,16.670,0.000,707.120,-9999.000,-9999.000,-9999.000,339.700,2.300,-1.600,122.000,2671.000,39.086,-121.583
57160,16.610,0.000,706.580,-9999.000,-9999.000,-9999.000,339.500,2.400,-1.700,122.400,2671.000,39.086,-121.584
57161,16.550,0.000,706.160,-9999.000,-9999.000,-9999.000,339.200,2.300,-1.700,122.900,2671.000,39.087,-121.584
57162,16.540,0.000,706.140,-9999.000,-9999.000,-9999.000,339.200,2.400,-1.500,123.000,2671.000,39.088,-121.585
57163,16.600,0.000,706.600,-9999.000,-9999.000,-9999.000,339.400,2.400,-1.500,122.500,2671.000,39.088,-121.585
57164,16.600,0.000,706.620,-9999.000,-9999.000,-9999.000,339.400,2.400,-1.400,122.500,2671.000,39.089,-121.585
57165,16.570,0.000,706.440,-9999.000,-9999.000,-9999.000,339.300,2.400,-1.400,122.700,2671.000,39.089,-121.586
57166,16.560,0.000,706.440,-9999.000,-9999.000,-9999.000,339.300,2.400,-1.500,122.700,2671.000,39.090,-121.586
57167,16.590,0.000,706.600,-9999.000,-9999.000,-9999.000,339.400,2.400,-1.400,122.400,2671.000,39.091,-121.587
57168,16.640,0.000,707.200,-9999.000,-9999.000,-9999.000,339.700,2.300,-1.300,121.900,2671.000,39.091,-121.587
57169,16.680,0.000,707.440,-9999.000,-9999.000,-9999.000,339.800,2.300,-1.300,121.600,2672.000,39.092,-121.587
57170,16.630,0.000,707.120,-9999.000,-9999.000,-9999.000,339.700,2.300,-1.500,121.900,2672.000,39.093,-121.588
57171,16.630,0.000,707.120,-9999.000,-9999.000,-9999.000,339.600,2.300,-1.400,121.900,2672.000,39.093,-121.588
57172,16.630,0.000,707.160,-9999.000,-9999.000,-9999.000,339.700,2.300,-1.400,121.900,2672.000,39.094,-121.589
57173,16.640,0.000,707.280,-9999.000,-9999.000,-9999.000,339.800,2.300,-1.600,121.700,2672.000,39.094,-121.589
57174,16.630,0.000,707.220,-9999.000,-9999.000,-9999.000,339.800,2.200,-1.500,121.800,2672.000,39.095,-121.589
57175,16.630,0.000,707.280,-9999.000,-9999.000,-9999.000,339.800,2.300,-1.600,121.700,2672.000,39.096,-121.590
57176,16.600,0.000,706.860,-9999.000,-9999.000,-9999.000,339.600,2.300,-1.600,122.100,2672.000,39.096,-121.590
57177,16.520,0.000,706.400,-9999.000,-9999.000,-9999.000,339.400,2.300,-1.600,122.700,2672.000,39.097,-121.591
57178,16.530,0.000,706.400,-9999.000,-9999.000,-9999.000,339.300,2.300,-1.500,122.600,2672.000,39.098,-121.591
57179,16.540,0.000,706.520,-9999.000,-9999.000,-9999.000,339.200,2.300,-1.500,122.500,2672.000,39.098,-121.591
57180,16.520,0.000,706.380,-9999.000,-9999.000,-9999.000,339.200,2.300,-1.500,122.600,2672.000,39.099,-121.592
57181,16.500,0.000,706.240,-9999.000,-9999.000,-9999.000,339.100,2.300,-1.500,122.900,2672.000,39.100,-121.592
57182,16.500,0.000,706.220,-9999.000,-9999.000,-9999.000,339.000,2.300,-1.400,123.000,2672.000,39.100,-121.592
57183,16.470,0.000,706.100,-9999.000,-9999.000,-9999.000,338.900,2.300,-1.300,123.000,2672.000,39.101,-121.593
57184,16.500,0.000,706.240,-9999.000,-9999.000,-9999.000,339.200,2.400,-1.300,122.800,2672.000,39.101,-121.593
57185,16.560,0.000,706.960,-9999.000,-9999.000,-9999.000,339.400,2.300,-1.100,122.200,2672.000,39.102,-121.594
57186,16.570,0.000,706.900,-9999.000,-9999.000,-9999.000,339.300,2.300,-1.300,122.100,2672.000,39.103,-121.594
57187,16.520,0.000,706.420,-9999.000,-9999.000,-9999.000,339.200,2.200,-1.400,122.500,2672.000,39.103,-121.594
57188,16.560,0.000,706.860,-9999.000,-9999.000,-9999.000,339.300,2.200,-1.400,122.100,2672.000,39.104,-121.595
57189,16.560,0.000,706.940,-9999.000,-9999.000,-9999.000,339.300,2.200,-1.300,122.000,2672.000,39.105,-121.595
57190,16.530,0.000,706.620,-9999.000,-9999.000,-9999.000,339.300,2.200,-1.400,122.400,2672.000,39.105,-121.596
57191,16.550,0.000,706.920,-9999.000,-9999.000,-9999.000,339.500,2.200,-1.400,122.100,2673.000,39.106,-121.596
57192,16.520,0.000,706.480,-9999.000,-9999.000,-9999.000,339.400,2.200,-1.500,122.500,2673.000,39.106,-121.596
57193,16.430,0.000,705.780,-9999.000,-9999.000,-9999.000,339.100,2.200,-1.600,123.200,2673.000,39.107,-121.597
