data/rawdat/flt20220906/FlightData_N57_20220906_RA.ict
46, 1001
Ken Aikin, Steven S. Brown
NOAA Chemical Sciences Laboratory
AIMMS Probe
CalFiDE
1, 1
2022, 09, 06, 2022, 09, 16
1
TO_Time_UTC, seconds, seconds past midnight
13
1, 1, 1, 1, 1, 1, 1, 1, 1, 1, 1, 1, 1
-9999, -9999, -9999, -9999, -9999, -9999, -9999, -9999, -9999, -9999, -9999, -9999, -9999
AmbTemp, C
RelHumidity, %
StaticPrs, hPa
VertWindSpd, m/s
WindDir, deg
WindSpd, m/s
Heading, deg
Pitch, deg
Roll, deg
TrueAirSpd, m/s
GPSAlt, m
GPSLat, deg
GPSLon, deg
1
SPECIAL COMMENTS: Wind data is suspect and not reported. No AIMMS probe on flight 3. Filled in from 30sec data from FlightAware log file.
18
PI_CONTACT_INFO: Address: 325 Broadway, Boulder CO 80305
PLATFORM: NOAA Twin Otter N57RF
LOCATION: California and Oregon
ASSOCIATED_DATA: N/A
INSTRUMENT_INFO: N/A
DATA_INFO: Units: 
UNCERTAINTY: N/A
ULOD_FLAG: -7777
ULOD_VALUE: N/A
LLOD_FLAG: -8888
LLOD_VALUE: N/A
DM_CONTACT_INFO: Ken Aikin kenneth.c.aikin@noaa.gov
PROJECT_INFO: CalFiDE August - September 2022 https://csl.noaa.gov/groups/csl7/measurements/2022calfide/
STIPULATIONS_ON_USE: Use of these data require prior ok from PI.
OTHER_COMMENTS: N/A
REVISION: RA
RA: Preliminary Data.  For in-field use only.
TO_Time_UTC, AmbTemp, RelHumidity, StaticPrs, VertWindSpd, WindDir, WindSpd, Heading, Pitch, Roll, TrueAirSpd, GPSAlt, GPSLat, GPSLon
[from data line 139]
56179,29.110,0.000,930.560,-9999.000,-9999.000,-9999.000,349.100,5.500,15.600,99.900,405.000,38.557,-121.344
56180,29.130,0.000,930.520,-9999.000,-9999.000,-9999.000,351.900,5.700,16.000,99.700,407.000,38.557,-121.344
56181,29.110,0.000,929.980,-9999.000,-9999.000,-9999.000,354.500,5.700,15.900,100.100,410.000,38.558,-121.344
56182,29.130,0.000,929.860,-9999.000,-9999.000,-9999.000,357.200,5.600,15.700,100.000,412.000,38.559,-121.344
56183,29.140,0.000,929.680,-9999.000,-9999.000,-9999.000,359.800,5.500,15.700,99.900,415.000,38.559,-121.344
56184,29.170,0.000,929.680,-9999.000,-9999.000,-9999.000,2.200,5.500,14.200,99.600,417.000,38.560,-121.344
56185,29.130,0.000,928.920,-9999.000,-9999.000,-9999.000,4.400,5.600,14.400,100.200,419.000,38.560,-121.344
56186,29.050,0.000,927.800,-9999.000,-9999.000,-9999.000,6.500,5.700,14.100,101.100,422.000,38.561,-121.344
56187,29.180,0.000,929.060,-9999.000,-9999.000,-9999.000,9.200,5.600,11.100,99.600,424.000,38.561,-121.344
56188,29.320,0.000,930.560,-9999.000,-9999.000,-9999.000,11.500,5.300,8.600,98.100,427.000,38.562,-121.344
56189,29.420,0.000,931.140,-9999.000,-9999.000,-9999.000,12.800,5.400,4.800,97.200,429.000,38.563,-121.344
56190,29.390,0.000,930.620,-9999.000,-9999.000,-9999.000,12.900,5.600,1.400,97.500,431.000,38.563,-121.344
56191,29.250,0.000,928.460,-9999.000,-9999.000,-9999.000,12.300,6.100,1.100,99.300,434.000,38.564,-121.344
56192,29.200,0.000,927.680,-9999.000,-9999.000,-9999.000,12.300,6.500,0.300,99.800,437.000,38.564,-121.344
56193,29.310,0.000,928.580,-9999.000,-9999.000,-9999.000,12.900,6.600,0.400,98.600,440.000,38.565,-121.344
56194,29.340,0.000,928.280,-9999.000,-9999.000,-9999.000,13.000,6.400,0.800,98.300,443.000,38.565,-121.343
56195,29.290,0.000,927.180,-9999.000,-9999.000,-9999.000,12.800,6.300,1.000,99.000,446.000,38.566,-121.343
56196,29.320,0.000,927.020,-9999.000,-9999.000,-9999.000,13.000,6.200,1.100,98.800,449.000,38.567,-121.343
56197,29.390,0.000,927.380,-9999.000,-9999.000,-9999.000,13.500,6.000,1.300,98.100,452.000,38.567,-121.343
56198,29.420,0.000,927.120,-9999.000,-9999.000,-9999.000,13.800,5.800,1.700,98.100,455.000,38.568,-121.343
56199,29.390,0.000,926.420,-9999.000,-9999.000,-9999.000,14.000,5.900,2.000,98.500,458.000,38.568,-121.343
56200,29.370,0.000,925.960,-9999.000,-9999.000,-9999.000,14.200,6.300,1.900,98.800,460.000,38.569,-121.343
56201,29.350,0.000,925.420,-9999.000,-9999.000,-9999.000,14.500,6.300,1.700,99.100,463.000,38.569,-121.343
56202,29.420,0.000,925.580,-9999.000,-9999.000,-9999.000,14.900,6.400,1.100,98.500,466.000,38.570,-121.342
56203,29.470,0.000,925.540,-9999.000,-9999.000,-9999.000,15.100,6.500,0.500,98.100,469.000,38.571,-121.342
56204,29.460,0.000,925.180,-9999.000,-9999.000,-9999.000,15.000,6.600,0.100,98.300,473.000,38.571,-121.342
56205,29.500,0.000,924.820,-9999.000,-9999.000,-9999.000,15.000,7.000,-0.200,98.100,476.000,38.572,-121.342
56206,29.510,0.000,924.500,-9999.000,-9999.000,-9999.000,14.800,7.300,-0.300,98.100,479.000,38.572,-121.342
56207,29.560,0.000,924.380,-9999.000,-9999.000,-9999.000,14.500,7.500,-0.400,97.800,483.000,38.573,-121.342
56208,29.570,0.000,923.960,-9999.000,-9999.000,-9999.000,14.300,7.600,-0.700,97.700,487.000,38.573,-121.341
56209,29.680,0.000,924.320,-9999.000,-9999.000,-9999.000,14.300,7.800,-0.900,96.600,491.000,38.574,-121.341
56210,29.730,0.000,924.600,-9999.000,-9999.000,-9999.000,14.100,8.000,-0.900,96.100,496.000,38.575,-121.341
56211,29.790,0.000,924.280,-9999.000,-9999.000,-9999.000,13.700,8.200,-0.700,96.000,500.000,38.575,-121.341
56212,29.790,0.000,923.140,-9999.000,-9999.000,-9999.000,13.200,8.400,-0.400,96.300,504.000,38.576,-121.341
56213,29.810,0.000,922.820,-9999.000,-9999.000,-9999.000,13.000,8.200,-0.200,96.200,509.000,38.576,-121.341
56214,29.860,0.000,922.680,-9999.000,-9999.000,-9999.000,13.100,8.200,-0.200,95.600,513.000,38.577,-121.340
56215,29.930,0.000,922.960,-9999.000,-9999.000,-9999.000,13.200,8.100,-0.200,94.900,518.000,38.577,-121.340
56216,29.970,0.000,922.620,-9999.000,-9999.000,-9999.000,13.200,8.000,-0.100,94.600,522.000,38.578,-121.340
56217,29.970,0.000,921.940,-9999.000,-9999.000,-9999.000,13.000,7.800,-0.200,94.700,526.000,38.578,-121.340
56218,29.960,0.000,921.300,-9999.000,-9999.000,-9999.000,12.900,7.500,-0.600,94.800,529.000,38.579,-121.340
56219,30.040,0.000,921.600,-9999.000,-9999.000,-9999.000,13.000,7.300,-0.400,94.200,533.000,38.580,-121.340
56220,30.050,0.000,921.260,-9999.000,-9999.000,-9999.000,13.000,7.200,-0.600,94.100,536.000,38.580,-121.340
56221,30.100,0.000,921.160,-9999.000,-9999.000,-9999.000,13.000,7.000,-0.800,93.800,539.000,38.581,-121.339
56222,30.120,0.000,921.000,-9999.000,-9999.000,-9999.000,12.800,6.800,-0.800,93.800,541.000,38.581,-121.339
56223,30.120,0.000,920.560,-9999.000,-9999.000,-9999.000,12.600,6.700,-0.700,93.900,544.000,38.582,-121.339
56224,30.110,0.000,920.260,-9999.000,-9999.000,-9999.000,12.500,6.600,-0.800,94.000,546.000,38.582,-121.339
56225,30.100,0.000,919.880,-9999.000,-9999.000,-9999.000,12.500,6.600,-0.800,94.300,548.000,38.583,-121.339
56226,30.130,0.000,920.040,-9999.000,-9999.000,-9999.000,12.700,6.500,-0.400,94.000,551.000,38.583,-121.339
56227,30.110,0.000,919.380,-9999.000,-9999.000,-9999.000,12.600,6.400,-0.100,94.500,553.000,38.584,-121.339
56228,30.070,0.000,918.640,-9999.000,-9999.000,-9999.000,12.500,6.700,-0.500,95.100,556.000,38.585,-121.339
56229,30.060,0.000,918.240,-9999.000,-9999.000,-9999.000,12.300,7.100,-1.400,95.400,558.000,38.585,-121.338
56230,30.060,0.000,918.000,-9999.000,-9999.000,-9999.000,12.100,7.300,-1.700,95.500,561.000,38.586,-121.338
56231,30.110,0.000,917.860,-9999.000,-9999.000,-9999.000,11.800,7.600,-1.900,95.100,564.000,38.586,-121.338
56232,30.140,0.000,917.860,-9999.000,-9999.000,-9999.000,11.300,7.700,-2.600,94.900,568.000,38.587,-121.338
56233,30.120,0.000,917.080,-9999.000,-9999.000,-9999.000,11.000,7.700,-1.700,95.300,571.000,38.587,-121.338
56234,30.100,0.000,916.220,-9999.000,-9999.000,-9999.000,10.500,7.800,-0.900,95.700,575.000,38.588,-121.338
56235,30.140,0.000,915.920,-9999.000,-9999.000,-9999.000,10.200,7.800,-0.700,95.500,579.000,38.588,-121.338
56236,30.170,0.000,915.900,-9999.000,-9999.000,-9999.000,9.900,7.900,-1.100,95.100,583.000,38.589,-121.338
56237,30.280,0.000,916.100,-9999.000,-9999.000,-9999.000,9.600,7.900,-0.300,94.400,586.000,38.590,-121.338
56238,30.260,0.000,915.140,-9999.000,-9999.000,-9999.000,9.400,7.800,1.000,95.000,590.000,38.590,-121.337
56239,30.340,0.000,914.660,-9999.000,-9999.000,-9999.000,9.500,7.800,0.800,94.900,594.000,38.591,-121.337
56240,30.400,0.000,915.040,-9999.000,-9999.000,-9999.000,9.900,7.800,0.600,94.300,597.000,38.591,-121.337
56241,30.500,0.000,915.260,-9999.000,-9999.000,-9999.000,10.200,7.700,0.600,93.700,601.000,38.592,-121.337
56242,30.510,0.000,914.940,-9999.000,-9999.000,-9999.000,10.400,7.600,0.700,93.600,605.000,38.592,-121.337
56243,30.530,0.000,914.420,-9999.000,-9999.000,-9999.000,10.600,7.500,0.900,93.800,608.000,38.593,-121.337
56244,30.550,0.000,914.200,-9999.000,-9999.000,-9999.000,10.600,7.400,0.100,93.700,611.000,38.593,-121.337
56245,30.540,0.000,913.560,-9999.000,-9999.000,-9999.000,10.500,7.300,-0.300,94.100,615.000,38.594,-121.337
56246,30.560,0.000,913.380,-9999.000,-9999.000,-9999.000,10.500,7.200,-0.600,93.900,618.000,38.595,-121.337
56247,30.530,0.000,912.720,-9999.000,-9999.000,-9999.000,10.500,7.100,-0.800,94.400,621.000,38.595,-121.337
56248,30.540,0.000,912.440,-9999.000,-9999.000,-9999.000,10.400,7.100,-0.800,94.400,624.000,38.596,-121.336
56249,30.570,0.000,912.100,-9999.000,-9999.000,-9999.000,10.300,7.100,-0.600,94.500,627.000,38.596,-121.336
56250,30.530,0.000,911.220,-9999.000,-9999.000,-9999.000,10.000,7.000,-0.100,95.200,630.000,38.597,-121.336
56251,30.430,0.000,909.560,-9999.000,-9999.000,-9999.000,9.500,7.100,0.600,96.500,633.000,38.597,-121.336
56252,30.380,0.000,908.840,-9999.000,-9999.000,-9999.000,9.600,7.200,1.200,97.100,636.000,38.598,-121.336
56253,30.450,0.000,909.220,-9999.000,-9999.000,-9999.000,10.000,7.200,1.400,96.400,639.000,38.598,-121.336
56254,30.510,0.000,909.460,-9999.000,-9999.000,-9999.000,10.500,7.200,1.500,95.900,642.000,38.599,-121.336
56255,30.540,0.000,909.320,-9999.000,-9999.000,-9999.000,10.700,7.200,0.900,95.700,645.000,38.600,-121.336
56256,30.530,0.000,908.940,-9999.000,-9999.000,-9999.000,10.800,7.200,1.100,95.900,648.000,38.600,-121.336
56257,30.480,0.000,907.740,-9999.000,-9999.000,-9999.000,10.800,7.300,1.600,96.700,651.000,38.601,-121.336
56258,30.480,0.000,907.580,-9999.000,-9999.000,-9999.000,11.400,7.300,1.900,96.600,654.000,38.601,-121.335
56259,30.600,0.000,908.340,-9999.000,-9999.000,-9999.000,12.200,7.400,1.200,95.500,658.000,38.602,-121.335
56260,30.730,0.000,909.220,-9999.000,-9999.000,-9999.000,12.700,7.400,0.200,94.200,661.000,38.602,-121.335
56261,30.790,0.000,909.040,-9999.000,-9999.000,-9999.000,12.700,7.400,-0.900,94.000,664.000,38.603,-121.335
56262,30.730,0.000,907.940,-9999.000,-9999.000,-9999.000,12.300,7.400,-0.800,94.700,668.000,38.603,-121.335
56263,30.670,0.000,906.880,-9999.000,-9999.000,-9999.000,12.000,7.300,-0.800,95.500,671.000,38.604,-121.335
56264,30.710,0.000,907.020,-9999.000,-9999.000,-9999.000,12.000,7.300,-0.800,95.000,675.000,38.605,-121.335
56265,30.730,0.000,906.800,-9999.000,-9999.000,-9999.000,12.000,7.200,-0.600,94.800,678.000,38.605,-121.335
56266,30.710,0.000,906.220,-9999.000,-9999.000,-9999.000,11.800,7.100,-0.300,95.100,681.000,38.606,-121.335
56267,30.670,0.000,905.180,-9999.000,-9999.000,-9999.000,11.400,7.000,-0.100,95.800,684.000,38.606,-121.334
56268,30.630,0.000,904.560,-9999.000,-9999.000,-9999.000,11.300,7.000,-0.100,96.100,687.000,38.607,-121.334
56269,30.640,0.000,904.500,-9999.000,-9999.000,-9999.000,11.400,6.900,0.000,96.000,690.000,38.607,-121.334
56270,30.630,0.000,904.160,-9999.000,-9999.000,-9999.000,11.400,6.800,0.300,96.100,693.000,38.608,-121.334
56271,30.650,0.000,903.960,-9999.000,-9999.000,-9999.000,11.400,6.800,0.000,96.000,696.000,38.608,-121.334
56272,30.620,0.000,903.400,-9999.000,-9999.000,-9999.000,11.400,6.800,0.000,96.400,699.000,38.609,-121.334
56273,30.620,0.000,903.100,-9999.000,-9999.000,-9999.000,11.300,6.800,-0.100,96.400,702.000,38.609,-121.334
56274,30.610,0.000,902.820,-9999.000,-9999.000,-9999.000,11.400,6.700,-0.300,96.600,704.000,38.610,-121.334
56275,30.680,0.000,903.180,-9999.000,-9999.000,-9999.000,11.700,6.800,-0.200,95.900,707.000,38.611,-121.334
56276,30.730,0.000,903.300,-9999.000,-9999.000,-9999.000,11.800,6.800,-0.400,95.500,710.000,38.611,-121.334
56277,30.720,0.000,902.740,-9999.000,-9999.000,-9999.000,11.700,6.800,-0.600,95.800,713.000,38.612,-121.334
56278,30.700,0.000,902.260,-9999.000,-9999.000,-9999.000,11.600,6.800,-0.800,96.000,716.000,38.612,-121.333
56279,30.700,0.000,901.960,-9999.000,-9999.000,-9999.000,11.500,6.700,-1.100,96.100,719.000,38.613,-121.333
56280,30.700,0.000,901.600,-9999.000,-9999.000,-9999.000,11.300,6.700,-1.000,96.100,722.000,38.613,-121.333
56281,30.670,0.000,900.920,-9999.000,-9999.000,-9999.000,11.000,6.700,-0.800,96.500,725.000,38.614,-121.333
56282,30.650,0.000,900.520,-9999.000,-9999.000,-9999.000,10.900,6.800,-0.900,96.700,728.000,38.614,-121.333
56283,30.670,0.000,900.320,-9999.000,-9999.000,-9999.000,10.700,6.800,-1.000,96.600,730.000,38.615,-121.333
56284,30.590,0.000,899.320,-9999.000,-9999.000,-9999.000,10.300,6.900,-0.700,97.400,733.000,38.616,-121.333
56285,30.560,0.000,898.700,-9999.000,-9999.000,-9999.000,10.100,6.900,-0.400,97.700,736.000,38.616,-121.333
56286,30.570,0.000,898.560,-9999.000,-9999.000,-9999.000,10.200,7.000,0.000,97.500,739.000,38.617,-121.333
56287,30.670,0.000,899.280,-9999.000,-9999.000,-9999.000,10.800,7.000,0.000,96.600,742.000,38.617,-121.333
56288,30.760,0.000,900.060,-9999.000,-9999.000,-9999.000,11.400,6.900,0.300,95.600,746.000,38.618,-121.333
56289,30.760,0.000,899.420,-9999.000,-9999.000,-9999.000,11.500,7.000,0.500,95.900,749.000,38.618,-121.332
56290,30.720,0.000,898.660,-9999.000,-9999.000,-9999.000,11.500,7.000,0.300,96.500,752.000,38.619,-121.332
56291,30.730,0.000,898.260,-9999.000,-9999.000,-9999.000,11.600,7.000,0.300,96.500,755.000,38.619,-121.332
56292,30.760,0.000,898.200,-9999.000,-9999.000,-9999.000,11.900,7.000,0.300,96.300,758.000,38.620,-121.332
56293,30.760,0.000,897.880,-9999.000,-9999.000,-9999.000,12.100,7.000,0.500,96.400,761.000,38.620,-121.332
56294,30.760,0.000,897.180,-9999.000,-9999.000,-9999.000,12.300,7.000,0.800,96.600,765.000,38.621,-121.332
56295,30.750,0.000,896.660,-9999.000,-9999.000,-9999.000,12.400,6.900,1.100,97.000,768.000,38.622,-121.332
56296,30.720,0.000,896.000,-9999.000,-9999.000,-9999.000,12.300,7.000,0.700,97.300,771.000,38.622,-121.332
56297,30.720,0.000,895.580,-9999.000,-9999.000,-9999.000,12.500,7.000,0.700,97.300,775.000,38.623,-121.332
56298,30.770,0.000,895.660,-9999.000,-9999.000,-9999.000,12.800,7.100,1.100,96.900,778.000,38.623,-121.332
56299,30.790,0.000,895.420,-9999.000,-9999.000,-9999.000,13.000,7.100,0.900,96.800,781.000,38.624,-121.332
56300,30.810,0.000,895.080,-9999.000,-9999.000,-9999.000,12.900,7.200,0.400,96.600,785.000,38.624,-121.331
56301,30.810,0.000,894.560,-9999.000,-9999.000,-9999.000,12.800,7.200,0.200,96.800,788.000,38.625,-121.331
56302,30.800,0.000,894.380,-9999.000,-9999.000,-9999.000,12.900,7.200,0.700,96.800,791.000,38.625,-121.331
56303,30.840,0.000,893.900,-9999.000,-9999.000,-9999.000,12.800,7.200,0.400,96.700,795.000,38.626,-121.331
56304,30.900,0.000,894.020,-9999.000,-9999.000,-9999.000,12.700,7.200,0.500,96.100,798.000,38.626,-121.331
56305,30.920,0.000,893.520,-9999.000,-9999.000,-9999.000,12.700,7.200,1.000,96.300,801.000,38.627,-121.331
56306,30.890,0.000,893.020,-9999.000,-9999.000,-9999.000,12.700,7.200,1.100,96.500,804.000,38.627,-121.331
56307,30.920,0.000,892.740,-9999.000,-9999.000,-9999.000,12.800,7.100,0.900,96.400,807.000,38.628,-121.331
56308,30.930,0.000,892.620,-9999.000,-9999.000,-9999.000,12.800,7.000,0.700,96.300,811.000,38.629,-121.331
56309,30.950,0.000,892.440,-9999.000,-9999.000,-9999.000,13.000,7.000,0.700,96.100,813.000,38.629,-121.330
56310,30.960,0.000,892.100,-9999.000,-9999.000,-9999.000,13.200,6.900,0.500,96.200,816.000,38.630,-121.330
56311,30.980,0.000,891.960,-9999.000,-9999.000,-9999.000,13.300,6.800,0.500,96.100,819.000,38.630,-121.330
56312,30.970,0.000,891.540,-9999.000,-9999.000,-9999.000,13.300,6.700,0.400,96.300,822.000,38.631,-121.330
56313,30.980,0.000,891.260,-9999.000,-9999.000,-9999.000,13.300,6.700,0.200,96.300,825.000,38.631,-121.330
56314,30.960,0.000,890.800,-9999.000,-9999.000,-9999.000,13.300,6.700,0.000,96.500,827.000,38.632,-121.330
56315,30.970,0.000,890.640,-9999.000,-9999.000,-9999.000,13.300,6.700,-0.200,96.500,830.000,38.632,-121.330
56316,30.950,0.000,890.140,-9999.000,-9999.000,-9999.000,13.300,6.600,-0.200,96.700,833.000,38.633,-121.330
56317,30.930,0.000,889.740,-9999.000,-9999.000,-9999.000,13.200,6.600,-0.400,96.900,836.000,38.633,-121.330
56318,30.930,0.000,889.480,-9999.000,-9999.000,-9999.000,13.300,6.700,-0.600,96.900,838.000,38.634,-121.329
56319,30.950,0.000,889.660,-9999.000,-9999.000,-9999.000,13.200,6.800,-0.700,96.600,841.000,38.634,-121.329
56320,30.970,0.000,889.380,-9999.000,-9999.000,-9999.000,12.900,6.800,-0.800,96.600,844.000,38.635,-121.329
56321,30.950,0.000,888.740,-9999.000,-9999.000,-9999.000,12.700,6.800,-1.000,96.900,846.000,38.636,-121.329
56322,30.950,0.000,888.500,-9999.000,-9999.000,-9999.000,12.600,6.800,-1.100,96.900,849.000,38.636,-121.329
56323,31.000,0.000,888.460,-9999.000,-9999.000,-9999.000,12.600,6.800,-1.200,96.700,852.000,38.637,-121.329
56324,31.000,0.000,888.200,-9999.000,-9999.000,-9999.000,12.500,6.800,-1.100,96.700,855.000,38.637,-121.329
56325,31.000,0.000,887.900,-9999.000,-9999.000,-9999.000,12.300,6.700,-1.000,96.700,858.000,38.638,-121.329
56326,30.980,0.000,887.560,-9999.000,-9999.000,-9999.000,12.100,6.700,-1.000,96.800,860.000,38.638,-121.329
