data/rawdat/flt20220906/FlightData_N57_20220906_RA.ict
46, 1001
Ken Aikin, Steven S. Brown
NOAA Chemical Sciences Laboratory
AIMMS Probe
CalFiDE
1, 1
2022, 09, 06, 2022, 09, 16
1
TO_Time_UTC, seconds, seconds past midnight
13
1, 1, 1, 1, 1, 1, 1, 1, 1, 1, 1, 1, 1
-9999, -9999, -9999, -9999, -9999, -9999, -9999, -9999, -9999, -9999, -9999, -9999, -9999
AmbTemp, C
RelHumidity, %
StaticPrs, hPa
VertWindSpd, m/s
WindDir, deg
WindSpd, m/s
Heading, deg
Pitch, deg
Roll, deg
TrueAirSpd, m/s
GPSAlt, m
GPSLat, deg
GPSLon, deg
1
SPECIAL COMMENTS: Wind data is suspect and not reported. No AIMMS probe on flight 3. Filled in from 30sec data from FlightAware log file.
18
PI_CONTACT_INFO: Address: 325 Broadway, Boulder CO 80305
PLATFORM: NOAA Twin Otter N57RF
LOCATION: California and Oregon
ASSOCIATED_DATA: N/A
INSTRUMENT_INFO: N/A
DATA_INFO: Units: 
UNCERTAINTY: N/A
ULOD_FLAG: -7777
ULOD_VALUE: N/A
LLOD_FLAG: -8888
LLOD_VALUE: N/A
DM_CONTACT_INFO: Ken Aikin kenneth.c.aikin@noaa.gov
PROJECT_INFO: CalFiDE August - September 2022 https://csl.noaa.gov/groups/csl7/measurements/2022calfide/
STIPULATIONS_ON_USE: Use of these data require prior ok from PI.
OTHER_COMMENTS: N/A
REVISION: RA
RA: Preliminary Data.  For in-field use only.
TO_Time_UTC, AmbTemp, RelHumidity, StaticPrs, VertWindSpd, WindDir, WindSpd, Heading, Pitch, Roll, TrueAirSpd, GPSAlt, GPSLat, GPSLon
[from data line 3610]
64809,31.860,0.000,887.740,-9999.000,-9999.000,-9999.000,97.300,-0.100,4.000,97.800,848.000,40.483,-122.259
64810,31.940,0.000,888.100,-9999.000,-9999.000,-9999.000,97.700,-0.300,2.700,96.900,851.000,40.483,-122.258
64811,31.920,0.000,887.540,-9999.000,-9999.000,-9999.000,97.900,-0.200,2.500,97.100,855.000,40.484,-122.258
64812,31.920,0.000,887.000,-9999.000,-9999.000,-9999.000,98.200,0.000,2.500,97.000,858.000,40.484,-122.258
64813,31.840,0.000,886.060,-9999.000,-9999.000,-9999.000,98.600,0.100,2.600,97.900,861.000,40.485,-122.258
64814,31.970,0.000,886.960,-9999.000,-9999.000,-9999.000,99.100,0.100,1.900,96.400,864.000,40.485,-122.258
64815,31.850,0.000,885.360,-9999.000,-9999.000,-9999.000,99.200,0.300,1.900,98.000,867.000,40.486,-122.258
64816,31.750,0.000,883.560,-9999.000,-9999.000,-9999.000,98.700,0.100,2.300,99.600,871.000,40.486,-122.258
64817,31.640,0.000,882.340,-9999.000,-9999.000,-9999.000,99.500,0.500,4.400,100.500,873.000,40.487,-122.258
64818,32.050,0.000,885.920,-9999.000,-9999.000,-9999.000,100.700,0.800,3.000,96.000,875.000,40.487,-122.258
64819,31.860,0.000,884.760,-9999.000,-9999.000,-9999.000,101.300,0.900,1.500,98.700,878.000,40.488,-122.258
64820,32.000,0.000,884.860,-9999.000,-9999.000,-9999.000,101.600,1.100,2.800,97.100,880.000,40.488,-122.258
64821,31.840,0.000,883.480,-9999.000,-9999.000,-9999.000,101.500,1.100,2.600,98.700,883.000,40.489,-122.258
64822,31.700,0.000,881.880,-9999.000,-9999.000,-9999.000,101.500,1.200,2.900,100.500,885.000,40.489,-122.258
64823,31.590,0.000,880.240,-9999.000,-9999.000,-9999.000,101.900,1.400,3.000,101.900,888.000,40.490,-122.258
64824,31.570,0.000,879.920,-9999.000,-9999.000,-9999.000,102.700,1.300,3.500,102.100,891.000,40.490,-122.258
64825,31.750,0.000,881.420,-9999.000,-9999.000,-9999.000,103.700,1.400,2.600,100.300,894.000,40.491,-122.258
64826,31.770,0.000,880.580,-9999.000,-9999.000,-9999.000,104.100,1.200,2.500,100.700,897.000,40.491,-122.258
64827,31.570,0.000,878.740,-9999.000,-9999.000,-9999.000,103.900,1.000,1.800,102.400,900.000,40.492,-122.258
64828,31.470,0.000,877.200,-9999.000,-9999.000,-9999.000,104.100,1.200,1.600,103.600,902.000,40.492,-122.258
64829,31.480,0.000,877.340,-9999.000,-9999.000,-9999.000,104.600,1.300,1.900,103.400,904.000,40.493,-122.258
64830,31.520,0.000,877.820,-9999.000,-9999.000,-9999.000,105.300,1.100,1.800,102.700,906.000,40.493,-122.258
64831,31.600,0.000,878.700,-9999.000,-9999.000,-9999.000,105.800,1.200,1.300,101.800,907.000,40.494,-122.258
64832,31.630,0.000,879.020,-9999.000,-9999.000,-9999.000,106.100,1.400,0.500,101.400,908.000,40.494,-122.258
64833,31.630,0.000,879.060,-9999.000,-9999.000,-9999.000,106.300,1.600,0.000,101.400,909.000,40.495,-122.258
64834,31.590,0.000,878.720,-9999.000,-9999.000,-9999.000,106.300,1.900,-0.200,101.700,910.000,40.495,-122.258
64835,31.620,0.000,879.120,-9999.000,-9999.000,-9999.000,106.900,2.200,-0.300,101.200,912.000,40.496,-122.258
64836,31.730,0.000,880.400,-9999.000,-9999.000,-9999.000,3.400,5.600,0.600,99.900,913.000,40.497,-122.258
64837,31.770,0.000,880.800,-9999.000,-9999.000,-9999.000,3.700,5.800,0.100,99.400,915.000,40.497,-122.258
64838,31.800,0.000,881.140,-9999.000,-9999.000,-9999.000,4.000,6.000,-0.200,99.000,916.000,40.498,-122.258
64839,31.790,0.000,881.000,-9999.000,-9999.000,-9999.000,4.200,6.000,-0.500,98.900,918.000,40.498,-122.257
64840,31.780,0.000,880.860,-9999.000,-9999.000,-9999.000,4.200,6.100,-0.900,98.900,920.000,40.499,-122.257
64841,31.750,0.000,880.380,-9999.000,-9999.000,-9999.000,4.100,6.100,-1.200,99.200,922.000,40.499,-122.257
64842,31.670,0.000,879.640,-9999.000,-9999.000,-9999.000,4.300,6.100,-1.000,100.000,923.000,40.500,-122.257
64843,31.730,0.000,880.220,-9999.000,-9999.000,-9999.000,4.300,6.200,-0.900,99.000,925.000,40.500,-122.257
64844,31.620,0.000,879.700,-9999.000,-9999.000,-9999.000,4.100,6.100,-1.300,99.400,927.000,40.501,-122.257
64845,31.560,0.000,879.220,-9999.000,-9999.000,-9999.000,4.000,6.200,-1.100,100.000,929.000,40.501,-122.257
64846,31.530,0.000,878.960,-9999.000,-9999.000,-9999.000,4.100,6.200,-1.000,100.000,931.000,40.502,-122.257
64847,31.510,0.000,878.640,-9999.000,-9999.000,-9999.000,4.300,6.400,-0.700,100.100,933.000,40.502,-122.257
64848,31.510,0.000,878.820,-9999.000,-9999.000,-9999.000,4.400,6.500,-1.000,99.900,935.000,40.503,-122.257
64849,31.510,0.000,878.680,-9999.000,-9999.000,-9999.000,4.500,6.600,-1.100,99.900,937.000,40.504,-122.257
64850,31.540,0.000,878.880,-9999.000,-9999.000,-9999.000,4.500,6.600,-1.300,99.400,939.000,40.504,-122.257
64851,31.570,0.000,879.040,-9999.000,-9999.000,-9999.000,4.500,6.700,-1.300,99.000,941.000,40.505,-122.257
64852,31.540,0.000,878.660,-9999.000,-9999.000,-9999.000,4.500,6.800,-1.600,99.300,943.000,40.505,-122.257
64853,31.630,0.000,879.400,-9999.000,-9999.000,-9999.000,4.800,6.800,-1.600,98.200,945.000,40.506,-122.257
64854,31.590,0.000,879.360,-9999.000,-9999.000,-9999.000,4.500,6.700,-2.200,98.200,947.000,40.506,-122.257
64855,31.540,0.000,878.880,-9999.000,-9999.000,-9999.000,4.000,6.900,-2.400,98.600,950.000,40.507,-122.257
64856,31.370,0.000,877.120,-9999.000,-9999.000,-9999.000,3.700,6.900,-2.200,100.100,952.000,40.507,-122.257
64857,31.420,0.000,877.620,-9999.000,-9999.000,-9999.000,3.800,7.000,-2.200,99.300,955.000,40.508,-122.257
64858,31.380,0.000,877.100,-9999.000,-9999.000,-9999.000,3.800,7.000,-2.100,99.400,958.000,40.508,-122.257
64859,31.340,0.000,876.880,-9999.000,-9999.000,-9999.000,3.700,6.900,-1.800,99.800,961.000,40.509,-122.257
64860,31.290,0.000,875.920,-9999.000,-9999.000,-9999.000,3.400,7.100,-2.300,100.100,964.000,40.509,-122.257
64861,31.320,0.000,876.380,-9999.000,-9999.000,-9999.000,3.300,7.000,-2.300,99.600,967.000,40.510,-122.257
64862,31.270,0.000,875.420,-9999.000,-9999.000,-9999.000,3.200,7.100,-2.100,99.900,971.000,40.511,-122.257
64863,31.220,0.000,874.820,-9999.000,-9999.000,-9999.000,3.200,6.900,-2.000,100.500,974.000,40.511,-122.257
64864,31.340,0.000,875.460,-9999.000,-9999.000,-9999.000,3.300,6.900,-2.000,99.000,977.000,40.512,-122.256
64865,31.270,0.000,874.620,-9999.000,-9999.000,-9999.000,3.200,6.800,-1.900,99.500,981.000,40.512,-122.256
64866,31.300,0.000,874.780,-9999.000,-9999.000,-9999.000,3.100,6.800,-2.300,99.200,984.000,40.513,-122.256
64867,31.210,0.000,873.780,-9999.000,-9999.000,-9999.000,3.000,6.800,-2.000,100.200,987.000,40.513,-122.256
64868,31.300,0.000,874.120,-9999.000,-9999.000,-9999.000,3.200,7.100,-1.600,99.400,991.000,40.514,-122.256
64869,31.340,0.000,874.460,-9999.000,-9999.000,-9999.000,3.500,7.100,-1.500,99.100,994.000,40.514,-122.256
64870,31.500,0.000,874.740,-9999.000,-9999.000,-9999.000,3.600,7.200,-1.800,97.800,998.000,40.515,-122.256
64871,31.530,0.000,874.460,-9999.000,-9999.000,-9999.000,3.200,7.100,-2.400,97.600,1003.000,40.515,-122.256
64872,31.670,0.000,875.080,-9999.000,-9999.000,-9999.000,2.500,7.000,-2.800,96.600,1006.000,40.516,-122.256
64873,31.420,0.000,871.360,-9999.000,-9999.000,-9999.000,2.100,6.500,-2.200,100.100,1010.000,40.517,-122.256
64874,31.420,0.000,871.580,-9999.000,-9999.000,-9999.000,2.400,6.900,-1.400,99.200,1013.000,40.517,-122.256
64875,31.440,0.000,872.440,-9999.000,-9999.000,-9999.000,3.000,6.800,-1.000,98.500,1015.000,40.518,-122.256
64876,31.460,0.000,872.840,-9999.000,-9999.000,-9999.000,3.100,7.000,-1.100,97.800,1018.000,40.518,-122.256
64877,31.390,0.000,871.780,-9999.000,-9999.000,-9999.000,2.800,7.100,-1.600,98.500,1021.000,40.519,-122.256
64878,31.310,0.000,871.040,-9999.000,-9999.000,-9999.000,2.700,7.000,-1.600,98.900,1024.000,40.519,-122.256
64879,31.250,0.000,870.240,-9999.000,-9999.000,-9999.000,2.800,7.100,-1.300,99.600,1027.000,40.520,-122.256
64880,31.210,0.000,869.860,-9999.000,-9999.000,-9999.000,3.200,7.200,-1.000,99.700,1030.000,40.520,-122.256
64881,31.260,0.000,870.220,-9999.000,-9999.000,-9999.000,3.500,7.200,-1.100,98.900,1034.000,40.521,-122.256
64882,31.340,0.000,870.880,-9999.000,-9999.000,-9999.000,3.700,7.000,-1.300,97.700,1037.000,40.521,-122.256
64883,31.370,0.000,870.880,-9999.000,-9999.000,-9999.000,3.500,6.800,-1.700,97.300,1040.000,40.522,-122.256
64884,31.380,0.000,870.760,-9999.000,-9999.000,-9999.000,3.500,6.700,-1.900,97.000,1043.000,40.523,-122.256
64885,31.390,0.000,870.820,-9999.000,-9999.000,-9999.000,3.400,6.600,-1.800,96.700,1045.000,40.523,-122.256
64886,31.370,0.000,870.660,-9999.000,-9999.000,-9999.000,3.300,6.500,-1.900,96.600,1048.000,40.524,-122.256
64887,31.340,0.000,870.340,-9999.000,-9999.000,-9999.000,3.200,6.500,-1.900,96.900,1051.000,40.524,-122.256
64888,31.300,0.000,869.840,-9999.000,-9999.000,-9999.000,3.000,6.700,-1.900,97.200,1054.000,40.525,-122.256
64889,31.280,0.000,869.480,-9999.000,-9999.000,-9999.000,2.700,6.800,-1.900,97.400,1057.000,40.525,-122.256
64890,31.260,0.000,868.880,-9999.000,-9999.000,-9999.000,2.700,6.800,-1.600,97.500,1060.000,40.526,-122.256
64891,31.210,0.000,868.340,-9999.000,-9999.000,-9999.000,2.700,6.800,-1.400,97.800,1063.000,40.526,-122.256
64892,31.190,0.000,867.880,-9999.000,-9999.000,-9999.000,2.900,6.700,-1.300,97.900,1066.000,40.527,-122.256
64893,31.190,0.000,867.540,-9999.000,-9999.000,-9999.000,3.100,6.600,-1.400,97.900,1069.000,40.527,-122.256
64894,31.260,0.000,867.880,-9999.000,-9999.000,-9999.000,3.300,6.500,-1.400,97.100,1072.000,40.528,-122.256
64895,31.270,0.000,867.880,-9999.000,-9999.000,-9999.000,3.300,6.400,-1.700,96.900,1075.000,40.529,-122.256
64896,31.260,0.000,867.620,-9999.000,-9999.000,-9999.000,3.100,6.500,-1.900,97.100,1077.000,40.529,-122.255
64897,31.230,0.000,867.280,-9999.000,-9999.000,-9999.000,2.900,6.700,-2.000,97.300,1079.000,40.530,-122.255
64898,31.190,0.000,866.920,-9999.000,-9999.000,-9999.000,2.700,6.700,-1.800,97.500,1082.000,40.530,-122.255
64899,31.170,0.000,866.500,-9999.000,-9999.000,-9999.000,2.500,6.800,-1.700,97.500,1084.000,40.531,-122.255
64900,31.120,0.000,866.040,-9999.000,-9999.000,-9999.000,2.600,6.700,-1.500,97.600,1087.000,40.531,-122.255
64901,31.140,0.000,866.380,-9999.000,-9999.000,-9999.000,2.900,6.700,-1.200,97.100,1089.000,40.532,-122.255
64902,31.170,0.000,866.460,-9999.000,-9999.000,-9999.000,3.300,6.600,-1.300,96.700,1092.000,40.532,-122.255
64903,31.200,0.000,866.540,-9999.000,-9999.000,-9999.000,3.500,6.500,-1.600,96.400,1094.000,40.533,-122.255
64904,31.210,0.000,866.400,-9999.000,-9999.000,-9999.000,3.400,6.500,-1.900,96.400,1097.000,40.534,-122.255
64905,31.210,0.000,866.160,-9999.000,-9999.000,-9999.000,3.200,6.500,-2.100,96.300,1099.000,40.534,-122.255
64906,31.210,0.000,866.120,-9999.000,-9999.000,-9999.000,3.100,6.500,-2.200,96.100,1101.000,40.535,-122.255
64907,31.200,0.000,865.880,-9999.000,-9999.000,-9999.000,2.900,6.500,-2.100,96.200,1103.000,40.535,-122.255
64908,31.150,0.000,865.300,-9999.000,-9999.000,-9999.000,2.700,6.500,-2.200,96.600,1105.000,40.536,-122.255
64909,31.110,0.000,864.800,-9999.000,-9999.000,-9999.000,2.500,6.400,-2.100,96.900,1107.000,40.536,-122.255
64910,31.060,0.000,864.120,-9999.000,-9999.000,-9999.000,2.200,6.400,-2.000,97.400,1109.000,40.537,-122.255
64911,31.020,0.000,863.760,-9999.000,-9999.000,-9999.000,2.100,6.300,-1.600,97.700,1111.000,40.537,-122.255
64912,31.020,0.000,863.600,-9999.000,-9999.000,-9999.000,2.200,6.400,-1.300,97.600,1113.000,40.538,-122.255
64913,31.030,0.000,863.580,-9999.000,-9999.000,-9999.000,2.400,6.300,-1.200,97.400,1115.000,40.538,-122.255
64914,31.030,0.000,863.480,-9999.000,-9999.000,-9999.000,2.500,6.400,-1.200,97.400,1117.000,40.539,-122.255
64915,31.040,0.000,863.380,-9999.000,-9999.000,-9999.000,2.500,6.300,-1.300,97.300,1119.000,40.540,-122.255
64916,31.020,0.000,863.140,-9999.000,-9999.000,-9999.000,2.500,6.300,-1.400,97.400,1121.000,40.540,-122.255
64917,31.040,0.000,863.320,-9999.000,-9999.000,-9999.000,2.800,6.400,-1.300,97.000,1123.000,40.541,-122.255
64918,31.060,0.000,863.500,-9999.000,-9999.000,-9999.000,3.000,6.300,-1.300,96.700,1125.000,40.541,-122.255
64919,31.070,0.000,863.440,-9999.000,-9999.000,-9999.000,3.000,6.300,-1.600,96.400,1127.000,40.542,-122.255
64920,31.050,0.000,863.220,-9999.000,-9999.000,-9999.000,2.800,6.300,-1.800,96.500,1129.000,40.542,-122.255
64921,31.010,0.000,862.660,-9999.000,-9999.000,-9999.000,2.700,6.200,-1.800,96.900,1131.000,40.543,-122.255
64922,30.960,0.000,862.380,-9999.000,-9999.000,-9999.000,2.500,6.300,-1.700,97.000,1133.000,40.544,-122.255
64923,30.930,0.000,861.980,-9999.000,-9999.000,-9999.000,2.500,6.300,-1.500,97.300,1135.000,40.544,-122.255
64924,30.920,0.000,861.840,-9999.000,-9999.000,-9999.000,2.600,6.300,-1.300,97.300,1138.000,40.545,-122.255
64925,30.920,0.000,861.700,-9999.000,-9999.000,-9999.000,2.500,6.300,-1.400,97.200,1140.000,40.545,-122.255
64926,30.850,0.000,861.060,-9999.000,-9999.000,-9999.000,2.300,6.300,-1.500,97.700,1142.000,40.546,-122.255
64927,30.840,0.000,860.660,-9999.000,-9999.000,-9999.000,2.300,6.400,-1.300,97.800,1144.000,40.546,-122.255
64928,30.800,0.000,860.260,-9999.000,-9999.000,-9999.000,2.400,6.300,-1.200,98.100,1146.000,40.547,-122.255
64929,30.780,0.000,860.020,-9999.000,-9999.000,-9999.000,2.500,6.400,-1.100,98.200,1149.000,40.547,-122.255
64930,30.760,0.000,859.820,-9999.000,-9999.000,-9999.000,2.600,6.400,-1.100,98.200,1151.000,40.548,-122.255
64931,30.760,0.000,859.660,-9999.000,-9999.000,-9999.000,2.700,6.500,-1.200,98.100,1154.000,40.549,-122.255
64932,30.750,0.000,859.480,-9999.000,-9999.000,-9999.000,2.700,6.500,-1.300,98.000,1156.000,40.549,-122.255
64933,30.730,0.000,859.280,-9999.000,-9999.000,-9999.000,2.800,6.500,-1.300,98.100,1159.000,40.550,-122.255
64934,30.750,0.000,859.400,-9999.000,-9999.000,-9999.000,3.000,6.500,-1.300,97.700,1161.000,40.550,-122.255
64935,30.780,0.000,859.660,-9999.000,-9999.000,-9999.000,3.100,6.500,-1.500,97.000,1164.000,40.551,-122.255
64936,30.790,0.000,859.640,-9999.000,-9999.000,-9999.000,3.100,6.500,-1.700,96.900,1166.000,40.551,-122.255
64937,30.770,0.000,859.340,-9999.000,-9999.000,-9999.000,2.900,6.600,-1.900,97.000,1169.000,40.552,-122.255
64938,30.710,0.000,858.700,-9999.000,-9999.000,-9999.000,2.700,6.600,-2.000,97.500,1171.000,40.553,-122.255
64939,30.690,0.000,858.340,-9999.000,-9999.000,-9999.000,2.500,6.700,-1.800,97.600,1174.000,40.553,-122.255
64940,30.650,0.000,857.960,-9999.000,-9999.000,-9999.000,2.500,6.700,-1.700,97.700,1176.000,40.554,-122.255
64941,30.670,0.000,858.000,-9999.000,-9999.000,-9999.000,2.600,6.700,-1.500,97.500,1179.000,40.554,-122.254
64942,30.640,0.000,857.660,-9999.000,-9999.000,-9999.000,2.400,6.700,-1.600,97.500,1182.000,40.555,-122.254
64943,30.560,0.000,856.880,-9999.000,-9999.000,-9999.000,2.200,6.700,-1.800,98.200,1184.000,40.555,-122.254
64944,30.520,0.000,856.340,-9999.000,-9999.000,-9999.000,2.000,6.800,-1.500,98.500,1187.000,40.556,-122.254
64945,30.510,0.000,856.000,-9999.000,-9999.000,-9999.000,2.100,6.900,-1.300,98.500,1189.000,40.557,-122.254
64946,30.510,0.000,855.960,-9999.000,-9999.000,-9999.000,2.300,6.900,-1.100,98.300,1192.000,40.557,-122.254
64947,30.540,0.000,855.940,-9999.000,-9999.000,-9999.000,2.400,6.800,-1.100,97.900,1195.000,40.558,-122.254
64948,30.530,0.000,855.860,-9999.000,-9999.000,-9999.000,2.600,6.700,-1.200,97.800,1197.000,40.558,-122.254
64949,30.540,0.000,855.820,-9999.000,-9999.000,-9999.000,2.700,6.700,-1.300,97.600,1200.000,40.559,-122.254
64950,30.590,0.000,856.120,-9999.000,-9999.000,-9999.000,2.800,6.700,-1.500,97.000,1202.000,40.559,-122.254
64951,30.610,0.000,856.140,-9999.000,-9999.000,-9999.000,2.900,6.700,-1.600,96.600,1205.000,40.560,-122.254
64952,30.590,0.000,856.000,-9999.000,-9999.000,-9999.000,2.800,6.600,-1.900,96.600,1207.000,40.561,-122.254
64953,30.570,0.000,855.720,-9999.000,-9999.000,-9999.000,2.600,6.700,-2.000,96.700,1209.000,40.561,-122.254
64954,30.530,0.000,855.260,-9999.000,-9999.000,-9999.000,2.500,6.600,-2.000,97.000,1211.000,40.562,-122.254
64955,30.500,0.000,854.940,-9999.000,-9999.000,-9999.000,2.400,6.700,-1.900,97.100,1214.000,40.562,-122.254
64956,30.440,0.000,854.520,-9999.000,-9999.000,-9999.000,2.400,6.800,-1.800,97.500,1216.000,40.563,-122.254
