data/rawdat/flt20220906/FlightData_N57_20220906_RA.ict
46, 1001
Ken Aikin, Steven S. Brown
NOAA Chemical Sciences Laboratory
AIMMS Probe
CalFiDE
1, 1
2022, 09, 06, 2022, 09, 16
1
TO_Time_UTC, seconds, seconds past midnight
13
1, 1, 1, 1, 1, 1, 1, 1, 1, 1, 1, 1, 1
-9999, -9999, -9999, -9999, -9999, -9999, -9999, -9999, -9999, -9999, -9999, -9999, -9999
AmbTemp, C
RelHumidity, %
StaticPrs, hPa
VertWindSpd, m/s
WindDir, deg
WindSpd, m/s
Heading, deg
Pitch, deg
Roll, deg
TrueAirSpd, m/s
GPSAlt, m
GPSLat, deg
GPSLon, deg
1
SPECIAL COMMENTS: Wind data is suspect and not reported. No AIMMS probe on flight 3. Filled in from 30sec data from FlightAware log file.
18
PI_CONTACT_INFO: Address: 325 Broadway, Boulder CO 80305
PLATFORM: NOAA Twin Otter N57RF
LOCATION: California and Oregon
ASSOCIATED_DATA: N/A
INSTRUMENT_INFO: N/A
DATA_INFO: Units: 
UNCERTAINTY: N/A
ULOD_FLAG: -7777
ULOD_VALUE: N/A
LLOD_FLAG: -8888
LLOD_VALUE: N/A
DM_CONTACT_INFO: Ken Aikin kenneth.c.aikin@noaa.gov
PROJECT_INFO: CalFiDE August - September 2022 https://csl.noaa.gov/groups/csl7/measurements/2022calfide/
STIPULATIONS_ON_USE: Use of these data require prior ok from PI.
OTHER_COMMENTS: N/A
REVISION: RA
RA: Preliminary Data.  For in-field use only.
TO_Time_UTC, AmbTemp, RelHumidity, StaticPrs, VertWindSpd, WindDir, WindSpd, Heading, Pitch, Roll, TrueAirSpd, GPSAlt, GPSLat, GPSLon
[from data line 12687]
73886,15.880,0.000,730.520,-9999.000,-9999.000,-9999.000,61.800,-2.800,-2.100,113.600,2448.000,42.122,-121.847
73887,15.690,0.000,728.320,-9999.000,-9999.000,-9999.000,61.500,-2.300,-2.300,115.800,2445.000,42.123,-121.846
73888,15.880,0.000,730.340,-9999.000,-9999.000,-9999.000,61.700,-2.300,-1.100,114.300,2442.000,42.123,-121.846
73889,15.810,0.000,729.500,-9999.000,-9999.000,-9999.000,62.100,-3.000,-0.200,115.200,2439.000,42.123,-121.845
73890,15.750,0.000,729.060,-9999.000,-9999.000,-9999.000,62.100,-3.700,0.500,115.900,2436.000,42.123,-121.844
73891,15.980,0.000,730.960,-9999.000,-9999.000,-9999.000,62.800,-4.100,1.100,114.000,2432.000,42.123,-121.843
73892,15.940,0.000,730.960,-9999.000,-9999.000,-9999.000,63.400,-4.700,2.400,114.700,2427.000,42.123,-121.842
73893,15.720,0.000,729.000,-9999.000,-9999.000,-9999.000,63.300,-5.200,2.900,117.200,2421.000,42.124,-121.841
73894,15.760,0.000,729.640,-9999.000,-9999.000,-9999.000,63.600,-5.400,2.700,117.100,2414.000,42.124,-121.840
73895,15.420,0.000,727.120,-9999.000,-9999.000,-9999.000,64.500,-5.300,1.400,120.700,2407.000,42.124,-121.839
73896,16.060,0.000,733.580,-9999.000,-9999.000,-9999.000,65.800,-5.500,1.400,114.900,2399.000,42.124,-121.838
73897,15.860,0.000,731.560,-9999.000,-9999.000,-9999.000,65.400,-6.200,4.100,117.600,2390.000,42.124,-121.837
73898,14.970,0.000,724.840,-9999.000,-9999.000,-9999.000,64.700,-6.600,6.100,126.100,2382.000,42.124,-121.836
73899,14.750,0.000,724.140,-9999.000,-9999.000,-9999.000,65.800,-6.700,3.700,128.200,2373.000,42.125,-121.835
73900,15.420,0.000,730.580,-9999.000,-9999.000,-9999.000,67.000,-5.600,0.400,122.800,2364.000,42.125,-121.835
73901,15.320,0.000,729.840,-9999.000,-9999.000,-9999.000,66.500,-5.000,2.400,124.300,2357.000,42.125,-121.834
73902,15.030,0.000,726.340,-9999.000,-9999.000,-9999.000,65.400,-4.500,3.300,127.600,2350.000,42.125,-121.833
73903,14.840,0.000,725.440,-9999.000,-9999.000,-9999.000,66.100,-3.900,3.100,129.300,2344.000,42.125,-121.832
73904,15.920,0.000,735.860,-9999.000,-9999.000,-9999.000,67.700,-3.600,1.500,120.400,2339.000,42.125,-121.831
73905,15.600,0.000,732.520,-9999.000,-9999.000,-9999.000,66.000,-3.300,2.000,123.900,2334.000,42.125,-121.830
73906,14.500,0.000,722.360,-9999.000,-9999.000,-9999.000,64.700,-2.600,0.900,133.700,2330.000,42.125,-121.829
73907,15.300,0.000,729.860,-9999.000,-9999.000,-9999.000,66.300,-2.000,-0.700,126.900,2325.000,42.126,-121.828
73908,15.880,0.000,734.220,-9999.000,-9999.000,-9999.000,66.400,-1.700,-0.100,122.600,2321.000,42.126,-121.827
73909,16.000,0.000,734.300,-9999.000,-9999.000,-9999.000,65.400,-1.500,0.300,121.900,2316.000,42.126,-121.826
73910,16.050,0.000,735.380,-9999.000,-9999.000,-9999.000,65.300,-1.800,1.000,121.500,2310.000,42.126,-121.825
73911,16.120,0.000,735.740,-9999.000,-9999.000,-9999.000,65.500,-2.200,1.800,121.400,2305.000,42.126,-121.824
73912,16.200,0.000,737.020,-9999.000,-9999.000,-9999.000,65.600,-2.600,3.200,121.200,2300.000,42.126,-121.823
73913,16.100,0.000,734.760,-9999.000,-9999.000,-9999.000,65.400,-2.700,1.600,122.500,2295.000,42.126,-121.822
73914,16.440,0.000,739.040,-9999.000,-9999.000,-9999.000,66.500,-3.500,-1.500,119.100,2290.000,42.126,-121.821
73915,16.520,0.000,739.500,-9999.000,-9999.000,-9999.000,67.000,-3.500,-1.500,119.300,2284.000,42.127,-121.820
73916,16.590,0.000,740.300,-9999.000,-9999.000,-9999.000,66.200,-3.600,-0.200,119.200,2278.000,42.127,-121.819
73917,16.050,0.000,735.860,-9999.000,-9999.000,-9999.000,65.400,-3.900,-0.900,124.300,2272.000,42.127,-121.818
73918,16.570,0.000,741.040,-9999.000,-9999.000,-9999.000,65.900,-3.900,-2.500,119.900,2266.000,42.127,-121.818
73919,16.470,0.000,739.820,-9999.000,-9999.000,-9999.000,65.200,-3.800,-3.600,121.600,2260.000,42.127,-121.817
73920,15.880,0.000,735.900,-9999.000,-9999.000,-9999.000,65.300,-3.700,-3.100,125.600,2254.000,42.127,-121.816
73921,16.140,0.000,739.540,-9999.000,-9999.000,-9999.000,66.200,-3.100,-2.200,123.300,2248.000,42.127,-121.815
73922,16.020,0.000,739.160,-9999.000,-9999.000,-9999.000,65.700,-2.900,-1.900,125.500,2242.000,42.127,-121.814
73923,16.120,0.000,738.360,-9999.000,-9999.000,-9999.000,64.300,-1.700,-3.100,125.000,2236.000,42.127,-121.813
73924,16.770,0.000,744.760,-9999.000,-9999.000,-9999.000,63.600,-1.800,-4.000,119.300,2229.000,42.128,-121.812
73925,16.020,0.000,736.800,-9999.000,-9999.000,-9999.000,62.300,-2.000,2.300,126.600,2223.000,42.128,-121.811
73926,15.220,0.000,731.960,-9999.000,-9999.000,-9999.000,62.700,-2.600,5.000,133.000,2217.000,42.128,-121.810
73927,15.920,0.000,739.180,-9999.000,-9999.000,-9999.000,65.200,-2.800,3.600,127.400,2212.000,42.128,-121.809
73928,16.620,0.000,743.720,-9999.000,-9999.000,-9999.000,66.700,-2.700,3.400,122.000,2206.000,42.128,-121.808
73929,17.380,0.000,749.300,-9999.000,-9999.000,-9999.000,66.600,-2.000,5.100,116.400,2199.000,42.128,-121.807
73930,16.780,0.000,743.660,-9999.000,-9999.000,-9999.000,66.300,-2.300,3.600,122.100,2192.000,42.128,-121.806
73931,17.270,0.000,749.260,-9999.000,-9999.000,-9999.000,67.400,-3.200,2.200,117.800,2185.000,42.129,-121.805
73932,17.470,0.000,750.700,-9999.000,-9999.000,-9999.000,67.300,-3.300,3.100,117.000,2177.000,42.129,-121.805
73933,16.940,0.000,746.380,-9999.000,-9999.000,-9999.000,66.700,-3.200,0.900,122.600,2169.000,42.129,-121.804
73934,17.420,0.000,750.620,-9999.000,-9999.000,-9999.000,67.100,-2.800,-0.700,118.800,2161.000,42.129,-121.803
73935,17.680,0.000,754.160,-9999.000,-9999.000,-9999.000,66.300,-2.600,-3.700,116.900,2154.000,42.129,-121.802
73936,17.060,0.000,748.320,-9999.000,-9999.000,-9999.000,64.100,-2.400,-4.100,123.000,2147.000,42.129,-121.801
73937,17.220,0.000,749.780,-9999.000,-9999.000,-9999.000,63.300,-2.100,-5.500,121.800,2140.000,42.129,-121.800
73938,17.380,0.000,751.700,-9999.000,-9999.000,-9999.000,63.700,-1.900,-5.100,120.500,2133.000,42.129,-121.799
73939,17.500,0.000,752.280,-9999.000,-9999.000,-9999.000,64.000,-1.700,-6.800,120.100,2127.000,42.129,-121.798
73940,17.480,0.000,753.500,-9999.000,-9999.000,-9999.000,63.600,-1.900,-6.000,119.900,2120.000,42.130,-121.797
73941,17.630,0.000,754.720,-9999.000,-9999.000,-9999.000,62.600,-1.400,-7.100,119.000,2114.000,42.130,-121.796
73942,17.670,0.000,754.960,-9999.000,-9999.000,-9999.000,61.800,-0.900,-4.900,119.200,2108.000,42.130,-121.795
73943,17.530,0.000,753.520,-9999.000,-9999.000,-9999.000,61.600,-1.200,-3.700,120.600,2103.000,42.130,-121.794
73944,17.780,0.000,756.720,-9999.000,-9999.000,-9999.000,62.500,-1.200,-4.500,118.500,2099.000,42.130,-121.794
73945,17.810,0.000,756.420,-9999.000,-9999.000,-9999.000,62.600,-1.100,-5.300,118.900,2095.000,42.130,-121.793
73946,18.120,0.000,758.920,-9999.000,-9999.000,-9999.000,62.600,-0.600,-8.800,116.400,2090.000,42.131,-121.792
73947,18.540,0.000,762.960,-9999.000,-9999.000,-9999.000,62.300,0.000,-10.800,112.900,2086.000,42.131,-121.791
73948,18.450,0.000,762.060,-9999.000,-9999.000,-9999.000,60.700,-0.100,-11.600,114.000,2083.000,42.131,-121.790
73949,18.250,0.000,759.620,-9999.000,-9999.000,-9999.000,59.300,-0.600,-13.100,116.200,2080.000,42.131,-121.789
73950,18.390,0.000,760.640,-9999.000,-9999.000,-9999.000,58.800,-1.600,-13.400,115.000,2076.000,42.131,-121.788
73951,18.630,0.000,763.300,-9999.000,-9999.000,-9999.000,58.400,-2.700,-13.500,113.000,2073.000,42.132,-121.788
73952,18.500,0.000,761.180,-9999.000,-9999.000,-9999.000,57.200,-3.500,-13.100,114.800,2068.000,42.132,-121.787
73953,18.420,0.000,760.980,-9999.000,-9999.000,-9999.000,56.900,-4.400,-12.600,115.700,2062.000,42.132,-121.786
73954,18.320,0.000,760.600,-9999.000,-9999.000,-9999.000,57.600,-5.000,-12.000,116.600,2054.000,42.133,-121.785
73955,18.590,0.000,763.580,-9999.000,-9999.000,-9999.000,58.600,-5.400,-12.000,114.600,2046.000,42.133,-121.784
73956,18.650,0.000,764.340,-9999.000,-9999.000,-9999.000,58.900,-5.800,-11.400,114.800,2037.000,42.133,-121.784
73957,18.540,0.000,763.940,-9999.000,-9999.000,-9999.000,58.700,-6.100,-11.200,116.600,2027.000,42.134,-121.783
73958,18.670,0.000,765.440,-9999.000,-9999.000,-9999.000,58.600,-5.400,-11.100,116.100,2016.000,42.134,-121.782
73959,18.210,0.000,762.060,-9999.000,-9999.000,-9999.000,58.800,-4.900,-9.800,120.700,2006.000,42.134,-121.781
73960,18.400,0.000,764.360,-9999.000,-9999.000,-9999.000,60.300,-5.000,-9.600,118.900,1997.000,42.135,-121.781
73961,19.260,0.000,772.000,-9999.000,-9999.000,-9999.000,61.600,-4.100,-11.900,112.000,1988.000,42.135,-121.780
73962,19.140,0.000,771.120,-9999.000,-9999.000,-9999.000,60.600,-3.500,-11.200,113.800,1979.000,42.136,-121.779
73963,18.610,0.000,766.180,-9999.000,-9999.000,-9999.000,59.600,-3.200,-11.400,119.400,1970.000,42.136,-121.779
73964,18.950,0.000,769.880,-9999.000,-9999.000,-9999.000,60.200,-2.400,-11.300,116.300,1962.000,42.136,-121.778
73965,19.290,0.000,773.340,-9999.000,-9999.000,-9999.000,60.900,-1.800,-10.500,113.900,1954.000,42.137,-121.777
73966,19.120,0.000,771.480,-9999.000,-9999.000,-9999.000,61.200,-2.000,-9.400,116.300,1946.000,42.137,-121.777
73967,19.040,0.000,770.240,-9999.000,-9999.000,-9999.000,61.700,-2.600,-9.300,117.700,1939.000,42.138,-121.776
73968,19.140,0.000,771.800,-9999.000,-9999.000,-9999.000,62.500,-2.900,-8.900,117.300,1931.000,42.138,-121.775
73969,19.280,0.000,773.260,-9999.000,-9999.000,-9999.000,63.200,-3.000,-8.100,116.500,1922.000,42.139,-121.775
73970,19.370,0.000,774.460,-9999.000,-9999.000,-9999.000,63.700,-3.100,-7.500,116.200,1913.000,42.139,-121.774
73971,19.000,0.000,771.340,-9999.000,-9999.000,-9999.000,64.100,-3.200,-6.200,120.400,1904.000,42.140,-121.774
73972,19.310,0.000,775.540,-9999.000,-9999.000,-9999.000,65.200,-2.500,-10.000,117.700,1895.000,42.140,-121.773
73973,19.560,0.000,778.280,-9999.000,-9999.000,-9999.000,65.600,-1.300,-14.700,116.200,1886.000,42.141,-121.772
73974,19.810,0.000,779.920,-9999.000,-9999.000,-9999.000,64.300,0.100,-15.500,114.500,1878.000,42.141,-121.772
73975,19.690,0.000,778.600,-9999.000,-9999.000,-9999.000,63.200,0.800,-17.200,115.900,1871.000,42.142,-121.771
73976,19.520,0.000,777.660,-9999.000,-9999.000,-9999.000,63.800,1.500,-19.600,117.300,1865.000,42.142,-121.771
73977,19.600,0.000,778.780,-9999.000,-9999.000,-9999.000,64.000,2.500,-20.400,117.100,1861.000,42.143,-121.771
73978,20.020,0.000,781.800,-9999.000,-9999.000,-9999.000,63.000,3.500,-21.900,114.100,1856.000,42.143,-121.770
73979,20.030,0.000,781.460,-9999.000,-9999.000,-9999.000,61.400,4.100,-24.600,114.300,1852.000,42.144,-121.770
73980,19.760,0.000,780.320,-9999.000,-9999.000,-9999.000,59.700,4.800,-21.100,117.100,1847.000,42.145,-121.769
73981,20.350,0.000,784.420,-9999.000,-9999.000,-9999.000,57.700,5.300,-17.300,111.700,1843.000,42.145,-121.769
73982,19.460,0.000,777.100,-9999.000,-9999.000,-9999.000,56.200,6.000,-18.400,119.400,1839.000,42.146,-121.769
73983,19.640,0.000,780.120,-9999.000,-9999.000,-9999.000,58.000,8.000,-15.700,116.000,1834.000,42.146,-121.769
73984,20.440,0.000,787.020,-9999.000,-9999.000,-9999.000,59.000,9.500,-15.400,109.700,1829.000,42.147,-121.769
73985,20.610,0.000,788.120,-9999.000,-9999.000,-9999.000,57.800,10.400,-14.700,108.800,1824.000,42.148,-121.769
73986,20.180,0.000,784.100,-9999.000,-9999.000,-9999.000,2.700,-0.500,-19.000,113.300,1819.000,42.148,-121.768
73987,20.230,0.000,785.380,-9999.000,-9999.000,-9999.000,359.200,-0.600,-18.000,112.700,1814.000,42.149,-121.768
73988,20.150,0.000,785.060,-9999.000,-9999.000,-9999.000,356.600,-0.100,-15.200,113.400,1810.000,42.149,-121.768
73989,20.270,0.000,785.720,-9999.000,-9999.000,-9999.000,354.600,-0.900,-13.300,112.800,1806.000,42.150,-121.769
73990,20.450,0.000,786.560,-9999.000,-9999.000,-9999.000,352.800,-1.700,-13.200,111.600,1802.000,42.151,-121.769
73991,20.860,0.000,789.880,-9999.000,-9999.000,-9999.000,350.500,-0.700,-14.300,108.500,1796.000,42.151,-121.769
73992,20.860,0.000,790.480,-9999.000,-9999.000,-9999.000,350.500,0.500,-13.400,108.600,1790.000,42.152,-121.769
73993,20.400,0.000,786.720,-9999.000,-9999.000,-9999.000,350.100,1.000,-13.000,112.800,1785.000,42.152,-121.769
73994,20.850,0.000,791.960,-9999.000,-9999.000,-9999.000,350.600,1.800,-16.800,108.100,1780.000,42.153,-121.769
73995,21.300,0.000,795.700,-9999.000,-9999.000,-9999.000,350.600,2.100,-17.200,104.100,1775.000,42.154,-121.769
73996,21.360,0.000,794.460,-9999.000,-9999.000,-9999.000,348.700,2.700,-15.900,105.500,1769.000,42.154,-121.770
73997,21.390,0.000,794.900,-9999.000,-9999.000,-9999.000,347.100,3.000,-13.000,105.100,1763.000,42.155,-121.770
73998,20.770,0.000,790.580,-9999.000,-9999.000,-9999.000,347.400,2.500,-8.600,110.500,1758.000,42.155,-121.770
73999,21.030,0.000,793.700,-9999.000,-9999.000,-9999.000,349.000,3.800,-6.300,107.800,1753.000,42.156,-121.770
74000,21.340,0.000,796.160,-9999.000,-9999.000,-9999.000,351.400,4.200,-6.000,105.100,1748.000,42.156,-121.771
74001,21.470,0.000,797.320,-9999.000,-9999.000,-9999.000,352.300,4.200,-4.800,105.000,1743.000,42.157,-121.771
74002,20.980,0.000,792.960,-9999.000,-9999.000,-9999.000,354.200,4.100,-3.300,109.200,1739.000,42.157,-121.771
74003,21.110,0.000,795.880,-9999.000,-9999.000,-9999.000,356.600,4.200,-4.200,107.400,1734.000,42.158,-121.772
74004,21.770,0.000,800.000,-9999.000,-9999.000,-9999.000,357.300,3.800,-4.700,102.300,1730.000,42.158,-121.772
74005,21.600,0.000,798.160,-9999.000,-9999.000,-9999.000,356.800,3.200,-2.700,104.700,1726.000,42.159,-121.772
74006,21.750,0.000,799.280,-9999.000,-9999.000,-9999.000,356.600,3.000,-1.100,103.700,1722.000,42.159,-121.773
74007,21.600,0.000,798.340,-9999.000,-9999.000,-9999.000,357.300,2.600,-1.500,105.200,1717.000,42.160,-121.773
74008,21.870,0.000,801.820,-9999.000,-9999.000,-9999.000,359.200,1.800,-3.000,102.800,1712.000,42.160,-121.773
74009,21.850,0.000,801.180,-9999.000,-9999.000,-9999.000,360.000,1.700,-1.200,104.100,1707.000,42.161,-121.774
74010,22.120,0.000,803.680,-9999.000,-9999.000,-9999.000,359.900,0.400,-1.600,101.700,1702.000,42.161,-121.774
74011,22.500,0.000,805.820,-9999.000,-9999.000,-9999.000,359.300,0.000,-0.300,98.900,1697.000,42.162,-121.775
74012,22.010,0.000,800.280,-9999.000,-9999.000,-9999.000,358.200,-0.600,1.000,104.800,1692.000,42.162,-121.775
74013,21.860,0.000,802.360,-9999.000,-9999.000,-9999.000,359.100,-0.200,0.200,104.600,1686.000,42.163,-121.775
74014,21.960,0.000,803.100,-9999.000,-9999.000,-9999.000,1.100,-0.200,0.400,103.700,1681.000,42.163,-121.776
74015,21.290,0.000,797.580,-9999.000,-9999.000,-9999.000,1.800,0.300,1.500,111.800,1676.000,42.164,-121.776
74016,21.430,0.000,798.800,-9999.000,-9999.000,-9999.000,2.200,0.100,6.300,111.100,1671.000,42.164,-121.777
74017,21.460,0.000,800.240,-9999.000,-9999.000,-9999.000,3.400,2.400,8.000,109.700,1668.000,42.165,-121.777
74018,21.800,0.000,803.820,-9999.000,-9999.000,-9999.000,5.900,3.100,9.400,105.800,1669.000,42.165,-121.777
74019,21.680,0.000,799.720,-9999.000,-9999.000,-9999.000,6.500,2.000,7.000,109.400,1671.000,42.166,-121.778
74020,22.560,0.000,806.800,-9999.000,-9999.000,-9999.000,6.700,2.800,8.200,100.900,1673.000,42.166,-121.778
74021,22.620,0.000,806.140,-9999.000,-9999.000,-9999.000,5.900,1.800,5.100,100.700,1676.000,42.166,-121.778
74022,22.620,0.000,805.840,-9999.000,-9999.000,-9999.000,6.100,1.300,4.500,99.900,1679.000,42.167,-121.779
74023,23.210,0.000,810.300,-9999.000,-9999.000,-9999.000,6.700,0.500,7.100,94.100,1681.000,42.167,-121.779
74024,23.500,0.000,810.900,-9999.000,-9999.000,-9999.000,6.700,0.400,7.500,91.400,1684.000,42.168,-121.779
74025,23.260,0.000,809.660,-9999.000,-9999.000,-9999.000,6.700,-1.600,6.900,92.100,1686.000,42.168,-121.779
74026,23.550,0.000,812.780,-9999.000,-9999.000,-9999.000,8.400,-3.100,8.100,87.400,1688.000,42.169,-121.780
74027,23.900,0.000,814.400,-9999.000,-9999.000,-9999.000,7.300,-5.800,9.600,85.100,1689.000,42.169,-121.780
74028,23.550,0.000,809.200,-9999.000,-9999.000,-9999.000,5.000,-7.200,8.000,90.600,1689.000,42.170,-121.780
74029,23.290,0.000,809.660,-9999.000,-9999.000,-9999.000,5.600,-8.900,4.900,90.500,1686.000,42.170,-121.780
