data/rawdat/flt20220906/JNO2_N57_20220906_RA.ict
36, 1001
Michael A. Robinson, Patrick Veres, Ken Aikin
NOAA Chemical Sciences Laboratory
Filter Radiometer (NO2)
CalFiDE
1, 1
2022, 09, 06, 2022, 09, 17
0
TO_Time_UTC, seconds_past_midnight, Time_Start
3
1, 1, 1
-9999, -9999, -9999
jNO2_up, 1/s, GasJvalue_jNO2_InSitu_Downwelling_Full_NO2-O3P
jNO2_down, 1/s, GasJvalue_jNO2_InSitu_Upwelling_Full_NO2-O3P
jNO2_total, 1/s, GasJvalue_jNO2_InSitu_Total_Full_NO2-O3P
1
SPECIAL COMMENTS: N/A
18
PI_CONTACT_INFO: Address: 325 Broadway, Boulder CO 80305
PLATFORM: N57RF Twin Otter
LOCATION: California and Oregon
ASSOCIATED_DATA: N/A
INSTRUMENT_INFO: Filter radiometers
DATA_INFO: Units: 1/s 
UNCERTAINTY: ± 10%
ULOD_FLAG: -7777
ULOD_VALUE: N/A
LLOD_FLAG: -8888
LLOD_VALUE: N/A
DM_CONTACT_INFO: Data Manager: Ken Aikin
PROJECT_INFO: CalFiDE dates of study: August-September, 2022
STIPULATIONS_ON_USE: Users are strongly encouraged to contact the PI for proper data usage.
OTHER_COMMENTS: up means upward looking, down means downward looking, total is the sum of up and down. Calibration done by intercomparison with NCAR HARP instrument.
REVISION: RA
RA: Preliminary data
TO_Time_UTC, jNO2_up, jNO2_down, jNO2_total
[from data line 5615]
66814,1.185e-02,2.581e-03,1.443e-02
66815,1.186e-02,2.616e-03,1.448e-02
66816,1.184e-02,2.659e-03,1.449e-02
66817,1.181e-02,2.598e-03,1.441e-02
66818,1.183e-02,2.633e-03,1.446e-02
66819,1.180e-02,2.598e-03,1.440e-02
66820,1.180e-02,2.607e-03,1.441e-02
66821,1.179e-02,2.624e-03,1.441e-02
66822,1.183e-02,2.616e-03,1.444e-02
66823,1.186e-02,2.633e-03,1.449e-02
66824,1.184e-02,2.616e-03,1.445e-02
66825,1.186e-02,2.598e-03,1.446e-02
66826,1.188e-02,2.598e-03,1.448e-02
66827,1.187e-02,2.573e-03,1.444e-02
66828,1.181e-02,2.616e-03,1.443e-02
66829,1.182e-02,2.633e-03,1.445e-02
66830,1.183e-02,2.616e-03,1.444e-02
66831,1.183e-02,2.573e-03,1.440e-02
66832,1.179e-02,2.598e-03,1.439e-02
66833,1.180e-02,2.581e-03,1.438e-02
66834,1.184e-02,2.573e-03,1.442e-02
66835,1.180e-02,2.642e-03,1.444e-02
66836,1.184e-02,2.633e-03,1.447e-02
66837,1.181e-02,2.642e-03,1.445e-02
66838,1.184e-02,2.624e-03,1.446e-02
66839,1.185e-02,2.598e-03,1.445e-02
66840,1.188e-02,2.633e-03,1.451e-02
66841,1.189e-02,2.616e-03,1.450e-02
66842,1.184e-02,2.598e-03,1.444e-02
66843,1.189e-02,2.590e-03,1.448e-02
66844,1.189e-02,2.642e-03,1.453e-02
66845,1.189e-02,2.590e-03,1.448e-02
66846,1.189e-02,2.590e-03,1.448e-02
66847,1.190e-02,2.598e-03,1.450e-02
66848,1.188e-02,2.616e-03,1.449e-02
66849,1.188e-02,2.555e-03,1.443e-02
66850,1.184e-02,2.598e-03,1.444e-02
66851,1.190e-02,2.564e-03,1.447e-02
66852,1.188e-02,2.581e-03,1.446e-02
66853,1.190e-02,2.590e-03,1.449e-02
66854,1.192e-02,2.590e-03,1.451e-02
66855,1.190e-02,2.642e-03,1.455e-02
66856,1.192e-02,2.590e-03,1.451e-02
66857,1.197e-02,2.573e-03,1.455e-02
66858,1.196e-02,2.581e-03,1.454e-02
66859,1.196e-02,2.616e-03,1.457e-02
66860,1.196e-02,2.564e-03,1.453e-02
66861,1.198e-02,2.538e-03,1.452e-02
66862,1.201e-02,2.547e-03,1.455e-02
66863,1.206e-02,2.564e-03,1.462e-02
66864,1.209e-02,2.573e-03,1.467e-02
66865,1.212e-02,2.607e-03,1.472e-02
66866,1.215e-02,2.547e-03,1.470e-02
66867,1.216e-02,2.529e-03,1.469e-02
66868,1.223e-02,2.555e-03,1.478e-02
66869,1.225e-02,2.529e-03,1.478e-02
66870,1.228e-02,2.547e-03,1.483e-02
66871,1.231e-02,2.538e-03,1.485e-02
66872,1.236e-02,2.547e-03,1.491e-02
66873,1.243e-02,2.529e-03,1.496e-02
66874,1.253e-02,2.521e-03,1.505e-02
66875,1.274e-02,2.521e-03,1.526e-02
66876,1.116e-02,2.512e-03,1.367e-02
66877,9.522e-03,2.529e-03,1.205e-02
66878,6.952e-03,2.512e-03,9.464e-03
66879,6.260e-03,2.538e-03,8.798e-03
66880,6.422e-03,2.460e-03,8.882e-03
66881,8.864e-03,2.547e-03,1.141e-02
66882,7.234e-03,2.529e-03,9.763e-03
66883,6.388e-03,2.547e-03,8.935e-03
66884,7.857e-03,2.564e-03,1.042e-02
66885,8.967e-03,2.581e-03,1.155e-02
66886,7.823e-03,2.564e-03,1.039e-02
66887,1.260e-02,2.564e-03,1.517e-02
66888,1.296e-02,2.598e-03,1.556e-02
66889,1.277e-02,2.607e-03,1.537e-02
66890,1.265e-02,2.633e-03,1.528e-02
66891,1.257e-02,2.581e-03,1.515e-02
66892,1.248e-02,2.547e-03,1.502e-02
66893,1.246e-02,2.607e-03,1.507e-02
66894,1.238e-02,2.581e-03,1.496e-02
66895,1.232e-02,2.650e-03,1.497e-02
66896,1.227e-02,2.598e-03,1.487e-02
66897,1.220e-02,2.616e-03,1.482e-02
66898,1.217e-02,2.616e-03,1.478e-02
66899,1.214e-02,2.598e-03,1.474e-02
66900,1.217e-02,2.573e-03,1.474e-02
66901,1.214e-02,2.598e-03,1.474e-02
66902,1.215e-02,2.667e-03,1.482e-02
66903,1.209e-02,2.564e-03,1.466e-02
66904,1.206e-02,2.581e-03,1.464e-02
66905,1.206e-02,2.573e-03,1.463e-02
66906,1.201e-02,2.598e-03,1.461e-02
66907,1.197e-02,2.598e-03,1.457e-02
66908,1.202e-02,2.590e-03,1.461e-02
66909,1.198e-02,2.598e-03,1.458e-02
66910,1.199e-02,2.616e-03,1.460e-02
66911,1.196e-02,2.616e-03,1.458e-02
66912,1.199e-02,2.538e-03,1.453e-02
66913,1.193e-02,2.624e-03,1.455e-02
66914,1.198e-02,2.633e-03,1.461e-02
66915,1.196e-02,2.598e-03,1.456e-02
66916,1.195e-02,2.555e-03,1.450e-02
66917,1.196e-02,2.616e-03,1.458e-02
66918,1.196e-02,2.633e-03,1.459e-02
66919,1.193e-02,2.642e-03,1.457e-02
66920,1.196e-02,2.633e-03,1.459e-02
66921,1.192e-02,2.598e-03,1.452e-02
66922,1.192e-02,2.624e-03,1.454e-02
66923,1.191e-02,2.616e-03,1.453e-02
66924,1.195e-02,2.642e-03,1.459e-02
66925,1.192e-02,2.642e-03,1.456e-02
66926,1.190e-02,2.659e-03,1.456e-02
66927,1.189e-02,2.693e-03,1.458e-02
66928,1.190e-02,2.624e-03,1.453e-02
66929,1.190e-02,2.702e-03,1.460e-02
66930,1.192e-02,2.676e-03,1.460e-02
66931,1.192e-02,2.616e-03,1.454e-02
66932,1.194e-02,2.667e-03,1.460e-02
66933,1.193e-02,2.659e-03,1.459e-02
66934,1.188e-02,2.659e-03,1.454e-02
66935,1.192e-02,2.667e-03,1.459e-02
66936,1.188e-02,2.676e-03,1.455e-02
66937,1.190e-02,2.693e-03,1.460e-02
66938,1.189e-02,2.685e-03,1.457e-02
66939,1.189e-02,2.702e-03,1.459e-02
66940,1.186e-02,2.685e-03,1.455e-02
66941,1.186e-02,2.685e-03,1.455e-02
66942,1.186e-02,2.685e-03,1.455e-02
66943,1.187e-02,2.719e-03,1.459e-02
66944,1.189e-02,2.685e-03,1.457e-02
66945,1.187e-02,2.685e-03,1.456e-02
66946,1.190e-02,2.719e-03,1.461e-02
66947,1.190e-02,2.702e-03,1.460e-02
66948,1.189e-02,2.736e-03,1.462e-02
66949,1.189e-02,2.736e-03,1.462e-02
66950,1.190e-02,2.710e-03,1.461e-02
66951,1.185e-02,2.762e-03,1.462e-02
66952,1.188e-02,2.693e-03,1.457e-02
66953,1.185e-02,2.762e-03,1.462e-02
66954,1.183e-02,2.771e-03,1.460e-02
66955,1.184e-02,2.788e-03,1.463e-02
66956,1.189e-02,2.693e-03,1.458e-02
66957,1.187e-02,2.754e-03,1.462e-02
66958,1.187e-02,2.779e-03,1.465e-02
66959,1.189e-02,2.797e-03,1.468e-02
66960,1.187e-02,2.814e-03,1.468e-02
66961,1.187e-02,2.797e-03,1.467e-02
66962,1.185e-02,2.762e-03,1.462e-02
66963,1.185e-02,2.771e-03,1.462e-02
66964,1.190e-02,2.771e-03,1.468e-02
66965,1.188e-02,2.762e-03,1.464e-02
66966,1.186e-02,2.754e-03,1.461e-02
66967,1.190e-02,2.831e-03,1.473e-02
66968,1.191e-02,2.797e-03,1.471e-02
66969,1.189e-02,2.814e-03,1.470e-02
66970,1.189e-02,2.840e-03,1.473e-02
66971,1.186e-02,2.805e-03,1.467e-02
66972,1.189e-02,2.797e-03,1.468e-02
66973,1.188e-02,2.840e-03,1.472e-02
66974,1.185e-02,2.848e-03,1.470e-02
66975,1.186e-02,2.831e-03,1.469e-02
66976,1.189e-02,2.831e-03,1.472e-02
66977,1.185e-02,2.866e-03,1.472e-02
66978,1.189e-02,2.831e-03,1.472e-02
66979,1.184e-02,2.883e-03,1.472e-02
66980,1.184e-02,2.866e-03,1.470e-02
66981,1.187e-02,2.866e-03,1.474e-02
66982,1.185e-02,2.848e-03,1.470e-02
66983,1.187e-02,2.900e-03,1.477e-02
66984,1.189e-02,2.961e-03,1.485e-02
66985,1.187e-02,2.883e-03,1.475e-02
66986,1.188e-02,2.909e-03,1.479e-02
66987,1.188e-02,2.874e-03,1.475e-02
66988,1.188e-02,2.969e-03,1.485e-02
66989,1.192e-02,2.926e-03,1.485e-02
66990,1.189e-02,2.978e-03,1.486e-02
66991,1.189e-02,2.935e-03,1.482e-02
66992,1.189e-02,2.986e-03,1.487e-02
66993,1.190e-02,2.978e-03,1.487e-02
66994,1.192e-02,2.978e-03,1.490e-02
66995,1.190e-02,2.969e-03,1.487e-02
66996,1.192e-02,3.012e-03,1.493e-02
66997,1.192e-02,2.943e-03,1.486e-02
66998,1.190e-02,3.021e-03,1.492e-02
66999,1.189e-02,2.978e-03,1.486e-02
67000,1.182e-02,3.047e-03,1.487e-02
67001,1.180e-02,3.047e-03,1.485e-02
67002,1.172e-02,3.081e-03,1.480e-02
67003,1.172e-02,3.090e-03,1.481e-02
67004,1.175e-02,3.124e-03,1.487e-02
67005,1.182e-02,3.116e-03,1.494e-02
67006,1.185e-02,3.185e-03,1.504e-02
67007,1.184e-02,3.185e-03,1.503e-02
67008,1.190e-02,3.254e-03,1.515e-02
67009,1.195e-02,3.262e-03,1.521e-02
67010,1.197e-02,3.271e-03,1.524e-02
67011,1.201e-02,3.262e-03,1.528e-02
67012,1.203e-02,3.357e-03,1.539e-02
67013,1.208e-02,3.323e-03,1.540e-02
67014,1.213e-02,3.357e-03,1.548e-02
67015,1.215e-02,3.375e-03,1.553e-02
67016,1.215e-02,3.426e-03,1.558e-02
67017,1.217e-02,3.418e-03,1.559e-02
67018,1.218e-02,3.426e-03,1.560e-02
67019,1.219e-02,3.418e-03,1.561e-02
67020,1.220e-02,3.331e-03,1.553e-02
67021,1.219e-02,3.375e-03,1.556e-02
67022,1.221e-02,3.366e-03,1.558e-02
67023,1.219e-02,3.340e-03,1.553e-02
67024,1.220e-02,3.349e-03,1.555e-02
67025,1.222e-02,3.306e-03,1.553e-02
67026,1.222e-02,3.349e-03,1.557e-02
67027,1.219e-02,3.340e-03,1.553e-02
67028,1.219e-02,3.375e-03,1.556e-02
67029,1.219e-02,3.288e-03,1.548e-02
67030,1.214e-02,3.323e-03,1.547e-02
67031,1.216e-02,3.306e-03,1.547e-02
67032,1.213e-02,3.306e-03,1.543e-02
67033,1.214e-02,3.306e-03,1.545e-02
67034,1.215e-02,3.280e-03,1.543e-02
67035,1.212e-02,3.323e-03,1.544e-02
67036,1.217e-02,3.323e-03,1.549e-02
67037,1.213e-02,3.271e-03,1.541e-02
67038,1.213e-02,3.323e-03,1.545e-02
67039,1.209e-02,3.323e-03,1.541e-02
67040,1.212e-02,3.288e-03,1.540e-02
67041,1.212e-02,3.254e-03,1.537e-02
67042,1.209e-02,3.288e-03,1.538e-02
67043,1.210e-02,3.349e-03,1.545e-02
67044,1.210e-02,3.271e-03,1.537e-02
67045,1.208e-02,3.280e-03,1.536e-02
67046,1.207e-02,3.237e-03,1.530e-02
67047,1.206e-02,3.288e-03,1.535e-02
67048,1.206e-02,3.262e-03,1.532e-02
67049,1.205e-02,3.297e-03,1.535e-02
67050,1.202e-02,3.254e-03,1.528e-02
67051,1.203e-02,3.271e-03,1.530e-02
67052,1.201e-02,3.271e-03,1.529e-02
67053,1.203e-02,3.262e-03,1.529e-02
67054,1.206e-02,3.262e-03,1.532e-02
67055,1.204e-02,3.288e-03,1.533e-02
67056,1.201e-02,3.271e-03,1.529e-02
67057,1.203e-02,3.254e-03,1.529e-02
67058,1.207e-02,3.262e-03,1.533e-02
67059,1.201e-02,3.271e-03,1.528e-02
67060,1.206e-02,3.254e-03,1.531e-02
67061,1.203e-02,3.297e-03,1.533e-02
67062,1.201e-02,3.323e-03,1.534e-02
67063,1.201e-02,3.280e-03,1.529e-02
67064,1.204e-02,3.306e-03,1.535e-02
67065,1.203e-02,3.314e-03,1.535e-02
67066,1.203e-02,3.331e-03,1.536e-02
67067,1.197e-02,3.271e-03,1.524e-02
67068,1.195e-02,3.340e-03,1.529e-02
67069,1.198e-02,3.288e-03,1.527e-02
67070,1.202e-02,3.323e-03,1.535e-02
67071,1.197e-02,3.280e-03,1.525e-02
67072,1.192e-02,3.245e-03,1.517e-02
67073,1.194e-02,3.254e-03,1.519e-02
67074,1.192e-02,3.306e-03,1.523e-02
67075,1.191e-02,3.262e-03,1.518e-02
67076,1.199e-02,3.280e-03,1.527e-02
67077,1.196e-02,3.254e-03,1.521e-02
67078,1.196e-02,3.228e-03,1.519e-02
67079,1.198e-02,3.237e-03,1.522e-02
67080,1.192e-02,3.254e-03,1.517e-02
67081,1.190e-02,3.254e-03,1.516e-02
67082,1.187e-02,3.219e-03,1.509e-02
67083,1.187e-02,3.219e-03,1.509e-02
67084,1.188e-02,3.202e-03,1.508e-02
67085,1.190e-02,3.150e-03,1.505e-02
67086,1.193e-02,3.159e-03,1.509e-02
67087,1.199e-02,3.193e-03,1.518e-02
67088,1.196e-02,3.202e-03,1.516e-02
67089,1.199e-02,3.168e-03,1.516e-02
67090,1.193e-02,3.185e-03,1.511e-02
67091,1.190e-02,3.116e-03,1.502e-02
67092,1.189e-02,3.124e-03,1.501e-02
67093,1.189e-02,3.099e-03,1.499e-02
67094,1.183e-02,3.176e-03,1.500e-02
67095,1.190e-02,3.116e-03,1.501e-02
67096,1.192e-02,3.176e-03,1.510e-02
67097,1.199e-02,3.142e-03,1.513e-02
67098,1.199e-02,3.142e-03,1.513e-02
67099,1.202e-02,3.142e-03,1.517e-02
67100,1.202e-02,3.124e-03,1.515e-02
67101,1.204e-02,3.159e-03,1.520e-02
67102,1.202e-02,3.124e-03,1.515e-02
67103,1.201e-02,3.142e-03,1.516e-02
67104,1.202e-02,3.107e-03,1.513e-02
67105,1.198e-02,3.081e-03,1.506e-02
67106,1.196e-02,3.055e-03,1.501e-02
67107,1.198e-02,3.073e-03,1.505e-02
67108,1.196e-02,3.081e-03,1.504e-02
67109,1.199e-02,3.081e-03,1.507e-02
67110,1.198e-02,3.047e-03,1.503e-02
67111,1.200e-02,3.038e-03,1.504e-02
67112,1.199e-02,3.038e-03,1.503e-02
67113,1.202e-02,3.064e-03,1.509e-02
67114,1.201e-02,3.064e-03,1.507e-02
67115,1.200e-02,3.047e-03,1.504e-02
67116,1.201e-02,3.030e-03,1.504e-02
67117,1.203e-02,3.012e-03,1.504e-02
67118,1.205e-02,3.021e-03,1.507e-02
67119,1.201e-02,2.978e-03,1.499e-02
67120,1.201e-02,3.012e-03,1.503e-02
67121,1.198e-02,3.038e-03,1.502e-02
67122,1.200e-02,2.961e-03,1.496e-02
67123,1.194e-02,2.986e-03,1.492e-02
67124,1.199e-02,2.961e-03,1.495e-02
67125,1.198e-02,2.978e-03,1.496e-02
67126,1.198e-02,2.995e-03,1.498e-02
67127,1.200e-02,2.978e-03,1.498e-02
67128,1.200e-02,2.900e-03,1.490e-02
67129,1.198e-02,2.978e-03,1.496e-02
67130,1.201e-02,2.935e-03,1.495e-02
67131,1.199e-02,2.978e-03,1.497e-02
67132,1.201e-02,2.917e-03,1.493e-02
67133,1.198e-02,2.935e-03,1.492e-02
67134,1.202e-02,2.969e-03,1.499e-02
67135,1.198e-02,2.909e-03,1.489e-02
67136,1.199e-02,2.909e-03,1.490e-02
67137,1.201e-02,2.926e-03,1.493e-02
67138,1.202e-02,2.909e-03,1.493e-02
67139,1.201e-02,2.909e-03,1.491e-02
67140,1.201e-02,2.866e-03,1.487e-02
67141,1.202e-02,2.874e-03,1.490e-02
67142,1.204e-02,2.892e-03,1.493e-02
67143,1.201e-02,2.917e-03,1.493e-02
67144,1.206e-02,2.848e-03,1.491e-02
67145,1.199e-02,2.900e-03,1.489e-02
67146,1.202e-02,2.883e-03,1.491e-02
67147,1.200e-02,2.857e-03,1.486e-02
67148,1.200e-02,2.831e-03,1.483e-02
67149,1.203e-02,2.848e-03,1.488e-02
67150,1.200e-02,2.866e-03,1.486e-02
67151,1.202e-02,2.848e-03,1.487e-02
67152,1.203e-02,2.823e-03,1.486e-02
67153,1.204e-02,2.805e-03,1.485e-02
67154,1.208e-02,2.840e-03,1.492e-02
67155,1.208e-02,2.857e-03,1.493e-02
67156,1.206e-02,2.900e-03,1.496e-02
67157,1.207e-02,2.874e-03,1.494e-02
67158,1.208e-02,2.866e-03,1.494e-02
67159,1.208e-02,2.779e-03,1.486e-02
67160,1.206e-02,2.814e-03,1.487e-02
67161,1.207e-02,2.823e-03,1.489e-02
67162,1.206e-02,2.874e-03,1.493e-02
67163,1.208e-02,2.788e-03,1.487e-02
67164,1.205e-02,2.736e-03,1.479e-02
67165,1.205e-02,2.814e-03,1.486e-02
67166,1.206e-02,2.823e-03,1.488e-02
67167,1.209e-02,2.814e-03,1.491e-02
67168,1.205e-02,2.779e-03,1.483e-02
67169,1.206e-02,2.788e-03,1.485e-02
67170,1.205e-02,2.814e-03,1.486e-02
67171,1.206e-02,2.779e-03,1.484e-02
67172,1.202e-02,2.728e-03,1.475e-02
67173,1.205e-02,2.754e-03,1.480e-02
67174,1.203e-02,2.762e-03,1.479e-02
67175,1.205e-02,2.754e-03,1.480e-02
67176,1.201e-02,2.754e-03,1.476e-02
67177,1.201e-02,2.736e-03,1.475e-02
67178,1.201e-02,2.754e-03,1.476e-02
67179,1.201e-02,2.685e-03,1.469e-02
67180,1.203e-02,2.805e-03,1.484e-02
67181,1.201e-02,2.710e-03,1.472e-02
67182,1.200e-02,2.710e-03,1.471e-02
67183,1.198e-02,2.745e-03,1.473e-02
67184,1.199e-02,2.685e-03,1.467e-02
67185,1.201e-02,2.728e-03,1.473e-02
67186,1.204e-02,2.728e-03,1.477e-02
67187,1.197e-02,2.667e-03,1.464e-02
67188,1.198e-02,2.702e-03,1.468e-02
67189,1.197e-02,2.667e-03,1.464e-02
67190,1.201e-02,2.719e-03,1.472e-02
67191,1.202e-02,2.659e-03,1.468e-02
67192,1.201e-02,2.667e-03,1.467e-02
67193,1.199e-02,2.702e-03,1.469e-02
67194,1.197e-02,2.728e-03,1.470e-02
67195,1.198e-02,2.642e-03,1.462e-02
67196,1.196e-02,2.659e-03,1.461e-02
67197,1.202e-02,2.624e-03,1.465e-02
67198,1.199e-02,2.676e-03,1.466e-02
67199,1.203e-02,2.642e-03,1.467e-02
67200,1.200e-02,2.616e-03,1.461e-02
67201,1.202e-02,2.693e-03,1.472e-02
67202,1.201e-02,2.590e-03,1.460e-02
67203,1.204e-02,2.685e-03,1.473e-02
67204,1.202e-02,2.659e-03,1.468e-02
67205,1.202e-02,2.685e-03,1.471e-02
67206,1.203e-02,2.642e-03,1.467e-02
67207,1.203e-02,2.667e-03,1.470e-02
67208,1.201e-02,2.650e-03,1.466e-02
67209,1.203e-02,2.642e-03,1.467e-02
67210,1.201e-02,2.573e-03,1.459e-02
67211,1.201e-02,2.590e-03,1.460e-02
67212,1.200e-02,2.573e-03,1.457e-02
67213,1.202e-02,2.590e-03,1.461e-02
67214,1.198e-02,2.564e-03,1.455e-02
67215,1.200e-02,2.590e-03,1.459e-02
67216,1.201e-02,2.581e-03,1.460e-02
67217,1.202e-02,2.616e-03,1.464e-02
67218,1.203e-02,2.598e-03,1.463e-02
67219,1.203e-02,2.633e-03,1.466e-02
67220,1.202e-02,2.581e-03,1.460e-02
67221,1.201e-02,2.573e-03,1.459e-02
67222,1.203e-02,2.633e-03,1.466e-02
67223,1.202e-02,2.581e-03,1.460e-02
67224,1.204e-02,2.521e-03,1.456e-02
67225,1.206e-02,2.564e-03,1.462e-02
67226,1.206e-02,2.564e-03,1.462e-02
67227,1.208e-02,2.555e-03,1.463e-02
67228,1.206e-02,2.590e-03,1.465e-02
67229,1.206e-02,2.529e-03,1.459e-02
67230,1.207e-02,2.581e-03,1.465e-02
67231,1.208e-02,2.504e-03,1.458e-02
67232,1.205e-02,2.521e-03,1.457e-02
67233,1.207e-02,2.521e-03,1.459e-02
67234,1.208e-02,2.547e-03,1.462e-02
67235,1.208e-02,2.478e-03,1.456e-02
67236,1.209e-02,2.538e-03,1.463e-02
67237,1.208e-02,2.478e-03,1.456e-02
67238,1.217e-02,2.478e-03,1.465e-02
67239,1.217e-02,2.460e-03,1.463e-02
67240,1.213e-02,2.521e-03,1.465e-02
67241,1.214e-02,2.504e-03,1.465e-02
67242,1.213e-02,2.460e-03,1.459e-02
67243,1.208e-02,2.469e-03,1.454e-02
67244,1.208e-02,2.512e-03,1.460e-02
67245,1.211e-02,2.495e-03,1.460e-02
67246,1.209e-02,2.495e-03,1.459e-02
67247,1.212e-02,2.521e-03,1.464e-02
67248,1.206e-02,2.435e-03,1.449e-02
67249,1.208e-02,2.452e-03,1.453e-02
67250,1.209e-02,2.478e-03,1.457e-02
67251,1.215e-02,2.452e-03,1.460e-02
67252,1.218e-02,2.460e-03,1.464e-02
67253,1.212e-02,2.486e-03,1.460e-02
67254,1.211e-02,2.417e-03,1.453e-02
67255,1.210e-02,2.417e-03,1.452e-02
67256,1.211e-02,2.400e-03,1.451e-02
