data/rawdat/flt20220906/JNO2_N57_20220906_RA.ict
36, 1001
Michael A. Robinson, Patrick Veres, Ken Aikin
NOAA Chemical Sciences Laboratory
Filter Radiometer (NO2)
CalFiDE
1, 1
2022, 09, 06, 2022, 09, 17
0
TO_Time_UTC, seconds_past_midnight, Time_Start
3
1, 1, 1
-9999, -9999, -9999
jNO2_up, 1/s, GasJvalue_jNO2_InSitu_Downwelling_Full_NO2-O3P
jNO2_down, 1/s, GasJvalue_jNO2_InSitu_Upwelling_Full_NO2-O3P
jNO2_total, 1/s, GasJvalue_jNO2_InSitu_Total_Full_NO2-O3P
1
SPECIAL COMMENTS: N/A
18
PI_CONTACT_INFO: Address: 325 Broadway, Boulder CO 80305
PLATFORM: N57RF Twin Otter
LOCATION: California and Oregon
ASSOCIATED_DATA: N/A
INSTRUMENT_INFO: Filter radiometers
DATA_INFO: Units: 1/s 
UNCERTAINTY: ± 10%
ULOD_FLAG: -7777
ULOD_VALUE: N/A
LLOD_FLAG: -8888
LLOD_VALUE: N/A
DM_CONTACT_INFO: Data Manager: Ken Aikin
PROJECT_INFO: CalFiDE dates of study: August-September, 2022
STIPULATIONS_ON_USE: Users are strongly encouraged to contact the PI for proper data usage.
OTHER_COMMENTS: up means upward looking, down means downward looking, total is the sum of up and down. Calibration done by intercomparison with NCAR HARP instrument.
REVISION: RA
RA: Preliminary data
TO_Time_UTC, jNO2_up, jNO2_down, jNO2_total
[from data line 4281]
65480,1.111e-02,2.133e-03,1.324e-02
65481,1.112e-02,2.115e-03,1.323e-02
65482,1.114e-02,2.133e-03,1.327e-02
65483,1.112e-02,2.133e-03,1.325e-02
65484,1.115e-02,2.107e-03,1.326e-02
65485,1.116e-02,2.150e-03,1.331e-02
65486,1.114e-02,2.184e-03,1.333e-02
65487,1.114e-02,2.176e-03,1.331e-02
65488,1.114e-02,2.202e-03,1.335e-02
65489,1.114e-02,2.141e-03,1.328e-02
65490,1.117e-02,2.150e-03,1.332e-02
65491,1.116e-02,2.167e-03,1.333e-02
65492,1.115e-02,2.176e-03,1.333e-02
65493,1.114e-02,2.176e-03,1.332e-02
65494,1.115e-02,2.133e-03,1.329e-02
65495,1.114e-02,2.124e-03,1.327e-02
65496,1.116e-02,2.176e-03,1.334e-02
65497,1.117e-02,2.159e-03,1.333e-02
65498,1.116e-02,2.202e-03,1.336e-02
65499,1.118e-02,2.159e-03,1.334e-02
65500,1.119e-02,2.150e-03,1.334e-02
65501,1.123e-02,2.193e-03,1.342e-02
65502,1.116e-02,2.202e-03,1.336e-02
65503,1.120e-02,2.141e-03,1.334e-02
65504,1.119e-02,2.133e-03,1.332e-02
65505,1.121e-02,2.159e-03,1.337e-02
65506,1.114e-02,2.184e-03,1.333e-02
65507,1.117e-02,2.210e-03,1.338e-02
65508,1.119e-02,2.150e-03,1.334e-02
65509,1.120e-02,2.210e-03,1.341e-02
65510,1.120e-02,2.159e-03,1.335e-02
65511,1.119e-02,2.184e-03,1.337e-02
65512,1.120e-02,2.202e-03,1.341e-02
65513,1.123e-02,2.193e-03,1.342e-02
65514,1.119e-02,2.184e-03,1.337e-02
65515,1.120e-02,2.159e-03,1.335e-02
65516,1.122e-02,2.236e-03,1.346e-02
65517,1.118e-02,2.202e-03,1.338e-02
65518,1.120e-02,2.184e-03,1.339e-02
65519,1.123e-02,2.159e-03,1.339e-02
65520,1.122e-02,2.202e-03,1.342e-02
65521,1.125e-02,2.193e-03,1.345e-02
65522,1.127e-02,2.193e-03,1.347e-02
65523,1.127e-02,2.176e-03,1.345e-02
65524,1.124e-02,2.210e-03,1.345e-02
65525,1.129e-02,2.219e-03,1.351e-02
65526,1.129e-02,2.133e-03,1.342e-02
65527,1.126e-02,2.202e-03,1.347e-02
65528,1.128e-02,2.219e-03,1.350e-02
65529,1.129e-02,2.210e-03,1.350e-02
65530,1.126e-02,2.228e-03,1.349e-02
65531,1.125e-02,2.219e-03,1.347e-02
65532,1.127e-02,2.210e-03,1.348e-02
65533,1.127e-02,2.219e-03,1.349e-02
65534,1.126e-02,2.219e-03,1.348e-02
65535,1.127e-02,2.193e-03,1.347e-02
65536,1.125e-02,2.184e-03,1.343e-02
65537,1.127e-02,2.184e-03,1.346e-02
65538,1.127e-02,2.245e-03,1.352e-02
65539,1.125e-02,2.253e-03,1.351e-02
65540,1.125e-02,2.193e-03,1.345e-02
65541,1.130e-02,2.219e-03,1.352e-02
65542,1.134e-02,2.210e-03,1.355e-02
65543,1.132e-02,2.236e-03,1.356e-02
65544,1.134e-02,2.297e-03,1.364e-02
65545,1.128e-02,2.184e-03,1.346e-02
65546,1.132e-02,2.219e-03,1.353e-02
65547,1.133e-02,2.236e-03,1.357e-02
65548,1.135e-02,2.253e-03,1.360e-02
65549,1.137e-02,2.219e-03,1.358e-02
65550,1.137e-02,2.253e-03,1.363e-02
65551,1.139e-02,2.219e-03,1.361e-02
65552,1.103e-02,2.202e-03,1.324e-02
65553,1.141e-02,2.271e-03,1.368e-02
65554,1.141e-02,2.271e-03,1.368e-02
65555,1.115e-02,2.228e-03,1.338e-02
65556,1.078e-02,2.210e-03,1.299e-02
65557,1.078e-02,2.202e-03,1.298e-02
65558,1.107e-02,2.245e-03,1.331e-02
65559,1.115e-02,2.245e-03,1.340e-02
65560,1.136e-02,2.236e-03,1.359e-02
65561,1.137e-02,2.228e-03,1.360e-02
65562,1.121e-02,2.219e-03,1.343e-02
65563,1.127e-02,2.202e-03,1.347e-02
65564,1.118e-02,2.245e-03,1.342e-02
65565,1.143e-02,2.288e-03,1.372e-02
65566,1.154e-02,2.262e-03,1.381e-02
65567,1.153e-02,2.202e-03,1.373e-02
65568,1.150e-02,2.271e-03,1.377e-02
65569,1.149e-02,2.245e-03,1.374e-02
65570,1.153e-02,2.245e-03,1.377e-02
65571,1.166e-02,2.253e-03,1.391e-02
65572,1.165e-02,2.288e-03,1.394e-02
65573,1.165e-02,2.262e-03,1.391e-02
65574,1.166e-02,2.236e-03,1.389e-02
65575,1.168e-02,2.245e-03,1.393e-02
65576,1.168e-02,2.279e-03,1.396e-02
65577,1.167e-02,2.288e-03,1.396e-02
65578,1.166e-02,2.271e-03,1.393e-02
65579,1.166e-02,2.271e-03,1.393e-02
65580,1.160e-02,2.253e-03,1.385e-02
65581,1.149e-02,2.245e-03,1.373e-02
65582,1.152e-02,2.271e-03,1.379e-02
65583,1.154e-02,2.202e-03,1.374e-02
65584,1.154e-02,2.253e-03,1.380e-02
65585,1.160e-02,2.253e-03,1.385e-02
65586,1.161e-02,2.271e-03,1.388e-02
65587,1.163e-02,2.253e-03,1.388e-02
65588,1.163e-02,2.202e-03,1.383e-02
65589,1.161e-02,2.305e-03,1.392e-02
65590,1.166e-02,2.253e-03,1.391e-02
65591,1.163e-02,2.253e-03,1.388e-02
65592,1.165e-02,2.228e-03,1.388e-02
65593,1.167e-02,2.245e-03,1.391e-02
65594,1.168e-02,2.288e-03,1.397e-02
65595,1.175e-02,2.288e-03,1.404e-02
65596,1.171e-02,2.305e-03,1.401e-02
65597,1.172e-02,2.279e-03,1.400e-02
65598,1.170e-02,2.288e-03,1.399e-02
65599,1.173e-02,2.271e-03,1.400e-02
65600,1.176e-02,2.279e-03,1.404e-02
65601,1.175e-02,2.262e-03,1.401e-02
65602,1.182e-02,2.279e-03,1.410e-02
65603,1.185e-02,2.305e-03,1.416e-02
65604,1.189e-02,2.279e-03,1.417e-02
65605,1.190e-02,2.305e-03,1.420e-02
65606,1.190e-02,2.279e-03,1.418e-02
65607,1.190e-02,2.288e-03,1.418e-02
65608,1.189e-02,2.314e-03,1.420e-02
65609,1.196e-02,2.253e-03,1.421e-02
65610,1.192e-02,2.279e-03,1.420e-02
65611,1.196e-02,2.253e-03,1.421e-02
65612,1.196e-02,2.288e-03,1.424e-02
65613,1.200e-02,2.279e-03,1.428e-02
65614,1.201e-02,2.279e-03,1.429e-02
65615,1.201e-02,2.314e-03,1.432e-02
65616,1.209e-02,2.279e-03,1.437e-02
65617,1.216e-02,2.228e-03,1.439e-02
65618,1.218e-02,2.305e-03,1.448e-02
65619,1.213e-02,2.288e-03,1.442e-02
65620,1.217e-02,2.305e-03,1.447e-02
65621,1.222e-02,2.253e-03,1.447e-02
65622,1.230e-02,2.297e-03,1.460e-02
65623,1.242e-02,2.322e-03,1.474e-02
65624,1.251e-02,2.305e-03,1.482e-02
65625,1.253e-02,2.271e-03,1.480e-02
65626,1.256e-02,2.279e-03,1.484e-02
65627,1.258e-02,2.271e-03,1.485e-02
65628,1.267e-02,2.340e-03,1.501e-02
65629,1.267e-02,2.297e-03,1.497e-02
65630,1.278e-02,2.314e-03,1.510e-02
65631,1.289e-02,2.279e-03,1.517e-02
65632,1.296e-02,2.279e-03,1.524e-02
65633,1.308e-02,2.322e-03,1.540e-02
65634,1.322e-02,2.279e-03,1.550e-02
65635,1.329e-02,2.297e-03,1.558e-02
65636,1.039e-02,2.253e-03,1.265e-02
65637,1.239e-02,2.253e-03,1.464e-02
65638,1.018e-02,2.236e-03,1.242e-02
65639,1.235e-02,2.245e-03,1.459e-02
65640,1.186e-02,2.253e-03,1.411e-02
65641,9.445e-03,2.297e-03,1.174e-02
65642,8.694e-03,2.202e-03,1.090e-02
65643,8.053e-03,2.219e-03,1.027e-02
65644,7.789e-03,2.262e-03,1.005e-02
65645,7.584e-03,2.228e-03,9.812e-03
65646,7.567e-03,2.193e-03,9.760e-03
65647,8.002e-03,2.245e-03,1.025e-02
65648,8.711e-03,2.253e-03,1.096e-02
65649,9.206e-03,2.236e-03,1.144e-02
65650,1.058e-02,2.176e-03,1.276e-02
65651,1.045e-02,2.236e-03,1.269e-02
65652,8.369e-03,2.288e-03,1.066e-02
65653,7.678e-03,2.202e-03,9.880e-03
65654,7.609e-03,2.219e-03,9.828e-03
65655,7.686e-03,2.202e-03,9.888e-03
65656,8.070e-03,2.184e-03,1.025e-02
65657,1.380e-02,2.219e-03,1.602e-02
65658,1.096e-02,2.253e-03,1.321e-02
65659,1.162e-02,2.184e-03,1.381e-02
65660,9.249e-03,2.202e-03,1.145e-02
65661,7.780e-03,2.210e-03,9.990e-03
65662,8.079e-03,2.184e-03,1.026e-02
65663,1.067e-02,2.184e-03,1.285e-02
65664,1.246e-02,2.184e-03,1.464e-02
65665,8.156e-03,2.202e-03,1.036e-02
65666,8.369e-03,2.167e-03,1.054e-02
65667,1.038e-02,2.202e-03,1.258e-02
65668,1.300e-02,2.219e-03,1.522e-02
65669,1.202e-02,2.253e-03,1.428e-02
65670,9.718e-03,2.228e-03,1.195e-02
65671,1.354e-02,2.210e-03,1.575e-02
65672,1.390e-02,2.210e-03,1.611e-02
65673,1.370e-02,2.219e-03,1.592e-02
65674,1.383e-02,2.228e-03,1.606e-02
65675,1.390e-02,2.176e-03,1.608e-02
65676,1.395e-02,2.184e-03,1.613e-02
65677,1.395e-02,2.184e-03,1.614e-02
65678,1.385e-02,2.176e-03,1.603e-02
65679,1.390e-02,2.167e-03,1.607e-02
65680,1.381e-02,2.202e-03,1.601e-02
65681,1.195e-02,2.245e-03,1.419e-02
65682,1.132e-02,2.193e-03,1.352e-02
65683,1.084e-02,2.167e-03,1.300e-02
65684,8.369e-03,2.184e-03,1.055e-02
65685,7.908e-03,2.210e-03,1.012e-02
65686,1.189e-02,2.176e-03,1.406e-02
65687,8.625e-03,2.159e-03,1.078e-02
65688,8.181e-03,2.159e-03,1.034e-02
65689,8.882e-03,2.219e-03,1.110e-02
65690,8.207e-03,2.176e-03,1.038e-02
65691,9.565e-03,2.150e-03,1.171e-02
65692,9.069e-03,2.150e-03,1.122e-02
65693,8.975e-03,2.193e-03,1.117e-02
65694,9.556e-03,2.202e-03,1.176e-02
65695,9.565e-03,2.133e-03,1.170e-02
65696,1.261e-02,2.167e-03,1.478e-02
65697,1.184e-02,2.184e-03,1.402e-02
65698,9.505e-03,2.202e-03,1.171e-02
65699,8.267e-03,2.176e-03,1.044e-02
65700,7.883e-03,2.167e-03,1.005e-02
65701,7.302e-03,2.193e-03,9.495e-03
65702,8.822e-03,2.167e-03,1.099e-02
65703,1.106e-02,2.176e-03,1.324e-02
65704,1.165e-02,2.210e-03,1.386e-02
65705,1.005e-02,2.210e-03,1.226e-02
65706,1.154e-02,2.167e-03,1.371e-02
65707,1.300e-02,2.184e-03,1.518e-02
65708,1.038e-02,2.219e-03,1.260e-02
65709,1.187e-02,2.167e-03,1.404e-02
65710,1.256e-02,2.176e-03,1.474e-02
65711,1.235e-02,2.184e-03,1.453e-02
65712,1.223e-02,2.176e-03,1.440e-02
65713,1.236e-02,2.245e-03,1.460e-02
65714,9.752e-03,2.219e-03,1.197e-02
65715,1.192e-02,2.219e-03,1.414e-02
65716,1.161e-02,2.210e-03,1.382e-02
65717,1.124e-02,2.202e-03,1.344e-02
65718,1.196e-02,2.176e-03,1.414e-02
65719,1.166e-02,2.219e-03,1.388e-02
65720,1.196e-02,2.184e-03,1.414e-02
65721,1.187e-02,2.219e-03,1.409e-02
65722,1.184e-02,2.210e-03,1.405e-02
65723,1.184e-02,2.236e-03,1.407e-02
65724,1.184e-02,2.219e-03,1.405e-02
65725,1.174e-02,2.219e-03,1.396e-02
65726,1.171e-02,2.297e-03,1.401e-02
65727,1.171e-02,2.202e-03,1.391e-02
65728,1.171e-02,2.228e-03,1.394e-02
65729,1.165e-02,2.219e-03,1.387e-02
65730,1.159e-02,2.271e-03,1.386e-02
65731,1.161e-02,2.271e-03,1.388e-02
65732,1.167e-02,2.202e-03,1.387e-02
65733,1.161e-02,2.228e-03,1.383e-02
65734,1.163e-02,2.193e-03,1.382e-02
65735,1.163e-02,2.245e-03,1.388e-02
65736,1.166e-02,2.245e-03,1.390e-02
65737,1.165e-02,2.236e-03,1.388e-02
65738,1.164e-02,2.193e-03,1.383e-02
65739,1.161e-02,2.245e-03,1.386e-02
65740,1.165e-02,2.176e-03,1.382e-02
65741,1.165e-02,2.193e-03,1.384e-02
65742,1.167e-02,2.262e-03,1.393e-02
65743,1.165e-02,2.219e-03,1.387e-02
65744,1.162e-02,2.228e-03,1.385e-02
65745,1.161e-02,2.193e-03,1.380e-02
65746,1.161e-02,2.202e-03,1.381e-02
65747,1.161e-02,2.176e-03,1.378e-02
65748,1.161e-02,2.245e-03,1.386e-02
65749,1.161e-02,2.210e-03,1.382e-02
65750,1.157e-02,2.262e-03,1.383e-02
65751,1.156e-02,2.253e-03,1.382e-02
65752,1.156e-02,2.219e-03,1.378e-02
65753,1.154e-02,2.219e-03,1.376e-02
65754,1.154e-02,2.210e-03,1.375e-02
65755,1.159e-02,2.202e-03,1.379e-02
65756,1.158e-02,2.219e-03,1.380e-02
65757,1.155e-02,2.219e-03,1.377e-02
65758,1.155e-02,2.236e-03,1.379e-02
65759,1.156e-02,2.193e-03,1.376e-02
65760,1.156e-02,2.176e-03,1.374e-02
65761,1.156e-02,2.219e-03,1.378e-02
65762,1.154e-02,2.202e-03,1.374e-02
65763,1.150e-02,2.193e-03,1.370e-02
65764,1.151e-02,2.193e-03,1.370e-02
65765,1.149e-02,2.210e-03,1.370e-02
65766,1.148e-02,2.184e-03,1.366e-02
65767,1.148e-02,2.159e-03,1.364e-02
65768,1.143e-02,2.150e-03,1.358e-02
65769,1.142e-02,2.210e-03,1.363e-02
65770,1.143e-02,2.176e-03,1.361e-02
65771,1.135e-02,2.159e-03,1.351e-02
65772,1.125e-02,2.150e-03,1.340e-02
65773,1.137e-02,2.176e-03,1.355e-02
65774,1.151e-02,2.176e-03,1.369e-02
65775,1.153e-02,2.176e-03,1.370e-02
65776,1.156e-02,2.202e-03,1.376e-02
65777,1.154e-02,2.210e-03,1.375e-02
65778,1.156e-02,2.202e-03,1.376e-02
65779,1.160e-02,2.159e-03,1.376e-02
65780,1.157e-02,2.141e-03,1.371e-02
65781,1.160e-02,2.176e-03,1.377e-02
65782,1.162e-02,2.141e-03,1.376e-02
65783,1.158e-02,2.124e-03,1.370e-02
65784,1.158e-02,2.098e-03,1.368e-02
65785,1.162e-02,2.150e-03,1.377e-02
65786,1.152e-02,2.133e-03,1.365e-02
65787,1.133e-02,2.141e-03,1.347e-02
65788,1.141e-02,2.150e-03,1.356e-02
65789,1.091e-02,2.133e-03,1.305e-02
65790,1.174e-02,2.124e-03,1.387e-02
65791,1.167e-02,2.115e-03,1.379e-02
65792,1.176e-02,2.115e-03,1.387e-02
65793,1.184e-02,2.133e-03,1.397e-02
65794,1.191e-02,2.133e-03,1.405e-02
65795,1.195e-02,2.064e-03,1.401e-02
65796,1.194e-02,2.141e-03,1.408e-02
65797,1.199e-02,2.046e-03,1.403e-02
65798,1.199e-02,2.107e-03,1.410e-02
65799,1.200e-02,2.107e-03,1.410e-02
65800,1.199e-02,2.055e-03,1.404e-02
65801,1.191e-02,2.072e-03,1.399e-02
65802,1.223e-02,2.124e-03,1.435e-02
65803,1.226e-02,2.081e-03,1.434e-02
65804,1.108e-02,2.064e-03,1.315e-02
65805,1.141e-02,2.115e-03,1.352e-02
65806,1.201e-02,2.055e-03,1.406e-02
65807,1.246e-02,2.081e-03,1.454e-02
65808,1.112e-02,2.064e-03,1.318e-02
65809,1.132e-02,2.021e-03,1.334e-02
65810,1.041e-02,2.038e-03,1.245e-02
65811,9.522e-03,2.029e-03,1.155e-02
65812,8.506e-03,2.081e-03,1.059e-02
65813,9.735e-03,2.021e-03,1.176e-02
65814,1.041e-02,2.038e-03,1.245e-02
65815,8.566e-03,2.012e-03,1.058e-02
65816,8.028e-03,1.969e-03,9.997e-03
65817,7.720e-03,2.012e-03,9.732e-03
65818,7.994e-03,2.003e-03,9.997e-03
65819,7.456e-03,2.003e-03,9.459e-03
65820,7.268e-03,2.003e-03,9.271e-03
65821,7.703e-03,1.960e-03,9.663e-03
65822,1.035e-02,1.969e-03,1.232e-02
65823,9.138e-03,1.960e-03,1.110e-02
65824,7.123e-03,2.003e-03,9.126e-03
65825,6.995e-03,1.995e-03,8.990e-03
65826,7.609e-03,1.943e-03,9.552e-03
65827,1.276e-02,1.952e-03,1.471e-02
65828,1.227e-02,1.995e-03,1.427e-02
65829,1.250e-02,1.960e-03,1.446e-02
65830,1.249e-02,1.969e-03,1.446e-02
65831,1.236e-02,1.969e-03,1.433e-02
65832,1.226e-02,1.986e-03,1.425e-02
65833,1.223e-02,1.952e-03,1.418e-02
65834,1.216e-02,1.977e-03,1.414e-02
65835,1.199e-02,1.977e-03,1.397e-02
65836,1.120e-02,1.977e-03,1.318e-02
65837,1.221e-02,2.012e-03,1.422e-02
65838,1.208e-02,1.952e-03,1.404e-02
65839,1.214e-02,1.960e-03,1.410e-02
65840,1.212e-02,1.969e-03,1.409e-02
65841,1.152e-02,1.934e-03,1.345e-02
65842,1.042e-02,1.969e-03,1.239e-02
65843,9.385e-03,1.977e-03,1.136e-02
65844,1.011e-02,1.943e-03,1.205e-02
65845,1.202e-02,1.952e-03,1.398e-02
65846,1.208e-02,1.960e-03,1.404e-02
65847,1.199e-02,1.977e-03,1.397e-02
65848,1.192e-02,1.986e-03,1.391e-02
65849,1.190e-02,1.969e-03,1.387e-02
65850,1.191e-02,1.977e-03,1.389e-02
65851,1.189e-02,1.977e-03,1.386e-02
65852,1.183e-02,1.969e-03,1.380e-02
65853,1.137e-02,1.960e-03,1.333e-02
65854,1.189e-02,2.012e-03,1.390e-02
65855,1.196e-02,1.960e-03,1.392e-02
65856,1.193e-02,1.977e-03,1.391e-02
65857,1.194e-02,1.986e-03,1.392e-02
65858,1.190e-02,1.969e-03,1.387e-02
65859,1.195e-02,1.960e-03,1.391e-02
65860,1.196e-02,1.977e-03,1.393e-02
65861,1.195e-02,1.969e-03,1.392e-02
65862,1.198e-02,1.977e-03,1.396e-02
65863,1.197e-02,1.969e-03,1.394e-02
65864,1.201e-02,2.003e-03,1.401e-02
65865,1.199e-02,1.986e-03,1.397e-02
65866,1.201e-02,1.934e-03,1.395e-02
65867,1.200e-02,2.038e-03,1.404e-02
65868,1.201e-02,1.995e-03,1.401e-02
65869,1.202e-02,2.012e-03,1.404e-02
65870,1.202e-02,1.977e-03,1.400e-02
65871,1.201e-02,2.012e-03,1.402e-02
65872,1.199e-02,1.952e-03,1.394e-02
65873,1.198e-02,1.995e-03,1.398e-02
65874,1.199e-02,2.003e-03,1.399e-02
65875,1.199e-02,1.977e-03,1.397e-02
65876,1.198e-02,2.055e-03,1.404e-02
65877,1.199e-02,2.003e-03,1.399e-02
65878,1.205e-02,1.926e-03,1.398e-02
65879,1.206e-02,1.986e-03,1.404e-02
65880,1.204e-02,1.960e-03,1.400e-02
65881,1.212e-02,1.977e-03,1.409e-02
65882,1.210e-02,1.995e-03,1.409e-02
65883,1.214e-02,1.995e-03,1.414e-02
65884,1.211e-02,1.969e-03,1.408e-02
65885,1.209e-02,1.995e-03,1.409e-02
65886,1.211e-02,2.012e-03,1.412e-02
65887,1.218e-02,1.995e-03,1.417e-02
65888,1.219e-02,2.021e-03,1.421e-02
65889,1.225e-02,1.986e-03,1.424e-02
65890,1.144e-02,1.943e-03,1.339e-02
65891,1.196e-02,1.995e-03,1.395e-02
65892,1.218e-02,1.952e-03,1.413e-02
65893,1.235e-02,2.003e-03,1.435e-02
65894,1.230e-02,1.986e-03,1.428e-02
65895,1.235e-02,1.995e-03,1.434e-02
65896,1.239e-02,1.934e-03,1.432e-02
65897,1.239e-02,2.003e-03,1.439e-02
65898,1.248e-02,2.003e-03,1.448e-02
65899,1.253e-02,1.969e-03,1.450e-02
65900,1.254e-02,1.977e-03,1.451e-02
65901,1.259e-02,2.012e-03,1.460e-02
65902,1.150e-02,1.969e-03,1.347e-02
65903,1.260e-02,1.977e-03,1.457e-02
65904,1.261e-02,1.960e-03,1.457e-02
65905,1.277e-02,1.995e-03,1.476e-02
65906,1.289e-02,1.977e-03,1.486e-02
65907,1.294e-02,1.943e-03,1.488e-02
65908,1.215e-02,1.952e-03,1.410e-02
65909,9.360e-03,1.952e-03,1.131e-02
65910,9.599e-03,1.908e-03,1.151e-02
65911,9.701e-03,1.934e-03,1.163e-02
65912,9.932e-03,1.960e-03,1.189e-02
65913,9.769e-03,1.969e-03,1.174e-02
65914,9.906e-03,1.900e-03,1.181e-02
65915,1.077e-02,1.900e-03,1.267e-02
65916,1.048e-02,1.891e-03,1.237e-02
65917,9.769e-03,2.003e-03,1.177e-02
65918,1.032e-02,1.883e-03,1.221e-02
65919,1.014e-02,1.908e-03,1.205e-02
65920,9.650e-03,1.917e-03,1.157e-02
65921,1.063e-02,1.943e-03,1.258e-02
65922,9.300e-03,1.908e-03,1.121e-02
65923,9.633e-03,1.908e-03,1.154e-02
