data/rawdat/flt20220906/JNO2_N57_20220906_RA.ict
36, 1001
Michael A. Robinson, Patrick Veres, Ken Aikin
NOAA Chemical Sciences Laboratory
Filter Radiometer (NO2)
CalFiDE
1, 1
2022, 09, 06, 2022, 09, 17
0
TO_Time_UTC, seconds_past_midnight, Time_Start
3
1, 1, 1
-9999, -9999, -9999
jNO2_up, 1/s, GasJvalue_jNO2_InSitu_Downwelling_Full_NO2-O3P
jNO2_down, 1/s, GasJvalue_jNO2_InSitu_Upwelling_Full_NO2-O3P
jNO2_total, 1/s, GasJvalue_jNO2_InSitu_Total_Full_NO2-O3P
1
SPECIAL COMMENTS: N/A
18
PI_CONTACT_INFO: Address: 325 Broadway, Boulder CO 80305
PLATFORM: N57RF Twin Otter
LOCATION: California and Oregon
ASSOCIATED_DATA: N/A
INSTRUMENT_INFO: Filter radiometers
DATA_INFO: Units: 1/s 
UNCERTAINTY: ± 10%
ULOD_FLAG: -7777
ULOD_VALUE: N/A
LLOD_FLAG: -8888
LLOD_VALUE: N/A
DM_CONTACT_INFO: Data Manager: Ken Aikin
PROJECT_INFO: CalFiDE dates of study: August-September, 2022
STIPULATIONS_ON_USE: Users are strongly encouraged to contact the PI for proper data usage.
OTHER_COMMENTS: up means upward looking, down means downward looking, total is the sum of up and down. Calibration done by intercomparison with NCAR HARP instrument.
REVISION: RA
RA: Preliminary data
TO_Time_UTC, jNO2_up, jNO2_down, jNO2_total
[from data line 1642]
57682,-9.999e+03,-9.999e+03,-9.999e+03
57683,-9.999e+03,-9.999e+03,-9.999e+03
57684,-9.999e+03,-9.999e+03,-9.999e+03
57685,-9.999e+03,-9.999e+03,-9.999e+03
57686,-9.999e+03,-9.999e+03,-9.999e+03
57687,-9.999e+03,-9.999e+03,-9.999e+03
57688,-9.999e+03,-9.999e+03,-9.999e+03
57689,-9.999e+03,-9.999e+03,-9.999e+03
57690,-9.999e+03,-9.999e+03,-9.999e+03
57691,-9.999e+03,-9.999e+03,-9.999e+03
57692,-9.999e+03,-9.999e+03,-9.999e+03
57693,-9.999e+03,-9.999e+03,-9.999e+03
57694,-9.999e+03,-9.999e+03,-9.999e+03
57695,8.514e-03,1.365e-03,9.879e-03
57696,8.216e-03,1.313e-03,9.529e-03
57697,7.959e-03,1.322e-03,9.281e-03
57698,8.087e-03,1.305e-03,9.392e-03
57699,7.883e-03,1.339e-03,9.222e-03
57700,7.396e-03,1.331e-03,8.727e-03
57701,7.182e-03,1.313e-03,8.495e-03
57702,7.140e-03,1.313e-03,8.453e-03
57703,7.293e-03,1.296e-03,8.589e-03
57704,7.310e-03,1.288e-03,8.598e-03
57705,5.535e-03,1.296e-03,6.831e-03
57706,4.997e-03,1.288e-03,6.285e-03
57707,4.945e-03,1.313e-03,6.258e-03
57708,4.928e-03,1.288e-03,6.216e-03
57709,4.945e-03,1.262e-03,6.207e-03
57710,4.954e-03,1.305e-03,6.259e-03
57711,4.945e-03,1.236e-03,6.181e-03
57712,6.525e-03,1.296e-03,7.821e-03
57713,6.491e-03,1.244e-03,7.735e-03
57714,5.868e-03,1.262e-03,7.130e-03
57715,5.176e-03,1.288e-03,6.464e-03
57716,4.945e-03,1.201e-03,6.146e-03
57717,6.457e-03,1.253e-03,7.710e-03
57718,6.576e-03,1.253e-03,7.829e-03
57719,5.552e-03,1.210e-03,6.762e-03
57720,4.689e-03,1.227e-03,5.916e-03
57721,4.920e-03,1.219e-03,6.139e-03
57722,4.886e-03,1.219e-03,6.105e-03
57723,5.731e-03,1.219e-03,6.950e-03
57724,5.970e-03,1.253e-03,7.223e-03
57725,4.647e-03,1.227e-03,5.874e-03
57726,4.476e-03,1.184e-03,5.660e-03
57727,4.416e-03,1.193e-03,5.609e-03
57728,4.518e-03,1.193e-03,5.711e-03
57729,5.193e-03,1.201e-03,6.394e-03
57730,5.184e-03,1.184e-03,6.368e-03
57731,5.705e-03,1.192e-03,6.897e-03
57732,-9.999e+03,-9.999e+03,-9.999e+03
57733,4.429e-03,1.154e-03,5.583e-03
57734,4.083e-03,1.089e-03,5.172e-03
57735,-9.999e+03,-9.999e+03,-9.999e+03
57736,4.079e-03,1.115e-03,5.194e-03
57737,4.407e-03,1.141e-03,5.548e-03
57738,4.092e-03,1.141e-03,5.233e-03
57739,-9.999e+03,-9.999e+03,-9.999e+03
57740,3.801e-03,1.107e-03,4.908e-03
57741,3.767e-03,1.106e-03,4.873e-03
57742,3.707e-03,1.098e-03,4.805e-03
57743,3.639e-03,1.081e-03,4.720e-03
57744,3.630e-03,1.141e-03,4.771e-03
57745,3.579e-03,1.089e-03,4.668e-03
57746,3.596e-03,1.055e-03,4.651e-03
57747,3.528e-03,1.089e-03,4.617e-03
57748,3.485e-03,1.098e-03,4.583e-03
57749,3.460e-03,1.055e-03,4.515e-03
57750,3.417e-03,1.012e-03,4.429e-03
57751,3.391e-03,1.055e-03,4.446e-03
57752,3.349e-03,1.037e-03,4.386e-03
57753,3.383e-03,1.072e-03,4.455e-03
57754,3.323e-03,1.055e-03,4.378e-03
57755,3.272e-03,1.055e-03,4.327e-03
57756,3.289e-03,1.029e-03,4.318e-03
57757,3.255e-03,1.012e-03,4.267e-03
57758,3.195e-03,1.012e-03,4.207e-03
57759,3.195e-03,1.003e-03,4.198e-03
57760,3.161e-03,1.012e-03,4.173e-03
57761,3.144e-03,9.860e-04,4.130e-03
57762,3.118e-03,1.037e-03,4.155e-03
57763,3.101e-03,9.860e-04,4.087e-03
57764,3.084e-03,1.012e-03,4.096e-03
57765,3.067e-03,9.770e-04,4.044e-03
57766,3.033e-03,9.690e-04,4.002e-03
57767,3.024e-03,1.012e-03,4.036e-03
57768,3.007e-03,9.600e-04,3.967e-03
57769,2.990e-03,9.600e-04,3.950e-03
57770,2.982e-03,1.003e-03,3.985e-03
57771,2.965e-03,9.770e-04,3.942e-03
57772,2.973e-03,9.690e-04,3.942e-03
57773,2.939e-03,9.690e-04,3.908e-03
57774,2.922e-03,9.770e-04,3.899e-03
57775,2.905e-03,9.600e-04,3.865e-03
57776,2.896e-03,9.690e-04,3.865e-03
57777,2.871e-03,9.430e-04,3.814e-03
57778,2.862e-03,9.170e-04,3.779e-03
57779,2.862e-03,9.430e-04,3.805e-03
57780,2.828e-03,9.770e-04,3.805e-03
57781,2.819e-03,9.430e-04,3.762e-03
57782,2.819e-03,9.430e-04,3.762e-03
57783,2.794e-03,9.170e-04,3.711e-03
57784,2.802e-03,9.510e-04,3.753e-03
57785,2.785e-03,9.430e-04,3.728e-03
57786,-9.999e+03,-9.999e+03,-9.999e+03
57787,2.760e-03,9.295e-04,3.690e-03
57788,2.777e-03,9.510e-04,3.728e-03
57789,2.751e-03,9.000e-04,3.651e-03
57790,2.717e-03,9.170e-04,3.634e-03
57791,2.734e-03,9.170e-04,3.651e-03
57792,2.725e-03,9.340e-04,3.659e-03
57793,2.725e-03,9.170e-04,3.642e-03
57794,2.691e-03,9.430e-04,3.634e-03
57795,2.683e-03,9.250e-04,3.608e-03
57796,2.691e-03,9.080e-04,3.599e-03
57797,2.683e-03,9.250e-04,3.608e-03
57798,2.666e-03,9.170e-04,3.583e-03
57799,2.683e-03,9.000e-04,3.583e-03
57800,2.708e-03,9.250e-04,3.633e-03
57801,2.674e-03,9.250e-04,3.599e-03
57802,2.674e-03,9.170e-04,3.591e-03
57803,2.649e-03,9.340e-04,3.583e-03
57804,2.674e-03,8.220e-04,3.496e-03
57805,2.657e-03,8.480e-04,3.505e-03
57806,2.649e-03,8.820e-04,3.531e-03
57807,2.657e-03,9.080e-04,3.565e-03
57808,2.623e-03,9.080e-04,3.531e-03
57809,2.640e-03,8.740e-04,3.514e-03
57810,2.649e-03,8.910e-04,3.540e-03
57811,2.614e-03,8.740e-04,3.488e-03
57812,2.623e-03,8.390e-04,3.462e-03
57813,2.657e-03,8.390e-04,3.496e-03
57814,2.640e-03,8.910e-04,3.531e-03
57815,2.640e-03,8.910e-04,3.531e-03
57816,2.640e-03,8.740e-04,3.514e-03
57817,2.623e-03,9.080e-04,3.531e-03
57818,2.632e-03,8.650e-04,3.497e-03
57819,2.632e-03,9.000e-04,3.532e-03
57820,2.632e-03,8.740e-04,3.506e-03
57821,2.606e-03,8.740e-04,3.480e-03
57822,2.623e-03,8.650e-04,3.488e-03
57823,2.623e-03,8.480e-04,3.471e-03
57824,2.606e-03,8.650e-04,3.471e-03
57825,2.623e-03,9.340e-04,3.557e-03
57826,2.623e-03,8.650e-04,3.488e-03
57827,2.623e-03,8.650e-04,3.488e-03
57828,2.640e-03,9.000e-04,3.540e-03
57829,2.623e-03,8.650e-04,3.488e-03
57830,2.623e-03,8.390e-04,3.462e-03
57831,2.657e-03,8.310e-04,3.488e-03
57832,2.649e-03,8.910e-04,3.540e-03
57833,2.657e-03,8.910e-04,3.548e-03
57834,2.657e-03,8.910e-04,3.548e-03
57835,2.649e-03,8.650e-04,3.514e-03
57836,-9.999e+03,-9.999e+03,-9.999e+03
57837,2.640e-03,8.220e-04,3.462e-03
57838,2.666e-03,8.735e-04,3.540e-03
57839,2.674e-03,8.740e-04,3.548e-03
57840,2.640e-03,7.960e-04,3.436e-03
57841,2.674e-03,8.480e-04,3.522e-03
57842,2.674e-03,8.310e-04,3.505e-03
57843,2.657e-03,8.220e-04,3.479e-03
57844,2.708e-03,8.740e-04,3.582e-03
57845,2.674e-03,8.820e-04,3.556e-03
57846,2.717e-03,8.390e-04,3.556e-03
57847,2.683e-03,8.220e-04,3.505e-03
57848,2.734e-03,9.080e-04,3.642e-03
57849,2.683e-03,8.740e-04,3.557e-03
57850,2.708e-03,9.080e-04,3.616e-03
57851,2.708e-03,8.390e-04,3.547e-03
57852,2.717e-03,8.220e-04,3.539e-03
57853,2.734e-03,8.220e-04,3.556e-03
57854,2.760e-03,8.560e-04,3.616e-03
57855,2.751e-03,8.560e-04,3.607e-03
57856,2.777e-03,8.390e-04,3.616e-03
57857,2.768e-03,8.390e-04,3.607e-03
57858,2.751e-03,8.740e-04,3.625e-03
57859,2.760e-03,8.650e-04,3.625e-03
57860,2.760e-03,8.650e-04,3.625e-03
57861,2.760e-03,8.390e-04,3.599e-03
57862,2.794e-03,8.390e-04,3.633e-03
57863,2.794e-03,8.560e-04,3.650e-03
57864,2.802e-03,8.740e-04,3.676e-03
57865,2.828e-03,8.130e-04,3.641e-03
57866,2.819e-03,8.390e-04,3.658e-03
57867,2.811e-03,8.560e-04,3.667e-03
57868,2.802e-03,8.310e-04,3.633e-03
57869,2.819e-03,8.650e-04,3.684e-03
57870,2.811e-03,8.560e-04,3.667e-03
57871,2.845e-03,9.080e-04,3.753e-03
57872,2.862e-03,8.390e-04,3.701e-03
57873,2.888e-03,8.740e-04,3.762e-03
57874,2.854e-03,8.650e-04,3.719e-03
57875,2.862e-03,8.910e-04,3.753e-03
57876,2.896e-03,8.910e-04,3.787e-03
57877,2.888e-03,8.390e-04,3.727e-03
57878,2.896e-03,8.910e-04,3.787e-03
57879,2.896e-03,8.820e-04,3.778e-03
57880,2.905e-03,8.220e-04,3.727e-03
57881,2.913e-03,8.740e-04,3.787e-03
57882,2.930e-03,8.910e-04,3.821e-03
57883,2.930e-03,8.310e-04,3.761e-03
57884,2.930e-03,8.740e-04,3.804e-03
57885,2.922e-03,8.910e-04,3.813e-03
57886,2.930e-03,8.390e-04,3.769e-03
57887,2.939e-03,8.910e-04,3.830e-03
57888,2.965e-03,8.820e-04,3.847e-03
57889,2.973e-03,8.910e-04,3.864e-03
57890,2.973e-03,9.170e-04,3.890e-03
57891,2.973e-03,8.560e-04,3.829e-03
57892,2.956e-03,8.480e-04,3.804e-03
57893,2.990e-03,8.740e-04,3.864e-03
57894,2.965e-03,9.000e-04,3.865e-03
57895,3.016e-03,8.650e-04,3.881e-03
57896,2.990e-03,9.170e-04,3.907e-03
57897,2.982e-03,9.170e-04,3.899e-03
57898,3.033e-03,8.740e-04,3.907e-03
57899,3.016e-03,8.390e-04,3.855e-03
57900,3.058e-03,9.080e-04,3.966e-03
57901,3.016e-03,8.560e-04,3.872e-03
57902,3.024e-03,8.480e-04,3.872e-03
57903,3.067e-03,9.170e-04,3.984e-03
57904,3.033e-03,9.000e-04,3.933e-03
57905,3.033e-03,8.480e-04,3.881e-03
57906,3.067e-03,9.250e-04,3.992e-03
57907,3.093e-03,9.000e-04,3.993e-03
57908,3.076e-03,8.650e-04,3.941e-03
57909,3.093e-03,9.000e-04,3.993e-03
57910,3.093e-03,8.560e-04,3.949e-03
57911,3.101e-03,8.650e-04,3.966e-03
57912,3.101e-03,8.820e-04,3.983e-03
57913,3.093e-03,8.390e-04,3.932e-03
57914,3.093e-03,8.820e-04,3.975e-03
57915,3.118e-03,9.170e-04,4.035e-03
57916,3.118e-03,8.560e-04,3.974e-03
57917,3.101e-03,9.000e-04,4.001e-03
57918,3.169e-03,9.170e-04,4.086e-03
57919,3.169e-03,9.000e-04,4.069e-03
57920,3.144e-03,8.910e-04,4.035e-03
57921,3.144e-03,8.740e-04,4.018e-03
57922,3.161e-03,9.430e-04,4.104e-03
57923,3.178e-03,8.910e-04,4.069e-03
57924,3.204e-03,8.910e-04,4.095e-03
57925,3.229e-03,8.480e-04,4.077e-03
57926,3.204e-03,9.170e-04,4.121e-03
57927,3.204e-03,8.910e-04,4.095e-03
57928,3.204e-03,9.080e-04,4.112e-03
57929,3.204e-03,9.170e-04,4.121e-03
57930,3.246e-03,9.170e-04,4.163e-03
57931,3.263e-03,9.340e-04,4.197e-03
57932,3.263e-03,9.170e-04,4.180e-03
57933,3.272e-03,9.000e-04,4.172e-03
57934,3.255e-03,9.600e-04,4.215e-03
57935,3.289e-03,9.000e-04,4.189e-03
57936,3.280e-03,9.000e-04,4.180e-03
57937,3.315e-03,9.430e-04,4.258e-03
57938,3.323e-03,9.340e-04,4.257e-03
57939,3.306e-03,9.340e-04,4.240e-03
57940,3.332e-03,9.430e-04,4.275e-03
57941,3.306e-03,8.910e-04,4.197e-03
57942,3.366e-03,9.340e-04,4.300e-03
57943,3.366e-03,9.250e-04,4.291e-03
57944,3.409e-03,9.340e-04,4.343e-03
57945,3.374e-03,9.510e-04,4.325e-03
57946,3.434e-03,9.770e-04,4.411e-03
57947,3.443e-03,9.600e-04,4.403e-03
57948,3.426e-03,9.250e-04,4.351e-03
57949,3.468e-03,9.510e-04,4.419e-03
57950,3.460e-03,9.600e-04,4.420e-03
57951,3.494e-03,9.340e-04,4.428e-03
57952,3.502e-03,9.510e-04,4.453e-03
57953,3.502e-03,9.340e-04,4.436e-03
57954,3.554e-03,9.600e-04,4.514e-03
57955,3.562e-03,9.690e-04,4.531e-03
57956,3.545e-03,9.770e-04,4.522e-03
57957,3.596e-03,9.860e-04,4.582e-03
57958,3.622e-03,9.250e-04,4.547e-03
57959,3.613e-03,9.340e-04,4.547e-03
57960,3.639e-03,9.170e-04,4.556e-03
57961,3.656e-03,1.012e-03,4.668e-03
57962,3.656e-03,9.770e-04,4.633e-03
57963,3.682e-03,9.770e-04,4.659e-03
57964,3.716e-03,9.510e-04,4.667e-03
57965,3.759e-03,1.012e-03,4.771e-03
57966,3.776e-03,9.770e-04,4.753e-03
57967,3.784e-03,1.003e-03,4.787e-03
57968,3.784e-03,1.037e-03,4.821e-03
57969,3.810e-03,1.012e-03,4.822e-03
57970,3.818e-03,1.029e-03,4.847e-03
57971,3.852e-03,9.770e-04,4.829e-03
57972,3.887e-03,9.690e-04,4.856e-03
57973,3.904e-03,1.012e-03,4.916e-03
57974,3.929e-03,9.940e-04,4.923e-03
57975,3.989e-03,9.510e-04,4.940e-03
57976,4.015e-03,9.940e-04,5.009e-03
57977,4.032e-03,9.940e-04,5.026e-03
57978,4.040e-03,1.063e-03,5.103e-03
57979,4.100e-03,1.046e-03,5.146e-03
57980,4.143e-03,1.037e-03,5.180e-03
57981,4.416e-03,1.098e-03,5.514e-03
57982,4.655e-03,1.072e-03,5.727e-03
57983,4.715e-03,1.037e-03,5.752e-03
57984,6.482e-03,1.063e-03,7.545e-03
57985,7.550e-03,1.089e-03,8.639e-03
57986,7.609e-03,1.081e-03,8.690e-03
57987,7.080e-03,1.072e-03,8.152e-03
57988,5.039e-03,1.072e-03,6.111e-03
57989,4.869e-03,1.081e-03,5.950e-03
57990,4.544e-03,1.072e-03,5.616e-03
57991,4.621e-03,1.106e-03,5.727e-03
57992,4.536e-03,1.089e-03,5.625e-03
57993,4.740e-03,1.132e-03,5.872e-03
57994,5.261e-03,1.072e-03,6.333e-03
57995,4.740e-03,1.098e-03,5.838e-03
57996,4.638e-03,1.150e-03,5.788e-03
57997,6.474e-03,1.115e-03,7.589e-03
57998,7.498e-03,1.115e-03,8.613e-03
57999,6.909e-03,1.098e-03,8.007e-03
58000,7.754e-03,1.132e-03,8.886e-03
58001,7.934e-03,1.132e-03,9.066e-03
58002,7.857e-03,1.150e-03,9.007e-03
58003,7.874e-03,1.158e-03,9.032e-03
58004,7.900e-03,1.124e-03,9.024e-03
58005,7.925e-03,1.150e-03,9.075e-03
58006,7.865e-03,1.175e-03,9.040e-03
58007,7.968e-03,1.158e-03,9.126e-03
58008,7.959e-03,1.184e-03,9.143e-03
58009,7.994e-03,1.167e-03,9.161e-03
58010,7.917e-03,1.184e-03,9.101e-03
58011,7.917e-03,1.244e-03,9.161e-03
58012,7.934e-03,1.210e-03,9.144e-03
58013,7.934e-03,1.193e-03,9.127e-03
58014,7.942e-03,1.236e-03,9.178e-03
58015,7.968e-03,1.193e-03,9.161e-03
58016,7.994e-03,1.236e-03,9.230e-03
58017,8.011e-03,1.262e-03,9.273e-03
58018,8.002e-03,1.236e-03,9.238e-03
58019,8.002e-03,1.227e-03,9.229e-03
58020,7.942e-03,1.227e-03,9.169e-03
58021,7.404e-03,1.244e-03,8.648e-03
58022,6.858e-03,1.262e-03,8.120e-03
58023,7.362e-03,1.253e-03,8.615e-03
58024,7.763e-03,1.236e-03,8.999e-03
58025,7.883e-03,1.253e-03,9.136e-03
58026,7.413e-03,1.262e-03,8.675e-03
58027,7.550e-03,1.219e-03,8.769e-03
58028,7.942e-03,1.244e-03,9.186e-03
58029,7.712e-03,1.262e-03,8.974e-03
58030,7.370e-03,1.262e-03,8.632e-03
58031,7.242e-03,1.322e-03,8.564e-03
58032,7.934e-03,1.305e-03,9.239e-03
58033,8.130e-03,1.288e-03,9.418e-03
58034,8.198e-03,1.270e-03,9.468e-03
58035,8.198e-03,1.305e-03,9.503e-03
58036,8.147e-03,1.313e-03,9.460e-03
58037,8.198e-03,1.279e-03,9.477e-03
58038,8.181e-03,1.322e-03,9.503e-03
58039,8.198e-03,1.339e-03,9.537e-03
58040,8.241e-03,1.348e-03,9.589e-03
58041,8.216e-03,1.339e-03,9.555e-03
58042,8.250e-03,1.322e-03,9.572e-03
58043,8.275e-03,1.339e-03,9.614e-03
58044,8.224e-03,1.357e-03,9.581e-03
58045,8.309e-03,1.339e-03,9.648e-03
58046,8.292e-03,1.322e-03,9.614e-03
58047,8.344e-03,1.322e-03,9.666e-03
58048,8.335e-03,1.357e-03,9.692e-03
58049,8.301e-03,1.331e-03,9.632e-03
58050,8.327e-03,1.408e-03,9.735e-03
58051,8.327e-03,1.348e-03,9.675e-03
58052,8.369e-03,1.382e-03,9.751e-03
58053,8.420e-03,1.365e-03,9.785e-03
58054,8.403e-03,1.400e-03,9.803e-03
58055,8.412e-03,1.391e-03,9.803e-03
58056,8.412e-03,1.348e-03,9.760e-03
58057,8.403e-03,1.357e-03,9.760e-03
58058,8.429e-03,1.400e-03,9.829e-03
58059,8.420e-03,1.365e-03,9.785e-03
58060,8.395e-03,1.408e-03,9.803e-03
58061,8.429e-03,1.417e-03,9.846e-03
58062,8.446e-03,1.434e-03,9.880e-03
58063,8.480e-03,1.443e-03,9.923e-03
58064,8.497e-03,1.426e-03,9.923e-03
58065,8.463e-03,1.426e-03,9.889e-03
58066,8.480e-03,1.382e-03,9.862e-03
58067,8.463e-03,1.495e-03,9.958e-03
58068,8.463e-03,1.408e-03,9.871e-03
58069,8.438e-03,1.443e-03,9.881e-03
58070,8.403e-03,1.426e-03,9.829e-03
58071,8.386e-03,1.460e-03,9.846e-03
58072,8.429e-03,1.451e-03,9.880e-03
58073,8.506e-03,1.460e-03,9.966e-03
58074,8.497e-03,1.477e-03,9.974e-03
58075,8.506e-03,1.434e-03,9.940e-03
58076,8.531e-03,1.486e-03,1.002e-02
58077,8.489e-03,1.460e-03,9.949e-03
58078,8.497e-03,1.512e-03,1.001e-02
58079,8.472e-03,1.460e-03,9.932e-03
58080,8.463e-03,1.426e-03,9.889e-03
58081,8.420e-03,1.460e-03,9.880e-03
58082,8.403e-03,1.469e-03,9.872e-03
58083,8.412e-03,1.434e-03,9.846e-03
58084,8.438e-03,1.460e-03,9.898e-03
58085,8.438e-03,1.460e-03,9.898e-03
58086,8.429e-03,1.512e-03,9.941e-03
58087,8.523e-03,1.486e-03,1.001e-02
58088,8.480e-03,1.426e-03,9.906e-03
58089,8.540e-03,1.538e-03,1.008e-02
58090,8.506e-03,1.555e-03,1.006e-02
58091,8.497e-03,1.477e-03,9.974e-03
58092,8.540e-03,1.469e-03,1.001e-02
58093,8.566e-03,1.477e-03,1.004e-02
58094,8.574e-03,1.486e-03,1.006e-02
58095,8.591e-03,1.486e-03,1.008e-02
58096,8.617e-03,1.486e-03,1.010e-02
58097,8.625e-03,1.529e-03,1.015e-02
58098,8.642e-03,1.469e-03,1.011e-02
58099,8.651e-03,1.460e-03,1.011e-02
58100,8.642e-03,1.503e-03,1.015e-02
58101,8.668e-03,1.546e-03,1.021e-02
58102,8.642e-03,1.512e-03,1.015e-02
58103,8.642e-03,1.520e-03,1.016e-02
58104,8.651e-03,1.512e-03,1.016e-02
58105,8.702e-03,1.546e-03,1.025e-02
58106,8.719e-03,1.503e-03,1.022e-02
58107,8.685e-03,1.589e-03,1.027e-02
58108,8.711e-03,1.512e-03,1.022e-02
58109,8.728e-03,1.512e-03,1.024e-02
58110,8.736e-03,1.477e-03,1.021e-02
58111,8.711e-03,1.512e-03,1.022e-02
58112,8.702e-03,1.555e-03,1.026e-02
58113,8.267e-03,1.529e-03,9.796e-03
58114,7.584e-03,1.520e-03,9.104e-03
58115,8.224e-03,1.529e-03,9.753e-03
58116,8.668e-03,1.564e-03,1.023e-02
58117,8.771e-03,1.486e-03,1.026e-02
58118,8.856e-03,1.520e-03,1.038e-02
58119,8.813e-03,1.546e-03,1.036e-02
58120,8.796e-03,1.555e-03,1.035e-02
58121,8.830e-03,1.538e-03,1.037e-02
58122,8.830e-03,1.512e-03,1.034e-02
