data/rawdat/flt20220906/JNO2_N57_20220906_RA.ict
36, 1001
Michael A. Robinson, Patrick Veres, Ken Aikin
NOAA Chemical Sciences Laboratory
Filter Radiometer (NO2)
CalFiDE
1, 1
2022, 09, 06, 2022, 09, 17
0
TO_Time_UTC, seconds_past_midnight, Time_Start
3
1, 1, 1
-9999, -9999, -9999
jNO2_up, 1/s, GasJvalue_jNO2_InSitu_Downwelling_Full_NO2-O3P
jNO2_down, 1/s, GasJvalue_jNO2_InSitu_Upwelling_Full_NO2-O3P
jNO2_total, 1/s, GasJvalue_jNO2_InSitu_Total_Full_NO2-O3P
1
SPECIAL COMMENTS: N/A
18
PI_CONTACT_INFO: Address: 325 Broadway, Boulder CO 80305
PLATFORM: N57RF Twin Otter
LOCATION: California and Oregon
ASSOCIATED_DATA: N/A
INSTRUMENT_INFO: Filter radiometers
DATA_INFO: Units: 1/s 
UNCERTAINTY: ± 10%
ULOD_FLAG: -7777
ULOD_VALUE: N/A
LLOD_FLAG: -8888
LLOD_VALUE: N/A
DM_CONTACT_INFO: Data Manager: Ken Aikin
PROJECT_INFO: CalFiDE dates of study: August-September, 2022
STIPULATIONS_ON_USE: Users are strongly encouraged to contact the PI for proper data usage.
OTHER_COMMENTS: up means upward looking, down means downward looking, total is the sum of up and down. Calibration done by intercomparison with NCAR HARP instrument.
REVISION: RA
RA: Preliminary data
TO_Time_UTC, jNO2_up, jNO2_down, jNO2_total
[from data line 8281]
69480,7.720e-03,2.279e-03,9.999e-03
69481,7.789e-03,2.417e-03,1.021e-02
69482,8.369e-03,2.435e-03,1.080e-02
69483,1.033e-02,2.417e-03,1.275e-02
69484,1.100e-02,2.331e-03,1.333e-02
69485,1.183e-02,2.314e-03,1.414e-02
69486,1.184e-02,2.253e-03,1.410e-02
69487,1.208e-02,2.184e-03,1.426e-02
69488,1.283e-02,2.141e-03,1.497e-02
69489,1.315e-02,2.150e-03,1.530e-02
69490,1.256e-02,2.150e-03,1.471e-02
69491,8.096e-03,2.107e-03,1.020e-02
69492,7.550e-03,2.159e-03,9.709e-03
69493,7.387e-03,2.159e-03,9.546e-03
69494,7.421e-03,2.159e-03,9.580e-03
69495,8.207e-03,2.184e-03,1.039e-02
69496,9.940e-03,2.245e-03,1.218e-02
69497,8.830e-03,2.210e-03,1.104e-02
69498,7.772e-03,2.228e-03,1.000e-02
69499,7.823e-03,2.184e-03,1.001e-02
69500,1.351e-02,2.228e-03,1.574e-02
69501,1.344e-02,2.262e-03,1.570e-02
69502,1.330e-02,2.262e-03,1.557e-02
69503,1.330e-02,2.271e-03,1.558e-02
69504,1.325e-02,2.228e-03,1.548e-02
69505,1.319e-02,2.297e-03,1.548e-02
69506,1.282e-02,2.279e-03,1.510e-02
69507,1.279e-02,2.322e-03,1.511e-02
69508,1.321e-02,2.236e-03,1.545e-02
69509,1.315e-02,2.314e-03,1.546e-02
69510,1.315e-02,2.322e-03,1.547e-02
69511,1.312e-02,2.305e-03,1.542e-02
69512,1.306e-02,2.340e-03,1.540e-02
69513,1.300e-02,2.322e-03,1.533e-02
69514,1.294e-02,2.322e-03,1.526e-02
69515,1.297e-02,2.314e-03,1.528e-02
69516,1.265e-02,2.279e-03,1.493e-02
69517,1.057e-02,2.305e-03,1.288e-02
69518,1.312e-02,2.340e-03,1.546e-02
69519,1.260e-02,2.331e-03,1.493e-02
69520,1.265e-02,2.288e-03,1.494e-02
69521,1.275e-02,2.366e-03,1.511e-02
69522,1.264e-02,2.357e-03,1.499e-02
69523,1.269e-02,2.409e-03,1.510e-02
69524,1.260e-02,2.366e-03,1.496e-02
69525,1.258e-02,2.340e-03,1.492e-02
69526,1.256e-02,2.331e-03,1.489e-02
69527,1.256e-02,2.409e-03,1.497e-02
69528,1.250e-02,2.435e-03,1.494e-02
69529,1.248e-02,2.366e-03,1.485e-02
69530,1.250e-02,2.400e-03,1.490e-02
69531,1.247e-02,2.374e-03,1.484e-02
69532,1.246e-02,2.435e-03,1.489e-02
69533,1.242e-02,2.417e-03,1.483e-02
69534,1.247e-02,2.460e-03,1.493e-02
69535,1.247e-02,2.435e-03,1.490e-02
69536,1.247e-02,2.400e-03,1.487e-02
69537,1.242e-02,2.417e-03,1.483e-02
69538,1.248e-02,2.452e-03,1.493e-02
69539,1.249e-02,2.469e-03,1.496e-02
69540,1.221e-02,2.426e-03,1.464e-02
69541,1.223e-02,2.478e-03,1.471e-02
69542,1.239e-02,2.512e-03,1.490e-02
69543,1.240e-02,2.478e-03,1.488e-02
69544,1.240e-02,2.469e-03,1.487e-02
69545,1.244e-02,2.495e-03,1.494e-02
69546,1.254e-02,2.504e-03,1.505e-02
69547,1.265e-02,2.452e-03,1.510e-02
69548,1.272e-02,2.529e-03,1.525e-02
69549,1.248e-02,2.512e-03,1.500e-02
69550,1.193e-02,2.478e-03,1.441e-02
69551,1.226e-02,2.547e-03,1.481e-02
69552,1.228e-02,2.521e-03,1.480e-02
69553,1.259e-02,2.529e-03,1.512e-02
69554,1.285e-02,2.495e-03,1.535e-02
69555,1.038e-02,2.547e-03,1.292e-02
69556,1.289e-02,2.504e-03,1.539e-02
69557,1.300e-02,2.547e-03,1.555e-02
69558,1.204e-02,2.495e-03,1.454e-02
69559,1.033e-02,2.504e-03,1.284e-02
69560,1.032e-02,2.495e-03,1.281e-02
69561,1.295e-02,2.512e-03,1.547e-02
69562,1.141e-02,2.564e-03,1.397e-02
69563,8.438e-03,2.555e-03,1.099e-02
69564,1.128e-02,2.486e-03,1.377e-02
69565,1.069e-02,2.547e-03,1.324e-02
69566,9.488e-03,2.529e-03,1.202e-02
69567,8.702e-03,2.504e-03,1.121e-02
69568,7.994e-03,2.512e-03,1.051e-02
69569,7.592e-03,2.486e-03,1.008e-02
69570,7.319e-03,2.538e-03,9.857e-03
69571,7.020e-03,2.512e-03,9.532e-03
69572,7.088e-03,2.529e-03,9.617e-03
69573,7.165e-03,2.538e-03,9.703e-03
69574,8.147e-03,2.555e-03,1.070e-02
69575,8.369e-03,2.547e-03,1.092e-02
69576,9.334e-03,2.538e-03,1.187e-02
69577,1.240e-02,2.590e-03,1.499e-02
69578,9.821e-03,2.590e-03,1.241e-02
69579,1.272e-02,2.598e-03,1.531e-02
69580,6.977e-03,2.633e-03,9.610e-03
69581,6.388e-03,2.624e-03,9.012e-03
69582,6.397e-03,2.598e-03,8.995e-03
69583,6.576e-03,2.616e-03,9.192e-03
69584,6.141e-03,2.590e-03,8.731e-03
69585,5.970e-03,2.564e-03,8.534e-03
69586,5.953e-03,2.581e-03,8.534e-03
69587,5.953e-03,2.555e-03,8.508e-03
69588,6.124e-03,2.616e-03,8.740e-03
69589,1.068e-02,2.598e-03,1.328e-02
69590,8.122e-03,2.633e-03,1.076e-02
69591,1.289e-02,2.659e-03,1.554e-02
69592,8.736e-03,2.667e-03,1.140e-02
69593,1.269e-02,2.633e-03,1.532e-02
69594,1.287e-02,2.650e-03,1.552e-02
69595,8.574e-03,2.633e-03,1.121e-02
69596,6.798e-03,2.659e-03,9.457e-03
69597,7.182e-03,2.676e-03,9.858e-03
69598,1.272e-02,2.710e-03,1.543e-02
69599,1.255e-02,2.728e-03,1.528e-02
69600,1.253e-02,2.736e-03,1.526e-02
69601,1.245e-02,2.676e-03,1.513e-02
69602,1.241e-02,2.762e-03,1.517e-02
69603,1.243e-02,2.710e-03,1.514e-02
69604,1.245e-02,2.728e-03,1.518e-02
69605,1.249e-02,2.736e-03,1.523e-02
69606,1.249e-02,2.710e-03,1.520e-02
69607,1.254e-02,2.710e-03,1.525e-02
69608,1.254e-02,2.710e-03,1.525e-02
69609,1.256e-02,2.771e-03,1.533e-02
69610,1.255e-02,2.710e-03,1.526e-02
69611,1.253e-02,2.762e-03,1.529e-02
69612,1.254e-02,2.702e-03,1.524e-02
69613,1.259e-02,2.762e-03,1.535e-02
69614,1.258e-02,2.745e-03,1.532e-02
69615,1.260e-02,2.754e-03,1.535e-02
69616,1.265e-02,2.779e-03,1.543e-02
69617,1.265e-02,2.736e-03,1.538e-02
69618,1.269e-02,2.719e-03,1.541e-02
69619,1.275e-02,2.788e-03,1.554e-02
69620,1.278e-02,2.797e-03,1.558e-02
69621,1.283e-02,2.762e-03,1.559e-02
69622,1.289e-02,2.779e-03,1.567e-02
69623,1.298e-02,2.805e-03,1.579e-02
69624,1.308e-02,2.840e-03,1.592e-02
69625,1.308e-02,2.745e-03,1.583e-02
69626,1.323e-02,2.797e-03,1.602e-02
69627,1.322e-02,2.797e-03,1.602e-02
69628,1.332e-02,2.797e-03,1.612e-02
69629,1.353e-02,2.771e-03,1.630e-02
69630,1.337e-02,2.814e-03,1.619e-02
69631,1.240e-02,2.848e-03,1.525e-02
69632,1.014e-02,2.823e-03,1.296e-02
69633,9.804e-03,2.797e-03,1.260e-02
69634,8.489e-03,2.857e-03,1.135e-02
69635,8.130e-03,2.805e-03,1.094e-02
69636,7.831e-03,2.840e-03,1.067e-02
69637,7.661e-03,2.848e-03,1.051e-02
69638,7.515e-03,2.814e-03,1.033e-02
69639,7.439e-03,2.848e-03,1.029e-02
69640,7.319e-03,2.814e-03,1.013e-02
69641,7.379e-03,2.840e-03,1.022e-02
69642,7.387e-03,2.814e-03,1.020e-02
69643,7.251e-03,2.823e-03,1.007e-02
69644,7.208e-03,2.831e-03,1.004e-02
69645,7.208e-03,2.831e-03,1.004e-02
69646,7.251e-03,2.874e-03,1.012e-02
69647,7.413e-03,2.831e-03,1.024e-02
69648,8.642e-03,2.857e-03,1.150e-02
69649,1.103e-02,2.874e-03,1.390e-02
69650,1.330e-02,2.857e-03,1.615e-02
69651,1.359e-02,2.866e-03,1.645e-02
69652,1.319e-02,2.961e-03,1.615e-02
69653,1.343e-02,2.892e-03,1.632e-02
69654,1.342e-02,2.935e-03,1.636e-02
69655,1.334e-02,2.935e-03,1.627e-02
69656,1.337e-02,2.978e-03,1.635e-02
69657,1.328e-02,2.935e-03,1.621e-02
69658,1.328e-02,2.909e-03,1.619e-02
69659,1.323e-02,2.995e-03,1.622e-02
69660,1.312e-02,2.995e-03,1.612e-02
69661,1.311e-02,2.969e-03,1.608e-02
69662,1.310e-02,2.978e-03,1.608e-02
69663,1.300e-02,3.021e-03,1.603e-02
69664,1.298e-02,2.935e-03,1.591e-02
69665,1.293e-02,2.961e-03,1.589e-02
69666,1.288e-02,2.969e-03,1.585e-02
69667,1.288e-02,2.961e-03,1.584e-02
69668,1.280e-02,3.004e-03,1.580e-02
69669,1.277e-02,2.986e-03,1.575e-02
69670,1.276e-02,3.012e-03,1.577e-02
69671,1.272e-02,2.986e-03,1.571e-02
69672,1.271e-02,3.004e-03,1.571e-02
69673,1.267e-02,2.978e-03,1.565e-02
69674,1.265e-02,2.961e-03,1.562e-02
69675,1.257e-02,2.961e-03,1.553e-02
69676,1.257e-02,2.926e-03,1.550e-02
69677,1.250e-02,2.935e-03,1.544e-02
69678,1.252e-02,2.978e-03,1.550e-02
69679,1.254e-02,2.961e-03,1.550e-02
69680,1.254e-02,2.978e-03,1.551e-02
69681,1.253e-02,2.926e-03,1.545e-02
69682,1.254e-02,2.995e-03,1.553e-02
69683,1.250e-02,2.917e-03,1.542e-02
69684,1.250e-02,2.943e-03,1.544e-02
69685,1.254e-02,2.986e-03,1.553e-02
69686,1.253e-02,2.909e-03,1.544e-02
69687,1.257e-02,2.926e-03,1.550e-02
69688,1.257e-02,2.978e-03,1.555e-02
69689,1.269e-02,2.926e-03,1.562e-02
69690,1.263e-02,2.952e-03,1.558e-02
69691,1.272e-02,2.978e-03,1.569e-02
69692,1.277e-02,2.952e-03,1.573e-02
69693,1.277e-02,2.995e-03,1.577e-02
69694,1.278e-02,2.961e-03,1.574e-02
69695,1.270e-02,2.986e-03,1.568e-02
69696,1.277e-02,3.021e-03,1.580e-02
69697,1.277e-02,3.004e-03,1.578e-02
69698,7.917e-03,3.004e-03,1.092e-02
69699,7.251e-03,2.961e-03,1.021e-02
69700,7.319e-03,2.995e-03,1.031e-02
69701,7.464e-03,2.978e-03,1.044e-02
69702,7.558e-03,3.012e-03,1.057e-02
69703,1.046e-02,3.055e-03,1.352e-02
69704,1.127e-02,3.030e-03,1.430e-02
69705,1.233e-02,3.099e-03,1.543e-02
69706,1.238e-02,3.055e-03,1.544e-02
69707,1.239e-02,3.081e-03,1.547e-02
69708,1.243e-02,3.047e-03,1.548e-02
69709,1.246e-02,3.124e-03,1.558e-02
69710,1.246e-02,3.116e-03,1.557e-02
69711,1.247e-02,3.133e-03,1.560e-02
69712,1.250e-02,3.168e-03,1.567e-02
69713,1.248e-02,3.124e-03,1.561e-02
69714,1.249e-02,3.081e-03,1.557e-02
69715,1.250e-02,3.090e-03,1.559e-02
69716,1.247e-02,3.073e-03,1.554e-02
69717,1.208e-02,3.004e-03,1.508e-02
69718,1.106e-02,2.986e-03,1.404e-02
69719,1.223e-02,3.030e-03,1.526e-02
69720,1.276e-02,3.004e-03,1.576e-02
69721,1.096e-02,3.055e-03,1.401e-02
69722,8.096e-03,3.012e-03,1.111e-02
69723,1.305e-02,2.995e-03,1.604e-02
69724,9.633e-03,2.943e-03,1.258e-02
69725,1.027e-02,2.943e-03,1.322e-02
69726,1.244e-02,3.030e-03,1.547e-02
69727,1.278e-02,3.038e-03,1.582e-02
69728,1.277e-02,3.021e-03,1.579e-02
69729,1.258e-02,2.978e-03,1.556e-02
69730,1.269e-02,2.995e-03,1.569e-02
69731,1.257e-02,3.012e-03,1.558e-02
69732,1.254e-02,3.055e-03,1.559e-02
69733,1.265e-02,3.030e-03,1.569e-02
69734,1.260e-02,3.047e-03,1.564e-02
69735,1.257e-02,3.004e-03,1.557e-02
69736,1.269e-02,3.012e-03,1.570e-02
69737,1.263e-02,3.021e-03,1.565e-02
69738,1.264e-02,2.952e-03,1.559e-02
69739,1.269e-02,2.961e-03,1.565e-02
69740,1.269e-02,2.961e-03,1.565e-02
69741,1.264e-02,2.900e-03,1.554e-02
69742,1.259e-02,2.917e-03,1.550e-02
69743,8.540e-03,2.935e-03,1.148e-02
69744,6.294e-03,2.909e-03,9.203e-03
69745,6.235e-03,2.857e-03,9.092e-03
69746,1.203e-02,2.892e-03,1.492e-02
69747,1.247e-02,2.909e-03,1.538e-02
69748,1.225e-02,2.926e-03,1.518e-02
69749,1.216e-02,2.917e-03,1.508e-02
69750,1.216e-02,2.926e-03,1.509e-02
69751,1.237e-02,2.892e-03,1.527e-02
69752,1.251e-02,2.909e-03,1.542e-02
69753,1.243e-02,2.909e-03,1.534e-02
69754,1.244e-02,2.961e-03,1.540e-02
69755,1.234e-02,2.892e-03,1.523e-02
69756,1.241e-02,2.917e-03,1.533e-02
69757,1.242e-02,2.969e-03,1.538e-02
69758,1.256e-02,3.090e-03,1.565e-02
69759,1.248e-02,3.176e-03,1.566e-02
69760,1.248e-02,3.366e-03,1.585e-02
69761,1.245e-02,3.314e-03,1.576e-02
69762,1.236e-02,3.461e-03,1.583e-02
69763,1.229e-02,3.469e-03,1.576e-02
69764,1.226e-02,3.392e-03,1.565e-02
69765,1.223e-02,3.383e-03,1.561e-02
69766,1.235e-02,3.366e-03,1.571e-02
69767,1.230e-02,3.409e-03,1.571e-02
69768,1.230e-02,3.435e-03,1.573e-02
69769,1.230e-02,3.556e-03,1.585e-02
69770,1.233e-02,3.573e-03,1.590e-02
69771,1.230e-02,3.444e-03,1.575e-02
69772,1.224e-02,3.280e-03,1.552e-02
69773,1.230e-02,3.357e-03,1.565e-02
69774,1.243e-02,3.262e-03,1.569e-02
69775,1.245e-02,3.254e-03,1.570e-02
69776,1.240e-02,3.219e-03,1.562e-02
69777,1.245e-02,3.185e-03,1.563e-02
69778,1.243e-02,3.116e-03,1.554e-02
69779,1.242e-02,3.124e-03,1.554e-02
69780,1.244e-02,3.116e-03,1.556e-02
69781,1.243e-02,3.185e-03,1.561e-02
69782,1.246e-02,3.168e-03,1.563e-02
69783,1.243e-02,3.081e-03,1.551e-02
69784,1.240e-02,3.012e-03,1.541e-02
69785,1.230e-02,3.090e-03,1.539e-02
69786,1.230e-02,3.030e-03,1.533e-02
69787,1.226e-02,3.021e-03,1.528e-02
69788,1.225e-02,3.038e-03,1.528e-02
69789,1.218e-02,2.978e-03,1.516e-02
69790,1.208e-02,3.064e-03,1.515e-02
69791,1.204e-02,3.012e-03,1.505e-02
69792,1.182e-02,3.021e-03,1.484e-02
69793,1.196e-02,3.021e-03,1.498e-02
69794,1.197e-02,3.055e-03,1.503e-02
69795,1.202e-02,2.917e-03,1.494e-02
69796,1.197e-02,2.900e-03,1.487e-02
69797,1.202e-02,2.978e-03,1.500e-02
69798,1.196e-02,2.900e-03,1.486e-02
69799,1.184e-02,2.917e-03,1.475e-02
69800,1.193e-02,2.900e-03,1.483e-02
69801,1.193e-02,2.883e-03,1.481e-02
69802,1.185e-02,2.900e-03,1.475e-02
69803,1.172e-02,2.917e-03,1.464e-02
69804,1.178e-02,2.883e-03,1.466e-02
69805,1.181e-02,2.883e-03,1.469e-02
69806,1.178e-02,2.909e-03,1.469e-02
69807,1.185e-02,2.883e-03,1.474e-02
69808,1.181e-02,2.866e-03,1.468e-02
69809,1.174e-02,2.892e-03,1.463e-02
69810,1.190e-02,2.900e-03,1.480e-02
69811,1.201e-02,2.892e-03,1.491e-02
69812,1.200e-02,2.840e-03,1.484e-02
69813,1.196e-02,2.883e-03,1.484e-02
69814,1.190e-02,2.883e-03,1.478e-02
69815,1.190e-02,2.874e-03,1.477e-02
69816,1.189e-02,2.917e-03,1.480e-02
69817,1.189e-02,2.892e-03,1.478e-02
69818,1.180e-02,2.909e-03,1.471e-02
69819,1.182e-02,2.935e-03,1.475e-02
69820,1.183e-02,2.909e-03,1.474e-02
69821,1.179e-02,2.848e-03,1.463e-02
69822,1.209e-02,2.874e-03,1.497e-02
69823,1.216e-02,2.909e-03,1.507e-02
69824,1.213e-02,2.926e-03,1.505e-02
69825,1.219e-02,2.952e-03,1.515e-02
69826,1.223e-02,2.978e-03,1.521e-02
69827,1.214e-02,2.943e-03,1.509e-02
69828,1.216e-02,3.030e-03,1.519e-02
69829,1.212e-02,2.978e-03,1.509e-02
69830,1.221e-02,3.004e-03,1.521e-02
69831,1.222e-02,3.012e-03,1.523e-02
69832,1.236e-02,3.038e-03,1.540e-02
69833,1.253e-02,3.030e-03,1.556e-02
69834,1.264e-02,3.064e-03,1.570e-02
69835,1.270e-02,3.038e-03,1.574e-02
69836,1.277e-02,3.116e-03,1.588e-02
69837,1.283e-02,3.047e-03,1.587e-02
69838,1.285e-02,3.099e-03,1.595e-02
69839,1.286e-02,3.142e-03,1.600e-02
69840,1.285e-02,3.124e-03,1.598e-02
69841,1.291e-02,3.038e-03,1.595e-02
69842,1.289e-02,3.081e-03,1.597e-02
69843,1.285e-02,2.995e-03,1.585e-02
69844,1.281e-02,2.978e-03,1.579e-02
69845,1.284e-02,2.986e-03,1.583e-02
69846,1.283e-02,3.021e-03,1.585e-02
69847,1.286e-02,3.064e-03,1.592e-02
69848,1.292e-02,3.030e-03,1.595e-02
69849,1.300e-02,3.012e-03,1.601e-02
69850,1.296e-02,3.012e-03,1.597e-02
69851,1.296e-02,3.012e-03,1.597e-02
69852,1.238e-02,3.030e-03,1.541e-02
69853,1.289e-02,2.969e-03,1.586e-02
69854,1.294e-02,3.012e-03,1.595e-02
69855,1.308e-02,3.012e-03,1.609e-02
69856,1.305e-02,3.038e-03,1.609e-02
69857,1.305e-02,3.012e-03,1.606e-02
69858,1.309e-02,3.004e-03,1.610e-02
69859,1.311e-02,2.978e-03,1.609e-02
69860,1.314e-02,3.030e-03,1.617e-02
69861,1.309e-02,3.038e-03,1.613e-02
69862,1.274e-02,3.038e-03,1.578e-02
69863,1.239e-02,3.047e-03,1.544e-02
69864,1.013e-02,2.995e-03,1.312e-02
69865,8.950e-03,3.038e-03,1.199e-02
69866,6.884e-03,3.047e-03,9.931e-03
69867,6.832e-03,3.047e-03,9.879e-03
69868,8.250e-03,3.116e-03,1.137e-02
69869,9.206e-03,3.116e-03,1.232e-02
69870,1.177e-02,3.099e-03,1.487e-02
69871,1.220e-02,3.090e-03,1.529e-02
69872,1.111e-02,3.116e-03,1.423e-02
69873,1.307e-02,3.124e-03,1.620e-02
69874,7.891e-03,3.142e-03,1.103e-02
69875,8.899e-03,3.202e-03,1.210e-02
69876,1.254e-02,3.142e-03,1.568e-02
69877,1.279e-02,3.176e-03,1.597e-02
69878,1.280e-02,3.185e-03,1.599e-02
69879,1.265e-02,3.159e-03,1.581e-02
69880,1.256e-02,3.219e-03,1.578e-02
69881,1.263e-02,3.211e-03,1.584e-02
69882,1.276e-02,3.185e-03,1.594e-02
69883,1.294e-02,3.168e-03,1.611e-02
69884,1.296e-02,3.150e-03,1.611e-02
69885,1.188e-02,3.176e-03,1.505e-02
69886,1.302e-02,3.107e-03,1.613e-02
69887,1.319e-02,3.142e-03,1.633e-02
69888,1.312e-02,3.133e-03,1.626e-02
69889,1.308e-02,3.168e-03,1.625e-02
69890,1.319e-02,3.116e-03,1.630e-02
69891,1.228e-02,3.124e-03,1.540e-02
69892,1.336e-02,3.081e-03,1.644e-02
69893,1.315e-02,3.073e-03,1.622e-02
69894,1.323e-02,3.073e-03,1.630e-02
69895,1.324e-02,3.047e-03,1.629e-02
69896,1.325e-02,3.004e-03,1.626e-02
69897,1.312e-02,3.038e-03,1.615e-02
69898,1.272e-02,3.021e-03,1.574e-02
69899,1.325e-02,2.952e-03,1.621e-02
69900,1.236e-02,2.926e-03,1.528e-02
69901,1.235e-02,2.917e-03,1.526e-02
69902,1.290e-02,2.917e-03,1.582e-02
69903,1.093e-02,2.943e-03,1.387e-02
69904,1.282e-02,2.883e-03,1.570e-02
69905,1.202e-02,2.917e-03,1.494e-02
69906,1.226e-02,2.892e-03,1.516e-02
69907,1.308e-02,2.943e-03,1.603e-02
69908,1.320e-02,2.848e-03,1.605e-02
69909,1.327e-02,2.892e-03,1.616e-02
69910,1.336e-02,2.961e-03,1.632e-02
69911,1.274e-02,2.969e-03,1.571e-02
69912,1.315e-02,3.064e-03,1.622e-02
69913,1.108e-02,3.124e-03,1.420e-02
69914,1.280e-02,3.099e-03,1.590e-02
69915,1.298e-02,3.185e-03,1.616e-02
69916,1.172e-02,3.168e-03,1.489e-02
69917,9.701e-03,3.090e-03,1.279e-02
69918,7.558e-03,3.159e-03,1.072e-02
69919,7.473e-03,3.185e-03,1.066e-02
69920,7.703e-03,3.219e-03,1.092e-02
69921,8.805e-03,3.228e-03,1.203e-02
69922,1.050e-02,3.375e-03,1.387e-02
69923,1.330e-02,3.435e-03,1.674e-02
