data/rawdat/flt20220906/NOAAPicarro-CO2-CH4-CO-H2O_N57_20220906_R0.ict
42, 1001
Jeff Peischl
NOAA ESRL Chemical Sciences Laboratory
Picarro 2401-m CO2/CH4/CO/H2O Analyzer
CalFiDE
1, 1
2022, 09, 06, 2023, 02, 15
1
TO_Time_UTC, seconds, UTC, seconds_past_midnight
8
1, 1, 1, 1, 1, 1, 1, 1
-9999, -9999, -9999, -9999, -9999, -9999, -9999, -9999
CO2_ppm, ppm, Gas_CO2_InSitu_S_DMF
CO2_i_ppm, ppm, Gas_CO2_InSitu_S_DMF
CH4_ppb, ppb, Gas_CH4_InSitu_S_DMF
CH4_i_ppb, ppb, Gas_CH4_InSitu_S_DMF
CO_ppb, ppb, Gas_CO_InSitu_S_DMF
CO_i_ppb, ppb, Gas_CO_InSitu_S_DMF
H2O_pct, percent, Gas_H2O_InSitu_S_DMF
H2O_i_pct, percent, Gas_H2O_InSitu_S_DMF
1
SPECIAL COMMENTS: N/A
19
PI_CONTACT_INFO: Address: NOAA Chemical Sciences Laboratory, Mail Stop R/CSL7, 325 Broadway, Boulder, CO  80305, email: jeff.peischl@noaa.gov
PLATFORM: NOAA Twin Otter N57RF
LOCATION: The aircraft was stationed in Sacramento, CA, and Redding, CA
ASSOCIATED_DATA: N/A
INSTRUMENT_INFO: Wavelength-Scanned Cavity Ringdown Spectrometry
DATA_INFO: Units: ppm: parts per million dry air mole fraction; ppb: parts per billion dry air mole fraction; pct: percent by volume 
UNCERTAINTY: CO2: ±(0.4 ppm + 1%), CH4: ±(0.4 ppb + 1%), CO: ±(6 ppb + 1%), H2O: ±(0.1 pct + 1%).
ULOD_FLAG: -7777
ULOD_VALUE: N/A
LLOD_FLAG: -8888
LLOD_VALUE: N/A
DM_CONTACT_INFO: Data Manager: Ken Aikin, kenneth.c.aikin@noaa.gov
PROJECT_INFO: CalFiDE dates of study: August 28 - September 26, 2022
STIPULATIONS_ON_USE: According to the NOAA data protocol. Users are should contact the PI for proper data usage.
OTHER_COMMENTS: Data are measured at irregular intervals. Data without _i_ in the header are rounded to the nearest second. Data with _i_ are interpolated onto each second.
REVISION: R0
R0: final data
RA: preliminary data
TO_Time_UTC, CO2_ppm, CO2_i_ppm, CH4_ppb, CH4_i_ppb, CO_ppb, CO_i_ppb, H2O_pct, H2O_i_pct
[from data line 5312]
66511.0, -9999.00, 413.53, -9999.0, 1922.5, 100.4, 100.1, -9999.000, 0.849
66512.0, 413.51, 413.51, -9999.0, 1922.5, -9999.0, 99.7, 0.849, 0.849
66513.0, -9999.00, 413.50, 1922.5, 1922.4, 98.7, 99.0, -9999.000, 0.848
66514.0, 413.48, 413.48, -9999.0, 1922.3, -9999.0, 98.8, 0.848, 0.848
66515.0, -9999.00, 413.48, 1922.2, 1922.2, -9999.0, 99.2, -9999.000, 0.848
66516.0, -9999.00, 413.48, -9999.0, 1921.9, 99.4, 99.5, 0.848, 0.848
66517.0, 413.49, 413.48, 1921.6, 1921.7, -9999.0, 100.1, -9999.000, 0.849
66518.0, -9999.00, 413.46, -9999.0, 1921.5, 100.7, 100.7, -9999.000, 0.850
66519.0, 413.44, 413.44, -9999.0, 1921.4, -9999.0, 99.3, 0.851, 0.851
66520.0, -9999.00, 413.43, 1921.4, 1921.3, 97.3, 97.9, -9999.000, 0.852
66521.0, 413.43, 413.43, -9999.0, 1921.2, -9999.0, 98.2, 0.853, 0.853
66522.0, -9999.00, 413.44, 1921.1, 1921.1, -9999.0, 99.8, -9999.000, 0.853
66523.0, -9999.00, 413.45, -9999.0, 1921.1, 100.8, 100.4, 0.854, 0.854
66524.0, 413.46, 413.46, 1921.1, 1921.1, -9999.0, 98.8, -9999.000, 0.854
66525.0, -9999.00, 413.47, -9999.0, 1921.2, 97.2, 97.2, -9999.000, 0.854
66526.0, 413.47, 413.47, 1921.3, 1921.3, -9999.0, 96.8, 0.854, 0.854
66527.0, -9999.00, 413.45, -9999.0, 1921.3, 96.2, 96.4, -9999.000, 0.853
66528.0, 413.43, 413.44, -9999.0, 1921.3, -9999.0, 96.5, 0.853, 0.853
66529.0, -9999.00, 413.44, 1921.3, 1921.3, -9999.0, 97.0, -9999.000, 0.852
66530.0, -9999.00, 413.44, -9999.0, 1921.4, 97.2, 97.3, 0.851, 0.851
66531.0, 413.44, 413.44, 1921.5, 1921.5, -9999.0, 97.6, -9999.000, 0.851
66532.0, -9999.00, 413.44, -9999.0, 1921.5, 97.8, 97.8, -9999.000, 0.851
66533.0, 413.44, 413.44, 1921.5, 1921.5, -9999.0, 97.8, 0.850, 0.851
66534.0, -9999.00, 413.42, -9999.0, 1921.5, 97.7, 97.7, -9999.000, 0.851
66535.0, 413.40, 413.41, -9999.0, 1921.5, -9999.0, 98.0, 0.852, 0.852
66536.0, -9999.00, 413.40, 1921.5, 1921.6, -9999.0, 98.4, -9999.000, 0.851
66537.0, -9999.00, 413.39, -9999.0, 1921.7, 98.7, 97.9, 0.850, 0.850
66538.0, 413.38, 413.39, 1921.8, 1921.7, -9999.0, 95.8, -9999.000, 0.850
66539.0, -9999.00, 413.39, -9999.0, 1922.0, 93.9, 94.0, -9999.000, 0.849
66540.0, 413.40, 413.39, 1922.4, 1922.3, -9999.0, 95.4, 0.849, 0.849
66541.0, -9999.00, 413.37, -9999.0, 1922.3, 97.1, 96.8, -9999.000, 0.847
66542.0, 413.34, 413.35, -9999.0, 1922.2, -9999.0, 96.6, 0.846, 0.846
66543.0, -9999.00, 413.33, 1922.2, 1922.1, -9999.0, 96.1, -9999.000, 0.846
66544.0, 413.30, 413.30, -9999.0, 1921.8, 95.8, 96.6, 0.846, 0.846
66545.0, -9999.00, 413.31, 1921.6, 1921.6, -9999.0, 98.3, -9999.000, 0.847
66546.0, -9999.00, 413.33, -9999.0, 1921.4, 99.6, 99.6, 0.849, 0.849
66547.0, 413.34, 413.34, 1921.2, 1921.2, -9999.0, 99.8, -9999.000, 0.850
66548.0, -9999.00, 413.32, -9999.0, 1921.1, 100.1, 100.1, -9999.000, 0.852
66549.0, 413.30, 413.30, -9999.0, 1921.0, -9999.0, 99.9, 0.853, 0.853
66550.0, -9999.00, 413.28, 1921.0, 1921.0, 99.6, 99.7, -9999.000, 0.853
66551.0, 413.26, 413.27, -9999.0, 1920.9, -9999.0, 99.0, 0.854, 0.854
66552.0, -9999.00, 413.23, 1920.9, 1920.9, -9999.0, 97.9, -9999.000, 0.853
66553.0, -9999.00, 413.19, -9999.0, 1920.9, 97.1, 96.7, 0.853, 0.853
66554.0, 413.16, 413.15, 1921.0, 1921.0, -9999.0, 95.0, -9999.000, 0.852
66555.0, -9999.00, 413.13, -9999.0, 1921.4, 93.4, 93.4, -9999.000, 0.851
66556.0, 413.11, 413.11, 1922.0, 1921.8, -9999.0, 94.2, 0.850, 0.850
66557.0, -9999.00, 413.09, -9999.0, 1922.1, 95.3, 95.1, -9999.000, 0.848
66558.0, 413.08, 413.08, -9999.0, 1922.2, -9999.0, 95.5, 0.846, 0.846
66559.0, -9999.00, 413.08, 1922.3, 1922.3, -9999.0, 95.7, -9999.000, 0.845
66560.0, -9999.00, 413.09, -9999.0, 1922.3, 95.8, 95.3, 0.844, 0.844
66561.0, 413.09, 413.09, 1922.3, 1922.3, -9999.0, 93.9, -9999.000, 0.844
66562.0, -9999.00, 413.09, -9999.0, 1922.3, 92.6, 92.7, -9999.000, 0.845
66563.0, 413.09, 413.09, 1922.3, 1922.3, -9999.0, 94.2, 0.845, 0.845
66564.0, -9999.00, 413.10, -9999.0, 1922.3, 96.1, 95.7, -9999.000, 0.845
66565.0, 413.11, 413.11, -9999.0, 1922.2, -9999.0, 96.3, 0.845, 0.845
66566.0, -9999.00, 413.11, 1922.2, 1922.2, -9999.0, 96.5, -9999.000, 0.844
66567.0, -9999.00, 413.10, -9999.0, 1922.3, 96.7, 96.2, 0.843, 0.844
66568.0, 413.10, 413.10, 1922.4, 1922.4, -9999.0, 95.1, -9999.000, 0.843
66569.0, -9999.00, 413.10, -9999.0, 1922.4, 94.1, 94.2, -9999.000, 0.842
66570.0, 413.10, 413.10, 1922.5, 1922.5, -9999.0, 94.6, 0.841, 0.841
66571.0, -9999.00, 413.11, -9999.0, 1922.5, 95.2, 95.1, -9999.000, 0.841
66572.0, 413.12, 413.12, -9999.0, 1922.6, -9999.0, 94.3, 0.841, 0.841
66573.0, -9999.00, 413.15, 1922.6, 1922.7, -9999.0, 93.3, -9999.000, 0.841
66574.0, 413.20, 413.18, -9999.0, 1922.9, 92.7, 93.6, 0.842, 0.842
66575.0, -9999.00, 413.19, 1923.1, 1923.1, -9999.0, 95.6, -9999.000, 0.841
66576.0, -9999.00, 413.19, -9999.0, 1923.0, 97.3, 97.2, -9999.000, 0.840
66577.0, 413.18, 413.17, 1922.9, 1923.0, -9999.0, 96.8, 0.839, 0.839
66578.0, -9999.00, 413.14, -9999.0, 1922.8, 96.4, 96.5, -9999.000, 0.838
66579.0, 413.11, 413.11, -9999.0, 1922.6, -9999.0, 94.2, 0.837, 0.837
66580.0, -9999.00, 413.11, 1922.5, 1922.5, 90.4, 91.6, -9999.000, 0.837
66581.0, 413.11, 413.11, -9999.0, 1922.7, -9999.0, 91.6, 0.837, 0.837
66582.0, -9999.00, 413.11, 1922.9, 1922.8, -9999.0, 93.7, -9999.000, 0.837
66583.0, -9999.00, 413.11, -9999.0, 1922.7, 95.4, 94.9, 0.837, 0.837
66584.0, 413.11, 413.12, 1922.5, 1922.5, -9999.0, 92.6, -9999.000, 0.836
66585.0, -9999.00, 413.17, -9999.0, 1922.6, 90.0, 90.3, -9999.000, 0.836
66586.0, 413.22, 413.22, -9999.0, 1922.8, -9999.0, 93.1, 0.836, 0.836
66587.0, -9999.00, 413.28, 1922.9, 1922.9, 97.9, 96.6, -9999.000, 0.836
66588.0, 413.37, 413.35, -9999.0, 1922.9, -9999.0, 97.7, 0.836, 0.836
66589.0, -9999.00, 413.41, 1923.0, 1922.9, -9999.0, 97.4, -9999.000, 0.836
66590.0, -9999.00, 413.46, -9999.0, 1922.9, 97.2, 97.3, 0.835, 0.835
66591.0, 413.49, 413.50, 1922.9, 1922.9, -9999.0, 97.4, -9999.000, 0.835
66592.0, -9999.00, 413.52, -9999.0, 1922.8, 97.5, 97.5, -9999.000, 0.836
66593.0, 413.55, 413.55, 1922.8, 1922.8, -9999.0, 95.7, 0.836, 0.836
66594.0, -9999.00, 413.57, -9999.0, 1922.8, 93.4, 93.9, -9999.000, 0.837
66595.0, 413.60, 413.60, -9999.0, 1922.8, -9999.0, 95.5, 0.838, 0.838
66596.0, -9999.00, 413.61, 1922.8, 1922.8, -9999.0, 98.5, -9999.000, 0.838
66597.0, 413.62, 413.62, -9999.0, 1922.8, 100.3, 99.1, 0.837, 0.837
66598.0, -9999.00, 413.63, 1922.8, 1922.8, -9999.0, 96.2, -9999.000, 0.837
66599.0, -9999.00, 413.65, -9999.0, 1922.8, 93.7, 93.8, -9999.000, 0.837
66600.0, 413.66, 413.67, 1922.8, 1922.8, -9999.0, 94.5, 0.837, 0.837
66601.0, -9999.00, 413.73, -9999.0, 1922.9, 95.2, 95.1, -9999.000, 0.837
66602.0, 413.79, 413.79, -9999.0, 1923.1, -9999.0, 93.5, 0.838, 0.838
66603.0, -9999.00, 413.85, 1923.1, 1923.1, 90.5, 91.5, -9999.000, 0.838
66604.0, 413.95, 413.92, -9999.0, 1922.9, -9999.0, 91.8, 0.839, 0.839
66605.0, -9999.00, 413.98, 1922.7, 1922.8, -9999.0, 94.3, -9999.000, 0.838
66606.0, -9999.00, 414.03, -9999.0, 1922.8, 96.3, 96.1, 0.837, 0.838
66607.0, 414.07, 414.08, 1922.9, 1922.9, -9999.0, 95.6, -9999.000, 0.838
66608.0, -9999.00, 414.11, -9999.0, 1922.9, 95.0, 95.0, -9999.000, 0.838
66609.0, 414.15, 414.15, -9999.0, 1922.9, -9999.0, 95.6, 0.839, 0.839
66610.0, -9999.00, 414.14, 1922.9, 1922.9, 96.5, 96.2, -9999.000, 0.839
66611.0, 414.14, 414.14, -9999.0, 1922.9, -9999.0, 95.9, 0.839, 0.839
66612.0, -9999.00, 414.12, 1923.0, 1923.0, -9999.0, 94.9, -9999.000, 0.839
66613.0, -9999.00, 414.11, -9999.0, 1923.0, 94.2, 94.2, 0.839, 0.839
66614.0, 414.10, 414.08, 1922.9, 1922.9, -9999.0, 94.3, -9999.000, 0.839
66615.0, -9999.00, 414.05, -9999.0, 1922.8, 94.4, 94.4, -9999.000, 0.839
66616.0, 414.02, 414.02, 1922.6, 1922.7, -9999.0, 97.0, 0.840, 0.840
66617.0, -9999.00, 414.03, -9999.0, 1922.7, 100.8, 99.8, -9999.000, 0.840
66618.0, 414.03, 414.03, -9999.0, 1922.8, -9999.0, 98.6, 0.841, 0.841
66619.0, -9999.00, 414.06, 1922.9, 1922.9, -9999.0, 95.3, -9999.000, 0.841
66620.0, -9999.00, 414.10, -9999.0, 1923.1, 93.0, 93.3, 0.840, 0.841
66621.0, 414.12, 414.12, 1923.3, 1923.2, -9999.0, 94.3, -9999.000, 0.840
66622.0, -9999.00, 414.12, -9999.0, 1923.1, 95.3, 95.3, -9999.000, 0.839
66623.0, 414.12, 414.12, 1922.9, 1923.0, -9999.0, 93.5, 0.839, 0.839
66624.0, -9999.00, 414.13, -9999.0, 1922.9, 91.1, 91.7, -9999.000, 0.839
66625.0, 414.14, 414.14, -9999.0, 1922.9, -9999.0, 94.3, 0.840, 0.840
66626.0, -9999.00, 414.12, 1922.9, 1922.9, -9999.0, 99.1, -9999.000, 0.840
66627.0, -9999.00, 414.08, -9999.0, 1922.8, 102.4, 101.2, 0.840, 0.840
66628.0, 414.06, 414.05, 1922.8, 1922.8, -9999.0, 97.1, -9999.000, 0.840
66629.0, -9999.00, 414.01, -9999.0, 1922.7, 93.1, 93.1, -9999.000, 0.840
66630.0, 413.98, 413.98, 1922.6, 1922.6, -9999.0, 95.5, 0.841, 0.841
66631.0, -9999.00, 413.98, -9999.0, 1922.5, 98.7, 97.9, -9999.000, 0.841
66632.0, 413.97, 413.97, -9999.0, 1922.4, -9999.0, 98.4, 0.842, 0.842
66633.0, -9999.00, 413.95, 1922.4, 1922.4, -9999.0, 97.9, -9999.000, 0.842
66634.0, -9999.00, 413.93, -9999.0, 1922.3, 97.6, 97.5, 0.842, 0.842
66635.0, 413.91, 413.92, 1922.3, 1922.3, -9999.0, 97.1, -9999.000, 0.842
66636.0, -9999.00, 413.94, -9999.0, 1922.3, 96.8, 96.7, -9999.000, 0.842
66637.0, 413.95, 413.95, 1922.2, 1922.2, -9999.0, 94.3, 0.842, 0.842
66638.0, -9999.00, 413.92, -9999.0, 1922.1, 91.2, 91.8, -9999.000, 0.842
66639.0, 413.89, 413.90, -9999.0, 1922.0, -9999.0, 93.3, 0.842, 0.842
66640.0, -9999.00, 413.89, 1921.9, 1921.9, -9999.0, 96.0, -9999.000, 0.843
66641.0, 413.89, 413.89, -9999.0, 1921.8, 97.5, 96.9, 0.845, 0.845
66642.0, -9999.00, 413.86, 1921.6, 1921.6, -9999.0, 95.8, -9999.000, 0.845
66643.0, -9999.00, 413.81, -9999.0, 1921.5, 94.7, 95.2, -9999.000, 0.845
66644.0, 413.76, 413.76, 1921.4, 1921.4, -9999.0, 99.6, 0.845, 0.845
66645.0, -9999.00, 413.74, -9999.0, 1921.3, 104.8, 103.9, -9999.000, 0.846
66646.0, 413.72, 413.72, -9999.0, 1921.2, -9999.0, 104.5, 0.846, 0.846
66647.0, -9999.00, 413.70, 1921.1, 1921.1, -9999.0, 104.1, -9999.000, 0.846
66648.0, 413.66, 413.67, -9999.0, 1921.1, 103.9, 103.1, 0.846, 0.846
66649.0, -9999.00, 413.66, 1921.1, 1921.1, -9999.0, 101.4, -9999.000, 0.847
66650.0, -9999.00, 413.65, -9999.0, 1920.9, 100.0, 99.7, -9999.000, 0.847
66651.0, 413.65, 413.65, 1920.8, 1920.8, -9999.0, 98.2, 0.847, 0.847
66652.0, -9999.00, 413.63, -9999.0, 1920.8, 96.4, 96.6, -9999.000, 0.847
66653.0, 413.61, 413.61, -9999.0, 1920.9, -9999.0, 98.5, 0.847, 0.847
66654.0, -9999.00, 413.60, 1921.0, 1921.0, 102.3, 101.1, -9999.000, 0.846
66655.0, 413.58, 413.58, -9999.0, 1921.0, -9999.0, 100.8, 0.846, 0.846
66656.0, -9999.00, 413.56, 1921.0, 1921.0, -9999.0, 97.9, -9999.000, 0.846
66657.0, -9999.00, 413.54, -9999.0, 1921.3, 95.7, 96.2, 0.845, 0.846
66658.0, 413.52, 413.51, 1921.6, 1921.5, -9999.0, 98.5, -9999.000, 0.845
66659.0, -9999.00, 413.48, -9999.0, 1921.8, 101.0, 100.8, -9999.000, 0.844
66660.0, 413.45, 413.45, -9999.0, 1922.2, -9999.0, 101.1, 0.844, 0.843
66661.0, -9999.00, 413.44, 1922.3, 1922.4, 101.2, 101.2, -9999.000, 0.843
66662.0, 413.42, 413.42, -9999.0, 1922.6, -9999.0, 99.8, 0.842, 0.842
66663.0, -9999.00, 413.42, 1922.7, 1922.7, -9999.0, 97.4, -9999.000, 0.842
66664.0, -9999.00, 413.41, -9999.0, 1922.7, 95.7, 95.5, 0.841, 0.841
66665.0, 413.41, 413.40, 1922.7, 1922.7, -9999.0, 95.0, -9999.000, 0.840
66666.0, -9999.00, 413.36, -9999.0, 1922.9, 94.4, 94.4, -9999.000, 0.839
66667.0, 413.32, 413.32, 1923.2, 1923.1, -9999.0, 98.3, 0.838, 0.838
66668.0, -9999.00, 413.30, -9999.0, 1923.2, 103.5, 102.3, -9999.000, 0.837
66669.0, 413.27, 413.28, -9999.0, 1923.2, -9999.0, 102.3, 0.837, 0.837
66670.0, -9999.00, 413.25, 1923.2, 1923.2, -9999.0, 100.6, -9999.000, 0.836
66671.0, -9999.00, 413.23, -9999.0, 1923.1, 99.6, 98.7, 0.835, 0.835
66672.0, 413.21, 413.22, 1923.1, 1923.1, -9999.0, 96.6, -9999.000, 0.836
66673.0, -9999.00, 413.22, -9999.0, 1923.3, 94.7, 94.7, -9999.000, 0.836
66674.0, 413.23, 413.23, 1923.5, 1923.5, -9999.0, 95.4, 0.836, 0.836
66675.0, -9999.00, 413.23, -9999.0, 1923.5, 96.1, 96.0, -9999.000, 0.836
66676.0, 413.23, 413.23, -9999.0, 1923.4, -9999.0, 95.8, 0.836, 0.836
66677.0, -9999.00, 413.24, 1923.3, 1923.3, -9999.0, 95.3, -9999.000, 0.835
66678.0, 413.26, 413.25, -9999.0, 1923.3, 95.0, 95.1, 0.835, 0.835
66679.0, -9999.00, 413.27, 1923.3, 1923.3, -9999.0, 95.3, -9999.000, 0.835
66680.0, -9999.00, 413.29, -9999.0, 1923.5, 95.4, 95.2, -9999.000, 0.835
66681.0, 413.31, 413.30, 1923.7, 1923.7, -9999.0, 93.6, 0.835, 0.835
66682.0, -9999.00, 413.29, -9999.0, 1923.6, 91.9, 92.1, -9999.000, 0.835
66683.0, 413.27, 413.27, -9999.0, 1923.4, -9999.0, 94.2, 0.835, 0.835
66684.0, -9999.00, 413.29, 1923.3, 1923.2, 98.1, 96.8, -9999.000, 0.836
66685.0, 413.31, 413.31, -9999.0, 1923.2, -9999.0, 96.4, 0.836, 0.836
66686.0, -9999.00, 413.30, 1923.1, 1923.1, -9999.0, 92.9, -9999.000, 0.836
66687.0, -9999.00, 413.28, -9999.0, 1922.9, 90.1, 90.4, 0.835, 0.835
66688.0, 413.27, 413.27, 1922.7, 1922.8, -9999.0, 92.4, -9999.000, 0.836
66689.0, -9999.00, 413.27, -9999.0, 1922.7, 94.7, 94.4, -9999.000, 0.838
66690.0, 413.27, 413.27, -9999.0, 1922.8, -9999.0, 95.3, 0.839, 0.839
66691.0, -9999.00, 413.26, 1922.8, 1922.7, 96.4, 96.0, -9999.000, 0.840
66692.0, 413.25, 413.25, -9999.0, 1922.5, -9999.0, 97.2, 0.840, 0.840
66693.0, -9999.00, 413.23, 1922.4, 1922.4, -9999.0, 98.9, -9999.000, 0.840
66694.0, -9999.00, 413.19, -9999.0, 1922.3, 100.2, 99.5, 0.840, 0.840
66695.0, 413.17, 413.17, 1922.1, 1922.2, -9999.0, 96.3, -9999.000, 0.840
66696.0, -9999.00, 413.18, -9999.0, 1922.2, 92.9, 93.2, -9999.000, 0.841
66697.0, 413.19, 413.19, 1922.2, 1922.2, -9999.0, 95.9, 0.841, 0.841
66698.0, -9999.00, 413.19, -9999.0, 1922.2, 100.2, 99.1, -9999.000, 0.841
66699.0, 413.20, 413.20, -9999.0, 1922.1, -9999.0, 99.2, 0.841, 0.841
66700.0, -9999.00, 413.22, 1922.0, 1922.0, -9999.0, 97.6, -9999.000, 0.841
66701.0, -9999.00, 413.24, -9999.0, 1922.0, 96.4, 95.9, 0.842, 0.842
66702.0, 413.26, 413.27, 1921.9, 1921.9, -9999.0, 94.4, -9999.000, 0.842
66703.0, -9999.00, 413.28, -9999.0, 1921.8, 92.9, 92.9, -9999.000, 0.843
66704.0, 413.30, 413.30, 1921.7, 1921.7, -9999.0, 93.2, 0.843, 0.844
66705.0, -9999.00, 413.29, -9999.0, 1921.5, 93.7, 93.5, -9999.000, 0.844
66706.0, 413.28, 413.28, -9999.0, 1921.1, -9999.0, 93.1, 0.845, 0.845
66707.0, -9999.00, 413.26, 1920.9, 1920.8, -9999.0, 92.4, -9999.000, 0.846
66708.0, -9999.00, 413.23, -9999.0, 1920.8, 91.8, 93.6, 0.848, 0.847
66709.0, 413.22, 413.22, 1920.7, 1920.7, -9999.0, 99.0, -9999.000, 0.848
66710.0, -9999.00, 413.22, -9999.0, 1920.7, 104.4, 104.4, -9999.000, 0.849
66711.0, 413.22, 413.22, 1920.6, 1920.6, -9999.0, 101.3, 0.849, 0.850
66712.0, -9999.00, 413.24, -9999.0, 1920.6, 97.1, 98.2, -9999.000, 0.850
66713.0, 413.26, 413.26, -9999.0, 1920.5, -9999.0, 97.7, 0.850, 0.850
66714.0, -9999.00, 413.26, 1920.5, 1920.5, -9999.0, 98.7, -9999.000, 0.850
66715.0, -9999.00, 413.25, -9999.0, 1920.4, 99.3, 98.6, 0.849, 0.849
66716.0, 413.25, 413.26, 1920.3, 1920.3, -9999.0, 96.6, -9999.000, 0.850
66717.0, -9999.00, 413.29, -9999.0, 1920.3, 94.6, 94.6, -9999.000, 0.850
66718.0, 413.32, 413.32, 1920.2, 1920.2, -9999.0, 98.0, 0.850, 0.850
66719.0, -9999.00, 413.30, -9999.0, 1920.3, 102.4, 101.4, -9999.000, 0.849
66720.0, 413.28, 413.29, -9999.0, 1920.4, -9999.0, 100.7, 0.849, 0.849
66721.0, -9999.00, 413.27, 1920.5, 1920.5, -9999.0, 98.2, -9999.000, 0.849
66722.0, -9999.00, 413.26, -9999.0, 1920.6, 96.5, 97.4, 0.849, 0.849
66723.0, 413.25, 413.25, 1920.6, 1920.6, -9999.0, 99.7, -9999.000, 0.849
66724.0, -9999.00, 413.25, -9999.0, 1920.6, 102.0, 101.9, -9999.000, 0.849
66725.0, 413.25, 413.24, 1920.5, 1920.5, -9999.0, 100.3, 0.849, 0.849
66726.0, -9999.00, 413.24, -9999.0, 1920.6, 98.3, 98.7, -9999.000, 0.849
66727.0, 413.24, 413.24, -9999.0, 1920.6, -9999.0, 98.1, 0.849, 0.849
66728.0, -9999.00, 413.22, 1920.7, 1920.7, -9999.0, 97.9, -9999.000, 0.849
66729.0, 413.19, 413.20, -9999.0, 1920.7, 97.7, 96.9, 0.850, 0.850
66730.0, -9999.00, 413.19, 1920.7, 1920.7, -9999.0, 95.1, -9999.000, 0.849
66731.0, -9999.00, 413.20, -9999.0, 1921.0, 93.6, 93.9, -9999.000, 0.848
66732.0, 413.20, 413.21, 1921.4, 1921.3, -9999.0, 95.7, 0.848, 0.848
