data/rawdat/flt20220906/NOAAPicarro-CO2-CH4-CO-H2O_N57_20220906_R0.ict
42, 1001
Jeff Peischl
NOAA ESRL Chemical Sciences Laboratory
Picarro 2401-m CO2/CH4/CO/H2O Analyzer
CalFiDE
1, 1
2022, 09, 06, 2023, 02, 15
1
TO_Time_UTC, seconds, UTC, seconds_past_midnight
8
1, 1, 1, 1, 1, 1, 1, 1
-9999, -9999, -9999, -9999, -9999, -9999, -9999, -9999
CO2_ppm, ppm, Gas_CO2_InSitu_S_DMF
CO2_i_ppm, ppm, Gas_CO2_InSitu_S_DMF
CH4_ppb, ppb, Gas_CH4_InSitu_S_DMF
CH4_i_ppb, ppb, Gas_CH4_InSitu_S_DMF
CO_ppb, ppb, Gas_CO_InSitu_S_DMF
CO_i_ppb, ppb, Gas_CO_InSitu_S_DMF
H2O_pct, percent, Gas_H2O_InSitu_S_DMF
H2O_i_pct, percent, Gas_H2O_InSitu_S_DMF
1
SPECIAL COMMENTS: N/A
19
PI_CONTACT_INFO: Address: NOAA Chemical Sciences Laboratory, Mail Stop R/CSL7, 325 Broadway, Boulder, CO  80305, email: jeff.peischl@noaa.gov
PLATFORM: NOAA Twin Otter N57RF
LOCATION: The aircraft was stationed in Sacramento, CA, and Redding, CA
ASSOCIATED_DATA: N/A
INSTRUMENT_INFO: Wavelength-Scanned Cavity Ringdown Spectrometry
DATA_INFO: Units: ppm: parts per million dry air mole fraction; ppb: parts per billion dry air mole fraction; pct: percent by volume 
UNCERTAINTY: CO2: ±(0.4 ppm + 1%), CH4: ±(0.4 ppb + 1%), CO: ±(6 ppb + 1%), H2O: ±(0.1 pct + 1%).
ULOD_FLAG: -7777
ULOD_VALUE: N/A
LLOD_FLAG: -8888
LLOD_VALUE: N/A
DM_CONTACT_INFO: Data Manager: Ken Aikin, kenneth.c.aikin@noaa.gov
PROJECT_INFO: CalFiDE dates of study: August 28 - September 26, 2022
STIPULATIONS_ON_USE: According to the NOAA data protocol. Users are should contact the PI for proper data usage.
OTHER_COMMENTS: Data are measured at irregular intervals. Data without _i_ in the header are rounded to the nearest second. Data with _i_ are interpolated onto each second.
REVISION: R0
R0: final data
RA: preliminary data
TO_Time_UTC, CO2_ppm, CO2_i_ppm, CH4_ppb, CH4_i_ppb, CO_ppb, CO_i_ppb, H2O_pct, H2O_i_pct
[from data line 8431]
69630.0, 412.91, 412.91, -9999.0, 1919.5, -9999.0, 89.1, 0.824, 0.824
69631.0, -9999.00, 412.92, 1919.6, 1919.6, 88.1, 88.5, -9999.000, 0.825
69632.0, 412.94, 412.94, -9999.0, 1919.8, -9999.0, 90.2, 0.825, 0.825
69633.0, -9999.00, 412.91, 1920.0, 1920.0, -9999.0, 93.9, -9999.000, 0.824
69634.0, -9999.00, 412.87, -9999.0, 1919.9, 96.7, 96.5, 0.823, 0.823
69635.0, 412.84, 412.84, 1919.8, 1919.8, -9999.0, 95.5, -9999.000, 0.823
69636.0, -9999.00, 412.84, -9999.0, 1919.7, 94.6, 94.6, -9999.000, 0.824
69637.0, 412.83, 412.83, 1919.5, 1919.6, -9999.0, 94.4, 0.824, 0.824
69638.0, -9999.00, 412.84, -9999.0, 1919.5, 94.2, 94.2, -9999.000, 0.824
69639.0, 412.85, 412.84, -9999.0, 1919.5, -9999.0, 95.1, 0.824, 0.824
69640.0, -9999.00, 412.81, 1919.5, 1919.5, -9999.0, 96.6, -9999.000, 0.822
69641.0, -9999.00, 412.77, -9999.0, 1919.3, 97.5, 96.4, 0.819, 0.820
69642.0, 412.75, 412.74, 1919.1, 1919.1, -9999.0, 93.2, -9999.000, 0.818
69643.0, -9999.00, 412.71, -9999.0, 1918.9, 90.2, 90.3, -9999.000, 0.816
69644.0, 412.68, 412.68, 1918.7, 1918.7, -9999.0, 91.3, 0.814, 0.815
69645.0, -9999.00, 412.71, -9999.0, 1918.7, 92.6, 92.4, -9999.000, 0.817
69646.0, 412.74, 412.74, -9999.0, 1918.8, -9999.0, 94.1, 0.818, 0.818
69647.0, -9999.00, 412.74, 1918.8, 1918.8, -9999.0, 96.1, -9999.000, 0.819
69648.0, 412.73, 412.73, -9999.0, 1918.8, 97.2, 95.9, 0.819, 0.819
69649.0, -9999.00, 412.72, 1918.8, 1918.8, -9999.0, 93.1, -9999.000, 0.818
69650.0, -9999.00, 412.69, -9999.0, 1919.1, 90.7, 90.6, -9999.000, 0.817
69651.0, 412.66, 412.66, 1919.5, 1919.4, -9999.0, 90.2, 0.817, 0.817
69652.0, -9999.00, 412.63, -9999.0, 1919.3, 89.8, 89.9, -9999.000, 0.818
69653.0, 412.60, 412.60, -9999.0, 1919.1, -9999.0, 90.9, 0.819, 0.819
69654.0, -9999.00, 412.60, 1918.9, 1919.0, 92.9, 92.3, -9999.000, 0.818
69655.0, 412.60, 412.60, -9999.0, 1919.1, -9999.0, 92.4, 0.818, 0.818
69656.0, -9999.00, 412.60, 1919.2, 1919.2, -9999.0, 91.3, -9999.000, 0.818
69657.0, -9999.00, 412.60, -9999.0, 1919.1, 90.5, 90.7, 0.819, 0.819
69658.0, 412.60, 412.61, 1919.0, 1919.1, -9999.0, 91.7, -9999.000, 0.819
69659.0, -9999.00, 412.63, -9999.0, 1919.2, 92.7, 92.6, -9999.000, 0.820
69660.0, 412.65, 412.65, 1919.5, 1919.4, -9999.0, 93.5, 0.820, 0.820
69661.0, -9999.00, 412.62, -9999.0, 1919.5, 94.7, 94.4, -9999.000, 0.820
69662.0, 412.59, 412.60, -9999.0, 1919.4, -9999.0, 94.3, 0.820, 0.820
69663.0, -9999.00, 412.61, 1919.4, 1919.5, -9999.0, 93.7, -9999.000, 0.820
69664.0, -9999.00, 412.63, -9999.0, 1919.6, 93.3, 93.1, 0.821, 0.821
69665.0, 412.65, 412.67, 1919.7, 1919.7, -9999.0, 92.4, -9999.000, 0.821
69666.0, -9999.00, 412.71, -9999.0, 1919.8, 91.8, 91.8, -9999.000, 0.821
69667.0, 412.74, 412.75, 1920.1, 1920.0, -9999.0, 91.8, 0.821, 0.821
69668.0, -9999.00, 412.77, -9999.0, 1920.1, 91.8, 91.8, -9999.000, 0.822
69669.0, 412.79, 412.79, -9999.0, 1920.2, -9999.0, 92.2, 0.822, 0.822
69670.0, -9999.00, 412.78, 1920.2, 1920.2, -9999.0, 92.6, -9999.000, 0.823
69671.0, -9999.00, 412.77, -9999.0, 1920.3, 92.9, 92.8, 0.824, 0.824
69672.0, 412.77, 412.75, 1920.4, 1920.4, -9999.0, 92.7, -9999.000, 0.824
69673.0, -9999.00, 412.72, -9999.0, 1920.5, 92.6, 92.5, -9999.000, 0.825
69674.0, 412.69, 412.69, 1920.5, 1920.5, -9999.0, 91.3, 0.825, 0.825
69675.0, -9999.00, 412.68, -9999.0, 1920.4, 89.8, 90.0, -9999.000, 0.826
69676.0, 412.67, 412.67, -9999.0, 1920.1, -9999.0, 92.2, 0.826, 0.826
69677.0, -9999.00, 412.63, 1920.0, 1919.9, 96.4, 95.1, -9999.000, 0.826
69678.0, 412.57, 412.58, -9999.0, 1919.6, -9999.0, 96.2, 0.826, 0.826
69679.0, -9999.00, 412.57, 1919.4, 1919.4, -9999.0, 95.7, -9999.000, 0.825
69680.0, -9999.00, 412.57, -9999.0, 1919.4, 95.4, 95.2, 0.824, 0.824
69681.0, 412.56, 412.56, 1919.4, 1919.4, -9999.0, 94.6, -9999.000, 0.823
69682.0, -9999.00, 412.56, -9999.0, 1919.4, 94.0, 94.0, -9999.000, 0.823
69683.0, 412.56, 412.56, 1919.5, 1919.5, -9999.0, 95.9, 0.822, 0.822
69684.0, -9999.00, 412.57, -9999.0, 1919.6, 98.6, 97.9, -9999.000, 0.822
69685.0, 412.59, 412.58, -9999.0, 1919.7, -9999.0, 97.9, 0.822, 0.822
69686.0, -9999.00, 412.58, 1919.8, 1919.8, -9999.0, 96.6, -9999.000, 0.823
69687.0, -9999.00, 412.58, -9999.0, 1919.7, 95.9, 95.7, 0.824, 0.824
69688.0, 412.58, 412.60, 1919.5, 1919.5, -9999.0, 95.3, -9999.000, 0.824
69689.0, -9999.00, 412.65, -9999.0, 1919.7, 94.9, 94.8, -9999.000, 0.825
69690.0, 412.69, 412.69, 1919.9, 1919.8, -9999.0, 93.7, 0.825, 0.825
69691.0, -9999.00, 412.68, -9999.0, 1919.9, 92.3, 92.5, -9999.000, 0.825
69692.0, 412.68, 412.68, -9999.0, 1920.0, -9999.0, 92.8, 0.825, 0.825
69693.0, -9999.00, 412.68, 1920.0, 1920.0, -9999.0, 93.6, -9999.000, 0.826
69694.0, 412.69, 412.69, -9999.0, 1919.8, 94.0, 93.1, 0.827, 0.827
69695.0, -9999.00, 412.69, 1919.7, 1919.7, -9999.0, 91.3, -9999.000, 0.827
69696.0, -9999.00, 412.68, -9999.0, 1919.8, 89.8, 89.6, 0.827, 0.827
69697.0, 412.68, 412.67, 1919.9, 1919.9, -9999.0, 88.2, -9999.000, 0.827
69698.0, -9999.00, 412.63, -9999.0, 1919.7, 86.6, 86.8, -9999.000, 0.826
69699.0, 412.59, 412.59, -9999.0, 1919.5, -9999.0, 88.1, 0.825, 0.825
69700.0, -9999.00, 412.56, 1919.4, 1919.4, 90.5, 89.8, -9999.000, 0.825
69701.0, 412.53, 412.54, -9999.0, 1919.4, -9999.0, 90.6, 0.824, 0.825
69702.0, -9999.00, 412.53, 1919.5, 1919.5, -9999.0, 90.9, -9999.000, 0.824
69703.0, -9999.00, 412.52, -9999.0, 1919.8, 91.1, 91.2, 0.823, 0.823
69704.0, 412.51, 412.51, 1920.2, 1920.1, -9999.0, 91.6, -9999.000, 0.823
69705.0, -9999.00, 412.50, -9999.0, 1920.0, 92.1, 92.0, -9999.000, 0.823
69706.0, 412.49, 412.51, 1919.8, 1919.9, -9999.0, 117.6, 0.822, 0.822
69707.0, -9999.00, 413.03, -9999.0, 1922.1, 154.2, 144.4, -9999.000, 0.821
69708.0, 413.70, 413.55, -9999.0, 1926.3, -9999.0, 144.4, 0.821, 0.821
69709.0, -9999.00, 413.35, 1929.6, 1928.7, -9999.0, 128.8, -9999.000, 0.821
69710.0, -9999.00, 412.86, -9999.0, 1924.7, 118.5, 118.1, 0.821, 0.821
69711.0, 412.58, 412.58, 1920.5, 1920.7, -9999.0, 116.9, -9999.000, 0.821
69712.0, -9999.00, 412.57, -9999.0, 1920.3, 115.7, 115.3, -9999.000, 0.821
69713.0, 412.56, 412.56, 1919.9, 1920.0, -9999.0, 105.2, 0.820, 0.820
69714.0, -9999.00, 412.55, -9999.0, 1919.9, 92.5, 95.2, -9999.000, 0.821
69715.0, 412.53, 412.54, -9999.0, 1919.8, -9999.0, 99.1, 0.821, 0.821
69716.0, -9999.00, 412.77, 1919.7, 1921.1, -9999.0, 107.9, -9999.000, 0.821
69717.0, 413.19, 413.06, -9999.0, 1925.4, 112.8, 141.1, 0.822, 0.821
69718.0, -9999.00, 413.51, 1929.6, 1929.6, -9999.0, 204.9, -9999.000, 0.820
69719.0, -9999.00, 414.10, -9999.0, 1930.6, 258.7, 250.3, -9999.000, 0.819
69720.0, 414.54, 414.41, 1931.9, 1931.7, -9999.0, 197.6, 0.818, 0.818
69721.0, -9999.00, 413.89, -9999.0, 1931.8, 137.6, 144.8, -9999.000, 0.820
69722.0, 413.34, 413.37, -9999.0, 1931.6, -9999.0, 134.6, 0.821, 0.821
69723.0, -9999.00, 413.04, 1931.5, 1929.2, 129.6, 131.2, -9999.000, 0.821
69724.0, 412.60, 412.72, -9999.0, 1924.1, -9999.0, 122.0, 0.821, 0.821
69725.0, -9999.00, 412.72, 1919.8, 1919.9, -9999.0, 108.4, -9999.000, 0.822
69726.0, -9999.00, 412.90, -9999.0, 1920.9, 98.3, 97.6, 0.824, 0.823
69727.0, 413.01, 412.95, 1921.9, 1921.8, -9999.0, 94.9, -9999.000, 0.824
69728.0, -9999.00, 412.77, -9999.0, 1921.0, 92.1, 92.1, -9999.000, 0.824
69729.0, 412.61, 412.61, 1919.6, 1920.1, -9999.0, 92.7, 0.824, 0.825
69730.0, -9999.00, 412.71, -9999.0, 1920.9, 93.6, 93.4, -9999.000, 0.826
69731.0, 412.82, 412.80, -9999.0, 1923.0, -9999.0, 120.6, 0.828, 0.828
69732.0, -9999.00, 413.04, 1924.6, 1924.7, -9999.0, 160.2, -9999.000, 0.825
69733.0, -9999.00, 413.32, -9999.0, 1925.0, 184.7, 180.9, 0.822, 0.822
69734.0, 413.46, 413.45, 1925.4, 1925.4, -9999.0, 170.8, -9999.000, 0.821
69735.0, -9999.00, 413.41, -9999.0, 1925.0, 161.7, 160.2, -9999.000, 0.821
69736.0, 413.38, 413.36, 1924.3, 1924.5, -9999.0, 143.2, 0.820, 0.820
69737.0, -9999.00, 413.27, -9999.0, 1926.4, 122.8, 126.3, -9999.000, 0.821
69738.0, 413.17, 413.18, -9999.0, 1929.4, -9999.0, 167.4, 0.821, 0.821
69739.0, -9999.00, 413.53, 1931.2, 1931.4, 251.3, 223.7, -9999.000, 0.819
69740.0, 414.09, 413.93, -9999.0, 1932.1, -9999.0, 252.4, 0.818, 0.818
69741.0, -9999.00, 414.15, 1932.7, 1932.8, -9999.0, 254.5, -9999.000, 0.817
69742.0, -9999.00, 414.25, -9999.0, 1933.9, 256.2, 258.9, 0.816, 0.816
69743.0, 414.31, 414.40, 1935.3, 1935.0, -9999.0, 271.3, -9999.000, 0.816
69744.0, -9999.00, 414.66, -9999.0, 1937.3, 284.7, 283.6, -9999.000, 0.815
69745.0, 414.93, 414.93, -9999.0, 1939.8, -9999.0, 277.0, 0.814, 0.814
69746.0, -9999.00, 414.42, 1941.0, 1939.1, 265.3, 268.6, -9999.000, 0.814
69747.0, 413.75, 413.91, -9999.0, 1935.3, -9999.0, 256.3, 0.814, 0.814
69748.0, -9999.00, 413.81, 1932.1, 1932.4, -9999.0, 241.4, -9999.000, 0.814
69749.0, -9999.00, 413.89, -9999.0, 1933.7, 231.0, 232.9, 0.815, 0.815
69750.0, 413.93, 413.91, 1935.2, 1935.0, -9999.0, 238.9, -9999.000, 0.815
69751.0, -9999.00, 413.86, -9999.0, 1935.0, 244.7, 244.7, -9999.000, 0.814
69752.0, 413.82, 413.82, 1934.8, 1934.8, -9999.0, 245.0, 0.814, 0.813
69753.0, -9999.00, 413.83, -9999.0, 1934.7, 245.4, 245.3, -9999.000, 0.811
69754.0, 413.84, 413.84, -9999.0, 1934.5, -9999.0, 242.7, 0.809, 0.809
69755.0, -9999.00, 413.82, 1934.4, 1934.0, -9999.0, 239.0, -9999.000, 0.807
69756.0, 413.79, 413.80, -9999.0, 1933.1, 236.8, 226.8, 0.805, 0.805
69757.0, -9999.00, 413.70, 1932.1, 1932.1, -9999.0, 203.0, -9999.000, 0.807
69758.0, -9999.00, 413.53, -9999.0, 1929.8, 182.3, 181.4, -9999.000, 0.810
69759.0, 413.39, 413.37, 1926.9, 1927.5, -9999.0, 174.2, 0.811, 0.812
69760.0, -9999.00, 413.29, -9999.0, 1926.9, 166.0, 167.1, -9999.000, 0.814
69761.0, 413.21, 413.21, -9999.0, 1927.0, -9999.0, 159.9, 0.815, 0.815
69762.0, -9999.00, 413.16, 1927.0, 1926.4, 149.5, 152.6, -9999.000, 0.815
69763.0, 413.09, 413.10, -9999.0, 1925.0, -9999.0, 141.4, 0.815, 0.815
69764.0, -9999.00, 413.00, 1923.9, 1923.7, -9999.0, 127.4, -9999.000, 0.816
69765.0, -9999.00, 412.86, -9999.0, 1922.7, 117.6, 120.0, 0.817, 0.817
69766.0, 412.78, 412.82, 1921.5, 1921.6, -9999.0, 127.6, -9999.000, 0.817
69767.0, -9999.00, 412.91, -9999.0, 1922.6, 135.1, 135.1, -9999.000, 0.816
69768.0, 412.99, 412.99, 1924.3, 1923.9, -9999.0, 137.8, 0.816, 0.816
69769.0, -9999.00, 413.02, -9999.0, 1924.9, 141.2, 140.5, -9999.000, 0.816
69770.0, 413.06, 413.06, -9999.0, 1925.8, -9999.0, 157.8, 0.817, 0.817
69771.0, -9999.00, 413.21, 1926.4, 1927.0, -9999.0, 180.0, -9999.000, 0.816
69772.0, 413.47, 413.39, -9999.0, 1928.8, 192.3, 195.6, 0.815, 0.815
69773.0, -9999.00, 413.46, 1930.6, 1930.6, -9999.0, 202.9, -9999.000, 0.815
69774.0, -9999.00, 413.43, -9999.0, 1929.7, 209.3, 207.3, -9999.000, 0.814
69775.0, 413.41, 413.37, 1928.5, 1928.8, -9999.0, 190.4, 0.814, 0.814
69776.0, -9999.00, 413.19, -9999.0, 1927.3, 170.3, 173.5, -9999.000, 0.815
69777.0, 413.00, 413.02, -9999.0, 1925.5, -9999.0, 166.4, 0.816, 0.815
69778.0, -9999.00, 413.17, 1924.5, 1925.6, 159.4, 161.7, -9999.000, 0.815
69779.0, 413.44, 413.37, -9999.0, 1928.5, -9999.0, 161.1, 0.815, 0.815
69780.0, -9999.00, 413.28, 1931.0, 1930.8, -9999.0, 164.4, -9999.000, 0.813
69781.0, -9999.00, 413.02, -9999.0, 1929.1, 166.9, 168.5, 0.810, 0.811
69782.0, 412.85, 412.88, 1927.1, 1927.4, -9999.0, 175.6, -9999.000, 0.807
69783.0, -9999.00, 412.99, -9999.0, 1926.9, 183.2, 182.7, -9999.000, 0.800
69784.0, 413.09, 413.09, 1926.5, 1926.7, -9999.0, 169.9, 0.796, 0.796
69785.0, -9999.00, 413.09, -9999.0, 1926.6, 150.7, 155.8, -9999.000, 0.797
69786.0, 413.10, 413.10, -9999.0, 1926.7, -9999.0, 162.5, 0.799, 0.799
69787.0, -9999.00, 413.26, 1926.7, 1927.4, -9999.0, 180.9, -9999.000, 0.797
69788.0, -9999.00, 413.47, -9999.0, 1930.4, 193.3, 198.5, 0.794, 0.795
69789.0, 413.60, 413.59, 1933.7, 1933.5, -9999.0, 214.5, -9999.000, 0.793
69790.0, -9999.00, 413.56, -9999.0, 1932.2, 230.3, 229.8, -9999.000, 0.791
69791.0, 413.54, 413.51, 1929.9, 1930.6, -9999.0, 200.2, 0.790, 0.788
69792.0, -9999.00, 413.31, -9999.0, 1928.5, 162.7, 170.7, -9999.000, 0.783
69793.0, 413.07, 413.11, -9999.0, 1926.2, -9999.0, 164.0, 0.777, 0.777
69794.0, -9999.00, 413.16, 1924.6, 1925.0, -9999.0, 165.8, -9999.000, 0.778
69795.0, -9999.00, 413.28, -9999.0, 1926.5, 166.8, 175.0, 0.778, 0.778
69796.0, 413.34, 413.49, 1927.9, 1927.9, -9999.0, 194.8, -9999.000, 0.779
69797.0, -9999.00, 413.81, -9999.0, 1930.9, 212.2, 213.2, -9999.000, 0.781
69798.0, 414.06, 414.04, 1934.8, 1933.9, -9999.0, 221.6, 0.782, 0.783
69799.0, -9999.00, 413.98, -9999.0, 1935.0, 231.5, 230.0, -9999.000, 0.783
69800.0, 413.92, 413.92, -9999.0, 1935.4, -9999.0, 236.6, 0.784, 0.784
69801.0, -9999.00, 413.83, 1935.6, 1935.5, 245.7, 242.8, -9999.000, 0.784
69802.0, 413.69, 413.73, -9999.0, 1935.1, -9999.0, 243.6, 0.785, 0.785
69803.0, -9999.00, 413.76, 1934.8, 1934.7, -9999.0, 239.8, -9999.000, 0.786
69804.0, -9999.00, 413.89, -9999.0, 1933.3, 237.0, 227.3, 0.788, 0.787
69805.0, 413.96, 413.82, 1931.8, 1932.0, -9999.0, 189.1, -9999.000, 0.791
69806.0, -9999.00, 413.41, -9999.0, 1928.9, 149.2, 150.9, -9999.000, 0.795
69807.0, 413.01, 413.02, 1924.0, 1925.6, -9999.0, 150.8, 0.799, 0.799
69808.0, -9999.00, 413.34, -9999.0, 1926.9, 153.0, 152.4, -9999.000, 0.801
69809.0, 413.74, 413.65, -9999.0, 1932.4, -9999.0, 184.3, 0.803, 0.803
69810.0, -9999.00, 413.89, 1936.6, 1936.6, -9999.0, 232.6, -9999.000, 0.802
69811.0, -9999.00, 414.09, -9999.0, 1936.4, 264.5, 260.6, 0.801, 0.801
69812.0, 414.20, 414.19, 1936.2, 1936.2, -9999.0, 249.3, -9999.000, 0.802
69813.0, -9999.00, 414.16, -9999.0, 1935.6, 238.2, 238.1, -9999.000, 0.805
69814.0, 414.13, 414.12, 1934.8, 1935.1, -9999.0, 232.7, 0.806, 0.806
69815.0, -9999.00, 413.99, -9999.0, 1933.4, 225.8, 227.4, -9999.000, 0.807
69816.0, 413.84, 413.87, -9999.0, 1931.1, -9999.0, 218.6, 0.808, 0.808
69817.0, -9999.00, 413.80, 1929.4, 1929.4, -9999.0, 208.2, -9999.000, 0.810
69818.0, -9999.00, 413.74, -9999.0, 1929.6, 201.6, 201.8, 0.811, 0.811
69819.0, 413.71, 413.70, 1929.9, 1929.9, -9999.0, 202.5, -9999.000, 0.811
69820.0, -9999.00, 413.69, -9999.0, 1929.0, 203.1, 202.3, -9999.000, 0.811
69821.0, 413.67, 413.66, 1927.8, 1928.1, -9999.0, 190.2, 0.812, 0.812
69822.0, -9999.00, 413.59, -9999.0, 1928.2, 175.2, 178.2, -9999.000, 0.814
69823.0, 413.51, 413.52, -9999.0, 1928.8, -9999.0, 180.8, 0.816, 0.816
69824.0, -9999.00, 413.59, 1929.1, 1929.2, -9999.0, 188.1, -9999.000, 0.816
69825.0, 413.72, 413.68, -9999.0, 1929.2, 192.0, 195.2, 0.816, 0.816
69826.0, -9999.00, 413.75, 1929.3, 1929.3, -9999.0, 202.1, -9999.000, 0.815
69827.0, -9999.00, 413.82, -9999.0, 1929.7, 208.0, 208.2, -9999.000, 0.814
69828.0, 413.88, 413.88, 1930.3, 1930.2, -9999.0, 209.4, 0.814, 0.814
69829.0, -9999.00, 413.89, -9999.0, 1931.3, 210.8, 210.6, -9999.000, 0.815
69830.0, 413.90, 413.90, -9999.0, 1932.6, -9999.0, 223.6, 0.816, 0.815
69831.0, -9999.00, 414.09, 1933.3, 1933.4, 245.2, 238.6, -9999.000, 0.815
69832.0, 414.36, 414.29, -9999.0, 1933.7, -9999.0, 244.4, 0.814, 0.814
69833.0, -9999.00, 414.37, 1934.0, 1934.2, -9999.0, 243.1, -9999.000, 0.814
69834.0, -9999.00, 414.38, -9999.0, 1935.5, 242.2, 247.1, 0.813, 0.813
69835.0, 414.39, 414.42, 1937.0, 1936.8, -9999.0, 265.3, -9999.000, 0.813
69836.0, -9999.00, 414.49, -9999.0, 1936.5, 284.4, 283.5, -9999.000, 0.813
69837.0, 414.55, 414.56, 1935.7, 1935.9, -9999.0, 287.4, 0.813, 0.813
69838.0, -9999.00, 414.62, -9999.0, 1936.4, 291.6, 290.6, -9999.000, 0.812
69839.0, 414.71, 414.69, -9999.0, 1937.6, -9999.0, 292.1, 0.812, 0.812
69840.0, -9999.00, 414.49, 1938.6, 1937.7, -9999.0, 292.8, -9999.000, 0.811
69841.0, -9999.00, 414.21, -9999.0, 1934.2, 293.2, 268.1, 0.809, 0.810
69842.0, 414.05, 413.79, 1930.6, 1930.7, -9999.0, 198.9, -9999.000, 0.811
69843.0, -9999.00, 413.20, -9999.0, 1926.4, 135.2, 134.4, -9999.000, 0.815
69844.0, 412.73, 412.75, 1920.7, 1922.1, -9999.0, 125.0, 0.817, 0.817
69845.0, -9999.00, 412.87, -9999.0, 1921.6, 113.6, 115.5, -9999.000, 0.817
69846.0, 413.00, 412.98, -9999.0, 1922.9, -9999.0, 114.3, 0.818, 0.818
69847.0, -9999.00, 412.93, 1923.7, 1923.3, 115.5, 115.1, -9999.000, 0.818
69848.0, 412.83, 412.86, -9999.0, 1922.3, -9999.0, 115.5, 0.818, 0.818
