data/rawdat/flt20220906/NOAAPicarro-CO2-CH4-CO-H2O_N57_20220906_R0.ict
42, 1001
Jeff Peischl
NOAA ESRL Chemical Sciences Laboratory
Picarro 2401-m CO2/CH4/CO/H2O Analyzer
CalFiDE
1, 1
2022, 09, 06, 2023, 02, 15
1
TO_Time_UTC, seconds, UTC, seconds_past_midnight
8
1, 1, 1, 1, 1, 1, 1, 1
-9999, -9999, -9999, -9999, -9999, -9999, -9999, -9999
CO2_ppm, ppm, Gas_CO2_InSitu_S_DMF
CO2_i_ppm, ppm, Gas_CO2_InSitu_S_DMF
CH4_ppb, ppb, Gas_CH4_InSitu_S_DMF
CH4_i_ppb, ppb, Gas_CH4_InSitu_S_DMF
CO_ppb, ppb, Gas_CO_InSitu_S_DMF
CO_i_ppb, ppb, Gas_CO_InSitu_S_DMF
H2O_pct, percent, Gas_H2O_InSitu_S_DMF
H2O_i_pct, percent, Gas_H2O_InSitu_S_DMF
1
SPECIAL COMMENTS: N/A
19
PI_CONTACT_INFO: Address: NOAA Chemical Sciences Laboratory, Mail Stop R/CSL7, 325 Broadway, Boulder, CO  80305, email: jeff.peischl@noaa.gov
PLATFORM: NOAA Twin Otter N57RF
LOCATION: The aircraft was stationed in Sacramento, CA, and Redding, CA
ASSOCIATED_DATA: N/A
INSTRUMENT_INFO: Wavelength-Scanned Cavity Ringdown Spectrometry
DATA_INFO: Units: ppm: parts per million dry air mole fraction; ppb: parts per billion dry air mole fraction; pct: percent by volume 
UNCERTAINTY: CO2: ±(0.4 ppm + 1%), CH4: ±(0.4 ppb + 1%), CO: ±(6 ppb + 1%), H2O: ±(0.1 pct + 1%).
ULOD_FLAG: -7777
ULOD_VALUE: N/A
LLOD_FLAG: -8888
LLOD_VALUE: N/A
DM_CONTACT_INFO: Data Manager: Ken Aikin, kenneth.c.aikin@noaa.gov
PROJECT_INFO: CalFiDE dates of study: August 28 - September 26, 2022
STIPULATIONS_ON_USE: According to the NOAA data protocol. Users are should contact the PI for proper data usage.
OTHER_COMMENTS: Data are measured at irregular intervals. Data without _i_ in the header are rounded to the nearest second. Data with _i_ are interpolated onto each second.
REVISION: R0
R0: final data
RA: preliminary data
TO_Time_UTC, CO2_ppm, CO2_i_ppm, CH4_ppb, CH4_i_ppb, CO_ppb, CO_i_ppb, H2O_pct, H2O_i_pct
[from data line 1996]
58036.0, 413.85, 413.85, -9999.0, 1924.2, -9999.0, 90.3, 0.572, 0.572
58037.0, -9999.00, 413.84, 1924.1, 1924.1, -9999.0, 91.4, -9999.000, 0.573
58038.0, 413.81, 413.82, -9999.0, 1924.2, 91.9, 91.2, 0.573, 0.573
58039.0, -9999.00, 413.82, 1924.2, 1924.2, -9999.0, 89.7, -9999.000, 0.574
58040.0, -9999.00, 413.83, -9999.0, 1924.2, 88.4, 88.8, -9999.000, 0.574
58041.0, 413.84, 413.84, 1924.1, 1924.1, -9999.0, 91.9, 0.575, 0.575
58042.0, -9999.00, 413.83, -9999.0, 1924.2, 95.5, 95.0, -9999.000, 0.576
58043.0, 413.82, 413.82, -9999.0, 1924.2, -9999.0, 93.5, 0.576, 0.576
58044.0, -9999.00, 413.82, 1924.2, 1924.2, 90.1, 91.1, -9999.000, 0.576
58045.0, 413.81, 413.81, -9999.0, 1924.1, -9999.0, 89.5, 0.576, 0.576
58046.0, -9999.00, 413.81, 1924.0, 1924.0, -9999.0, 88.4, -9999.000, 0.576
58047.0, -9999.00, 413.80, -9999.0, 1924.0, 87.5, 87.5, 0.576, 0.576
58048.0, 413.79, 413.79, 1924.1, 1924.1, -9999.0, 87.2, -9999.000, 0.577
58049.0, -9999.00, 413.77, -9999.0, 1924.0, 87.0, 87.0, -9999.000, 0.577
58050.0, 413.76, 413.76, -9999.0, 1923.9, -9999.0, 88.6, 0.578, 0.578
58051.0, -9999.00, 413.79, 1923.9, 1923.9, 91.0, 90.3, -9999.000, 0.578
58052.0, 413.84, 413.82, -9999.0, 1924.0, -9999.0, 90.3, 0.579, 0.579
58053.0, -9999.00, 413.84, 1924.0, 1924.0, -9999.0, 89.1, -9999.000, 0.577
58054.0, -9999.00, 413.84, -9999.0, 1924.3, 88.1, 88.0, 0.574, 0.575
58055.0, 413.84, 413.84, 1924.5, 1924.5, -9999.0, 87.3, -9999.000, 0.570
58056.0, -9999.00, 413.87, -9999.0, 1924.8, 86.6, 86.7, -9999.000, 0.563
58057.0, 413.89, 413.89, -9999.0, 1925.1, -9999.0, 85.3, 0.558, 0.556
58058.0, -9999.00, 413.90, 1925.2, 1925.3, 83.3, 83.9, -9999.000, 0.548
58059.0, 413.91, 413.91, -9999.0, 1925.6, -9999.0, 83.5, 0.540, 0.541
58060.0, -9999.00, 413.92, 1925.9, 1925.9, -9999.0, 83.7, -9999.000, 0.537
58061.0, -9999.00, 413.93, -9999.0, 1925.8, 83.9, 83.6, 0.532, 0.533
58062.0, 413.94, 413.93, 1925.8, 1925.8, -9999.0, 82.2, -9999.000, 0.532
58063.0, -9999.00, 413.93, -9999.0, 1925.8, 80.8, 80.9, -9999.000, 0.531
58064.0, 413.93, 413.93, 1925.7, 1925.7, -9999.0, 80.8, 0.531, 0.531
58065.0, -9999.00, 413.98, -9999.0, 1925.8, 80.7, 80.7, -9999.000, 0.529
58066.0, 414.05, 414.04, -9999.0, 1925.8, -9999.0, 83.3, 0.528, 0.528
58067.0, -9999.00, 414.02, 1925.9, 1925.9, -9999.0, 87.3, -9999.000, 0.527
58068.0, -9999.00, 413.98, -9999.0, 1926.0, 90.0, 90.5, 0.527, 0.527
58069.0, 413.95, 413.94, 1926.1, 1926.1, -9999.0, 92.2, -9999.000, 0.525
58070.0, -9999.00, 413.93, -9999.0, 1926.2, 93.8, 93.7, -9999.000, 0.523
58071.0, 413.92, 413.91, 1926.3, 1926.3, -9999.0, 91.7, 0.521, 0.520
58072.0, -9999.00, 413.84, -9999.0, 1926.4, 89.1, 89.7, -9999.000, 0.519
58073.0, 413.76, 413.78, -9999.0, 1926.6, -9999.0, 89.0, 0.517, 0.517
58074.0, -9999.00, 413.73, 1926.7, 1926.7, -9999.0, 88.8, -9999.000, 0.517
58075.0, -9999.00, 413.70, -9999.0, 1926.7, 88.7, 88.9, 0.516, 0.516
58076.0, 413.68, 413.68, 1926.7, 1926.7, -9999.0, 89.5, -9999.000, 0.516
58077.0, -9999.00, 413.68, -9999.0, 1926.8, 90.1, 90.2, -9999.000, 0.515
58078.0, 413.67, 413.68, 1926.9, 1926.9, -9999.0, 91.4, 0.515, 0.514
58079.0, -9999.00, 413.69, -9999.0, 1926.9, 93.1, 92.7, -9999.000, 0.514
58080.0, 413.71, 413.71, -9999.0, 1926.9, -9999.0, 92.8, 0.513, 0.513
58081.0, -9999.00, 413.69, 1926.9, 1926.9, -9999.0, 92.5, -9999.000, 0.513
58082.0, -9999.00, 413.67, -9999.0, 1926.9, 92.2, 91.2, 0.513, 0.513
58083.0, 413.66, 413.67, 1926.8, 1926.8, -9999.0, 88.5, -9999.000, 0.513
58084.0, -9999.00, 413.67, -9999.0, 1927.0, 86.1, 86.2, -9999.000, 0.512
58085.0, 413.68, 413.68, 1927.2, 1927.1, -9999.0, 87.4, 0.511, 0.511
58086.0, -9999.00, 413.68, -9999.0, 1927.1, 88.9, 88.6, -9999.000, 0.510
58087.0, 413.68, 413.68, -9999.0, 1927.1, -9999.0, 88.6, 0.509, 0.509
58088.0, -9999.00, 413.68, 1927.1, 1927.1, -9999.0, 88.3, -9999.000, 0.509
58089.0, 413.69, 413.69, -9999.0, 1927.1, 88.1, 87.1, 0.508, 0.508
58090.0, -9999.00, 413.70, 1927.1, 1927.1, -9999.0, 84.9, -9999.000, 0.507
58091.0, -9999.00, 413.72, -9999.0, 1927.1, 83.1, 83.6, 0.506, 0.506
58092.0, 413.74, 413.73, 1927.2, 1927.2, -9999.0, 86.5, -9999.000, 0.505
58093.0, -9999.00, 413.72, -9999.0, 1927.1, 89.8, 89.4, -9999.000, 0.503
58094.0, 413.71, 413.71, -9999.0, 1927.0, -9999.0, 90.9, 0.502, 0.502
58095.0, -9999.00, 413.73, 1927.0, 1927.1, 92.9, 92.3, -9999.000, 0.501
58096.0, 413.76, 413.75, -9999.0, 1927.2, -9999.0, 92.1, 0.500, 0.500
58097.0, -9999.00, 413.76, 1927.4, 1927.4, -9999.0, 90.3, -9999.000, 0.500
58098.0, -9999.00, 413.74, -9999.0, 1927.5, 88.9, 88.8, 0.499, 0.499
58099.0, 413.73, 413.73, 1927.8, 1927.7, -9999.0, 88.2, -9999.000, 0.499
58100.0, -9999.00, 413.73, -9999.0, 1927.7, 87.6, 87.6, -9999.000, 0.498
58101.0, 413.73, 413.73, -9999.0, 1927.6, -9999.0, 88.8, 0.497, 0.497
58102.0, -9999.00, 413.73, 1927.5, 1927.5, 90.8, 90.2, -9999.000, 0.498
58103.0, 413.73, 413.73, -9999.0, 1927.5, -9999.0, 91.1, 0.498, 0.498
58104.0, -9999.00, 413.73, 1927.5, 1927.5, -9999.0, 91.5, -9999.000, 0.497
58105.0, -9999.00, 413.74, -9999.0, 1927.6, 91.8, 91.6, 0.495, 0.496
58106.0, 413.74, 413.74, 1927.6, 1927.6, -9999.0, 91.0, -9999.000, 0.496
58107.0, -9999.00, 413.72, -9999.0, 1927.5, 90.4, 90.4, -9999.000, 0.496
58108.0, 413.70, 413.70, 1927.3, 1927.3, -9999.0, 91.6, 0.496, 0.496
58109.0, -9999.00, 413.71, -9999.0, 1927.3, 93.4, 92.9, -9999.000, 0.496
58110.0, 413.72, 413.72, -9999.0, 1927.4, -9999.0, 92.2, 0.496, 0.496
58111.0, -9999.00, 413.71, 1927.5, 1927.5, -9999.0, 90.4, -9999.000, 0.495
58112.0, -9999.00, 413.71, -9999.0, 1927.5, 89.1, 89.3, 0.495, 0.495
58113.0, 413.70, 413.70, 1927.5, 1927.5, -9999.0, 89.8, -9999.000, 0.495
58114.0, -9999.00, 413.69, -9999.0, 1927.4, 90.4, 90.4, -9999.000, 0.494
58115.0, 413.68, 413.68, 1927.3, 1927.3, -9999.0, 87.2, 0.494, 0.494
58116.0, -9999.00, 413.69, -9999.0, 1927.3, 82.9, 83.9, -9999.000, 0.495
58117.0, 413.70, 413.70, -9999.0, 1927.3, -9999.0, 84.7, 0.496, 0.496
58118.0, -9999.00, 413.70, 1927.3, 1927.3, -9999.0, 87.5, -9999.000, 0.496
58119.0, -9999.00, 413.70, -9999.0, 1927.3, 89.3, 89.6, 0.497, 0.497
58120.0, 413.70, 413.71, 1927.3, 1927.3, -9999.0, 90.6, -9999.000, 0.497
58121.0, -9999.00, 413.72, -9999.0, 1927.3, 91.5, 91.4, -9999.000, 0.497
58122.0, 413.73, 413.73, 1927.3, 1927.3, -9999.0, 89.9, 0.497, 0.497
58123.0, -9999.00, 413.73, -9999.0, 1927.4, 87.9, 88.3, -9999.000, 0.496
58124.0, 413.73, 413.73, -9999.0, 1927.5, -9999.0, 86.9, 0.495, 0.495
58125.0, -9999.00, 413.73, 1927.6, 1927.6, -9999.0, 85.4, -9999.000, 0.495
58126.0, 413.71, 413.72, -9999.0, 1927.7, 84.7, 85.3, 0.495, 0.495
58127.0, -9999.00, 413.71, 1927.7, 1927.7, -9999.0, 86.6, -9999.000, 0.495
58128.0, -9999.00, 413.70, -9999.0, 1927.7, 87.7, 87.7, -9999.000, 0.493
58129.0, 413.70, 413.70, 1927.7, 1927.7, -9999.0, 88.3, 0.493, 0.492
58130.0, -9999.00, 413.71, -9999.0, 1927.8, 88.9, 88.8, -9999.000, 0.491
58131.0, 413.72, 413.72, -9999.0, 1927.8, -9999.0, 87.8, 0.490, 0.490
58132.0, -9999.00, 413.72, 1927.8, 1927.8, 85.8, 86.5, -9999.000, 0.489
58133.0, 413.72, 413.72, -9999.0, 1927.8, -9999.0, 86.1, 0.489, 0.489
58134.0, -9999.00, 413.72, 1927.7, 1927.7, -9999.0, 86.5, -9999.000, 0.489
58135.0, -9999.00, 413.72, -9999.0, 1927.7, 86.9, 87.0, -9999.000, 0.490
58136.0, 413.73, 413.73, 1927.7, 1927.7, -9999.0, 87.9, 0.491, 0.491
58137.0, -9999.00, 413.72, -9999.0, 1927.8, 88.8, 88.7, -9999.000, 0.492
58138.0, 413.72, 413.72, -9999.0, 1927.8, -9999.0, 86.7, 0.492, 0.492
58139.0, -9999.00, 413.74, 1927.8, 1927.8, -9999.0, 84.3, -9999.000, 0.491
58140.0, 413.76, 413.75, -9999.0, 1927.7, 83.0, 84.4, 0.490, 0.490
58141.0, -9999.00, 413.75, 1927.7, 1927.7, -9999.0, 87.3, -9999.000, 0.491
58142.0, -9999.00, 413.75, -9999.0, 1927.7, 89.6, 89.1, 0.493, 0.492
58143.0, 413.74, 413.74, 1927.8, 1927.8, -9999.0, 86.3, -9999.000, 0.492
58144.0, -9999.00, 413.74, -9999.0, 1927.8, 83.1, 83.5, -9999.000, 0.491
58145.0, 413.75, 413.75, -9999.0, 1927.8, -9999.0, 86.3, 0.491, 0.490
58146.0, -9999.00, 413.73, 1927.8, 1927.9, 91.8, 90.1, -9999.000, 0.490
58147.0, 413.72, 413.72, -9999.0, 1927.9, -9999.0, 91.1, 0.489, 0.489
58148.0, -9999.00, 413.72, 1928.0, 1928.0, -9999.0, 89.9, -9999.000, 0.489
58149.0, -9999.00, 413.71, -9999.0, 1928.1, 88.9, 88.2, 0.489, 0.489
58150.0, 413.71, 413.71, 1928.2, 1928.2, -9999.0, 84.9, -9999.000, 0.489
58151.0, -9999.00, 413.71, -9999.0, 1928.2, 81.4, 81.7, -9999.000, 0.489
58152.0, 413.70, 413.70, -9999.0, 1928.1, -9999.0, 85.7, 0.490, 0.490
58153.0, -9999.00, 413.70, 1928.1, 1928.1, 92.6, 90.6, -9999.000, 0.491
58154.0, 413.70, 413.70, -9999.0, 1928.1, -9999.0, 91.5, 0.491, 0.491
58155.0, -9999.00, 413.72, 1928.1, 1928.1, -9999.0, 89.5, -9999.000, 0.491
58156.0, -9999.00, 413.75, -9999.0, 1928.0, 88.1, 88.1, 0.491, 0.491
58157.0, 413.77, 413.78, 1927.9, 1927.9, -9999.0, 88.1, -9999.000, 0.491
58158.0, -9999.00, 413.82, -9999.0, 1927.9, 88.1, 88.1, -9999.000, 0.492
58159.0, 413.86, 413.86, 1928.0, 1928.0, -9999.0, 87.3, 0.492, 0.492
58160.0, -9999.00, 413.88, -9999.0, 1928.0, 86.1, 86.4, -9999.000, 0.492
58161.0, 413.91, 413.90, -9999.0, 1928.0, -9999.0, 87.9, 0.493, 0.493
58162.0, -9999.00, 413.93, 1928.1, 1928.1, -9999.0, 90.7, -9999.000, 0.493
58163.0, -9999.00, 413.97, -9999.0, 1928.0, 92.7, 92.1, 0.493, 0.493
58164.0, 414.00, 414.01, 1928.0, 1928.0, -9999.0, 90.4, -9999.000, 0.493
58165.0, -9999.00, 414.06, -9999.0, 1927.9, 88.6, 88.7, -9999.000, 0.493
58166.0, 414.11, 414.11, 1927.7, 1927.7, -9999.0, 87.8, 0.493, 0.493
58167.0, -9999.00, 414.10, -9999.0, 1927.7, 86.7, 87.0, -9999.000, 0.493
58168.0, 414.09, 414.09, -9999.0, 1927.8, -9999.0, 87.4, 0.492, 0.492
58169.0, -9999.00, 414.07, 1927.9, 1927.9, -9999.0, 88.5, -9999.000, 0.493
58170.0, -9999.00, 414.04, -9999.0, 1927.9, 89.2, 89.4, 0.494, 0.493
58171.0, 414.02, 414.01, 1928.0, 1927.9, -9999.0, 90.0, -9999.000, 0.494
58172.0, -9999.00, 413.99, -9999.0, 1928.0, 90.6, 90.6, -9999.000, 0.493
58173.0, 413.96, 413.96, 1928.0, 1928.0, -9999.0, 89.8, 0.493, 0.493
58174.0, -9999.00, 413.97, -9999.0, 1928.0, 88.7, 88.9, -9999.000, 0.493
58175.0, 413.97, 413.97, -9999.0, 1928.1, -9999.0, 88.8, 0.493, 0.493
58176.0, -9999.00, 413.96, 1928.1, 1928.1, -9999.0, 88.9, -9999.000, 0.493
58177.0, -9999.00, 413.95, -9999.0, 1928.1, 89.0, 88.4, 0.493, 0.493
58178.0, 413.94, 413.95, 1928.2, 1928.2, -9999.0, 86.7, -9999.000, 0.493
58179.0, -9999.00, 413.95, -9999.0, 1928.1, 85.2, 85.3, -9999.000, 0.493
58180.0, 413.95, 413.95, 1927.9, 1928.0, -9999.0, 86.8, 0.492, 0.492
58181.0, -9999.00, 413.95, -9999.0, 1927.9, 88.7, 88.4, -9999.000, 0.491
58182.0, 413.94, 413.94, -9999.0, 1928.0, -9999.0, 89.5, 0.491, 0.491
58183.0, -9999.00, 413.91, 1928.0, 1928.0, -9999.0, 90.4, -9999.000, 0.490
58184.0, 413.86, 413.88, -9999.0, 1927.9, 90.9, 89.9, 0.490, 0.490
58185.0, -9999.00, 413.86, 1927.9, 1927.9, -9999.0, 87.6, -9999.000, 0.491
58186.0, -9999.00, 413.86, -9999.0, 1927.8, 85.6, 85.6, -9999.000, 0.492
58187.0, 413.85, 413.85, 1927.7, 1927.7, -9999.0, 85.9, 0.492, 0.493
58188.0, -9999.00, 413.85, -9999.0, 1927.7, 86.3, 86.3, -9999.000, 0.494
58189.0, 413.84, 413.84, -9999.0, 1927.7, -9999.0, 85.7, 0.495, 0.494
58190.0, -9999.00, 413.83, 1927.7, 1927.7, 84.6, 84.9, -9999.000, 0.494
58191.0, 413.81, 413.82, -9999.0, 1927.6, -9999.0, 85.4, 0.492, 0.493
58192.0, -9999.00, 413.81, 1927.6, 1927.6, -9999.0, 87.1, -9999.000, 0.493
58193.0, -9999.00, 413.79, -9999.0, 1927.5, 88.5, 88.7, 0.494, 0.493
58194.0, 413.78, 413.78, 1927.4, 1927.4, -9999.0, 89.9, -9999.000, 0.494
58195.0, -9999.00, 413.78, -9999.0, 1927.4, 91.2, 91.0, -9999.000, 0.493
58196.0, 413.77, 413.77, -9999.0, 1927.4, -9999.0, 92.3, 0.493, 0.493
58197.0, -9999.00, 413.76, 1927.4, 1927.4, 94.1, 93.6, -9999.000, 0.492
58198.0, 413.75, 413.76, -9999.0, 1927.4, -9999.0, 92.0, 0.492, 0.492
58199.0, -9999.00, 413.74, 1927.3, 1927.3, -9999.0, 88.3, -9999.000, 0.492
58200.0, -9999.00, 413.73, -9999.0, 1927.3, 85.7, 86.0, 0.492, 0.492
58201.0, 413.72, 413.72, 1927.4, 1927.4, -9999.0, 87.3, -9999.000, 0.492
58202.0, -9999.00, 413.71, -9999.0, 1927.5, 88.6, 88.6, -9999.000, 0.492
58203.0, 413.70, 413.70, 1927.7, 1927.6, -9999.0, 88.0, 0.491, 0.491
58204.0, -9999.00, 413.68, -9999.0, 1927.7, 87.2, 87.4, -9999.000, 0.491
58205.0, 413.66, 413.67, -9999.0, 1927.8, -9999.0, 88.5, 0.491, 0.491
58206.0, -9999.00, 413.64, 1927.8, 1927.9, -9999.0, 90.2, -9999.000, 0.491
58207.0, -9999.00, 413.61, -9999.0, 1928.0, 91.4, 90.8, 0.492, 0.492
58208.0, 413.59, 413.60, 1928.1, 1928.1, -9999.0, 89.2, -9999.000, 0.491
58209.0, -9999.00, 413.61, -9999.0, 1928.0, 87.7, 87.7, -9999.000, 0.490
58210.0, 413.61, 413.61, 1928.0, 1928.0, -9999.0, 87.4, 0.489, 0.489
58211.0, -9999.00, 413.59, -9999.0, 1928.0, 87.0, 87.1, -9999.000, 0.489
58212.0, 413.57, 413.58, -9999.0, 1927.9, -9999.0, 85.8, 0.489, 0.489
58213.0, -9999.00, 413.58, 1927.8, 1927.8, -9999.0, 84.3, -9999.000, 0.488
58214.0, -9999.00, 413.58, -9999.0, 1927.9, 83.4, 83.8, 0.488, 0.488
58215.0, 413.58, 413.58, 1927.9, 1927.9, -9999.0, 84.7, -9999.000, 0.488
58216.0, -9999.00, 413.58, -9999.0, 1928.0, 85.6, 85.7, -9999.000, 0.488
58217.0, 413.59, 413.59, 1928.1, 1928.1, -9999.0, 86.7, 0.488, 0.488
58218.0, -9999.00, 413.60, -9999.0, 1928.1, 88.0, 87.7, -9999.000, 0.488
58219.0, 413.61, 413.61, -9999.0, 1928.0, -9999.0, 86.4, 0.488, 0.488
58220.0, -9999.00, 413.61, 1927.9, 1927.9, -9999.0, 84.3, -9999.000, 0.488
58221.0, 413.62, 413.62, -9999.0, 1927.8, 83.1, 84.2, 0.488, 0.488
58222.0, -9999.00, 413.61, 1927.8, 1927.8, -9999.0, 86.4, -9999.000, 0.488
58223.0, -9999.00, 413.59, -9999.0, 1927.9, 88.2, 88.0, 0.488, 0.488
58224.0, 413.57, 413.57, 1928.1, 1928.1, -9999.0, 87.0, -9999.000, 0.488
58225.0, -9999.00, 413.58, -9999.0, 1928.1, 85.9, 86.0, -9999.000, 0.488
58226.0, 413.58, 413.58, -9999.0, 1928.1, -9999.0, 87.0, 0.488, 0.488
58227.0, -9999.00, 413.57, 1928.1, 1928.0, 88.7, 88.2, -9999.000, 0.487
58228.0, 413.56, 413.56, -9999.0, 1927.9, -9999.0, 88.1, 0.486, 0.486
58229.0, -9999.00, 413.57, 1927.8, 1927.8, -9999.0, 87.1, -9999.000, 0.484
58230.0, -9999.00, 413.58, -9999.0, 1927.9, 86.3, 86.2, 0.481, 0.482
58231.0, 413.59, 413.59, 1927.9, 1927.9, -9999.0, 85.7, -9999.000, 0.481
58232.0, -9999.00, 413.60, -9999.0, 1928.0, 85.3, 85.3, -9999.000, 0.480
58233.0, 413.61, 413.61, 1928.2, 1928.1, -9999.0, 85.0, 0.480, 0.479
58234.0, -9999.00, 413.63, -9999.0, 1928.1, 84.7, 84.8, -9999.000, 0.479
58235.0, 413.66, 413.65, -9999.0, 1928.1, -9999.0, 83.9, 0.478, 0.478
58236.0, -9999.00, 413.66, 1928.0, 1928.0, -9999.0, 82.6, -9999.000, 0.477
58237.0, -9999.00, 413.65, -9999.0, 1928.0, 81.7, 82.1, 0.477, 0.477
58238.0, 413.64, 413.64, 1928.0, 1928.0, -9999.0, 83.7, -9999.000, 0.477
58239.0, -9999.00, 413.63, -9999.0, 1928.0, 85.3, 85.3, -9999.000, 0.477
58240.0, 413.63, 413.63, 1927.9, 1927.9, -9999.0, 85.3, 0.477, 0.477
58241.0, -9999.00, 413.65, -9999.0, 1927.9, 85.3, 85.3, -9999.000, 0.477
58242.0, 413.68, 413.67, -9999.0, 1927.8, -9999.0, 86.2, 0.477, 0.477
58243.0, -9999.00, 413.69, 1927.8, 1927.9, -9999.0, 87.7, -9999.000, 0.476
58244.0, -9999.00, 413.70, -9999.0, 1928.0, 88.7, 88.7, 0.475, 0.476
58245.0, 413.71, 413.72, 1928.2, 1928.2, -9999.0, 88.6, -9999.000, 0.476
58246.0, -9999.00, 413.73, -9999.0, 1928.2, 88.6, 88.6, -9999.000, 0.476
58247.0, 413.75, 413.75, 1928.1, 1928.1, -9999.0, 89.7, 0.477, 0.476
58248.0, -9999.00, 413.74, -9999.0, 1928.0, 91.1, 90.8, -9999.000, 0.476
58249.0, 413.74, 413.74, -9999.0, 1927.9, -9999.0, 90.3, 0.475, 0.475
58250.0, -9999.00, 413.76, 1927.9, 1927.9, -9999.0, 89.1, -9999.000, 0.476
58251.0, -9999.00, 413.77, -9999.0, 1928.0, 88.3, 87.7, 0.476, 0.476
58252.0, 413.79, 413.79, 1928.1, 1928.1, -9999.0, 86.1, -9999.000, 0.476
58253.0, -9999.00, 413.80, -9999.0, 1928.1, 84.4, 84.5, -9999.000, 0.476
58254.0, 413.81, 413.81, 1928.1, 1928.1, -9999.0, 87.2, 0.476, 0.476
58255.0, -9999.00, 413.81, -9999.0, 1928.1, 90.8, 90.0, -9999.000, 0.476
58256.0, 413.81, 413.81, -9999.0, 1928.1, -9999.0, 90.3, 0.475, 0.476
58257.0, -9999.00, 413.80, 1928.1, 1928.1, -9999.0, 89.6, -9999.000, 0.476
