data/rawdat/flt20220906/NOAAPicarro-CO2-CH4-CO-H2O_N57_20220906_R0.ict
42, 1001
Jeff Peischl
NOAA ESRL Chemical Sciences Laboratory
Picarro 2401-m CO2/CH4/CO/H2O Analyzer
CalFiDE
1, 1
2022, 09, 06, 2023, 02, 15
1
TO_Time_UTC, seconds, UTC, seconds_past_midnight
8
1, 1, 1, 1, 1, 1, 1, 1
-9999, -9999, -9999, -9999, -9999, -9999, -9999, -9999
CO2_ppm, ppm, Gas_CO2_InSitu_S_DMF
CO2_i_ppm, ppm, Gas_CO2_InSitu_S_DMF
CH4_ppb, ppb, Gas_CH4_InSitu_S_DMF
CH4_i_ppb, ppb, Gas_CH4_InSitu_S_DMF
CO_ppb, ppb, Gas_CO_InSitu_S_DMF
CO_i_ppb, ppb, Gas_CO_InSitu_S_DMF
H2O_pct, percent, Gas_H2O_InSitu_S_DMF
H2O_i_pct, percent, Gas_H2O_InSitu_S_DMF
1
SPECIAL COMMENTS: N/A
19
PI_CONTACT_INFO: Address: NOAA Chemical Sciences Laboratory, Mail Stop R/CSL7, 325 Broadway, Boulder, CO  80305, email: jeff.peischl@noaa.gov
PLATFORM: NOAA Twin Otter N57RF
LOCATION: The aircraft was stationed in Sacramento, CA, and Redding, CA
ASSOCIATED_DATA: N/A
INSTRUMENT_INFO: Wavelength-Scanned Cavity Ringdown Spectrometry
DATA_INFO: Units: ppm: parts per million dry air mole fraction; ppb: parts per billion dry air mole fraction; pct: percent by volume 
UNCERTAINTY: CO2: ±(0.4 ppm + 1%), CH4: ±(0.4 ppb + 1%), CO: ±(6 ppb + 1%), H2O: ±(0.1 pct + 1%).
ULOD_FLAG: -7777
ULOD_VALUE: N/A
LLOD_FLAG: -8888
LLOD_VALUE: N/A
DM_CONTACT_INFO: Data Manager: Ken Aikin, kenneth.c.aikin@noaa.gov
PROJECT_INFO: CalFiDE dates of study: August 28 - September 26, 2022
STIPULATIONS_ON_USE: According to the NOAA data protocol. Users are should contact the PI for proper data usage.
OTHER_COMMENTS: Data are measured at irregular intervals. Data without _i_ in the header are rounded to the nearest second. Data with _i_ are interpolated onto each second.
REVISION: R0
R0: final data
RA: preliminary data
TO_Time_UTC, CO2_ppm, CO2_i_ppm, CH4_ppb, CH4_i_ppb, CO_ppb, CO_i_ppb, H2O_pct, H2O_i_pct
[from data line 11085]
72284.0, -9999.00, 412.63, 1920.1, 1920.1, -9999.0, 96.0, -9999.000, 0.808
72285.0, -9999.00, 412.59, -9999.0, 1920.0, 97.4, 97.6, 0.808, 0.808
72286.0, 412.56, 412.56, 1920.0, 1920.0, -9999.0, 98.4, -9999.000, 0.808
72287.0, -9999.00, 412.57, -9999.0, 1919.9, 99.2, 99.2, -9999.000, 0.809
72288.0, 412.58, 412.58, 1919.6, 1919.7, -9999.0, 99.5, 0.809, 0.809
72289.0, -9999.00, 412.60, -9999.0, 1919.6, 99.8, 99.7, -9999.000, 0.808
72290.0, 412.61, 412.61, -9999.0, 1919.6, -9999.0, 100.0, 0.808, 0.808
72291.0, -9999.00, 412.63, 1919.5, 1919.7, -9999.0, 100.4, -9999.000, 0.808
72292.0, 412.66, 412.65, -9999.0, 1920.0, 100.7, 100.3, 0.808, 0.808
72293.0, -9999.00, 412.65, 1920.4, 1920.4, -9999.0, 99.4, -9999.000, 0.808
72294.0, -9999.00, 412.63, -9999.0, 1920.4, 98.6, 98.2, -9999.000, 0.808
72295.0, 412.62, 412.64, 1920.4, 1920.4, -9999.0, 96.0, 0.808, 0.808
72296.0, -9999.00, 412.71, -9999.0, 1920.5, 93.6, 93.8, -9999.000, 0.809
72297.0, 412.79, 412.79, -9999.0, 1920.6, -9999.0, 92.5, 0.809, 0.810
72298.0, -9999.00, 412.80, 1920.7, 1920.6, 90.7, 91.2, -9999.000, 0.810
72299.0, 412.82, 412.81, -9999.0, 1920.4, -9999.0, 92.5, 0.811, 0.811
72300.0, -9999.00, 412.84, 1920.3, 1920.3, -9999.0, 95.4, -9999.000, 0.811
72301.0, -9999.00, 412.88, -9999.0, 1920.3, 97.3, 97.6, 0.812, 0.812
72302.0, 412.90, 412.91, 1920.4, 1920.4, -9999.0, 98.3, -9999.000, 0.811
72303.0, -9999.00, 412.94, -9999.0, 1920.5, 99.0, 98.7, -9999.000, 0.810
72304.0, 412.97, 412.98, 1920.8, 1920.7, -9999.0, 95.0, 0.810, 0.810
72305.0, -9999.00, 413.00, -9999.0, 1920.8, 90.5, 91.2, -9999.000, 0.810
72306.0, 413.03, 413.03, -9999.0, 1920.9, -9999.0, 91.6, 0.811, 0.811
72307.0, -9999.00, 413.04, 1920.9, 1920.9, 93.7, 93.0, -9999.000, 0.810
72308.0, 413.05, 413.05, -9999.0, 1920.8, -9999.0, 94.8, 0.809, 0.810
72309.0, -9999.00, 413.05, 1920.8, 1920.8, -9999.0, 96.8, -9999.000, 0.810
72310.0, -9999.00, 413.04, -9999.0, 1920.6, 98.3, 98.1, 0.810, 0.810
72311.0, 413.04, 413.03, 1920.4, 1920.4, -9999.0, 97.3, -9999.000, 0.810
72312.0, -9999.00, 413.02, -9999.0, 1920.3, 96.5, 96.5, -9999.000, 0.809
72313.0, 413.00, 413.01, -9999.0, 1920.1, -9999.0, 98.7, 0.809, 0.809
72314.0, -9999.00, 413.03, 1920.0, 1920.2, 101.6, 100.8, -9999.000, 0.808
72315.0, 413.07, 413.06, -9999.0, 1920.4, -9999.0, 98.6, 0.807, 0.807
72316.0, -9999.00, 413.05, 1920.6, 1920.6, -9999.0, 94.0, -9999.000, 0.807
72317.0, -9999.00, 413.04, -9999.0, 1920.6, 91.2, 92.2, 0.806, 0.807
72318.0, 413.03, 413.01, 1920.7, 1920.7, -9999.0, 94.8, -9999.000, 0.807
72319.0, -9999.00, 412.98, -9999.0, 1920.4, 97.1, 97.1, -9999.000, 0.807
72320.0, 412.95, 412.95, 1920.1, 1920.1, -9999.0, 97.7, 0.807, 0.807
72321.0, -9999.00, 412.91, -9999.0, 1920.1, 98.4, 98.3, -9999.000, 0.806
72322.0, 412.88, 412.88, -9999.0, 1920.1, -9999.0, 99.1, 0.806, 0.806
72323.0, -9999.00, 412.90, 1920.1, 1920.2, 100.2, 99.9, -9999.000, 0.807
72324.0, 412.92, 412.92, -9999.0, 1920.3, -9999.0, 98.8, 0.808, 0.808
72325.0, -9999.00, 412.93, 1920.4, 1920.4, -9999.0, 96.4, -9999.000, 0.808
72326.0, -9999.00, 412.93, -9999.0, 1920.4, 94.9, 94.9, 0.808, 0.808
72327.0, 412.94, 412.94, 1920.5, 1920.5, -9999.0, 95.1, -9999.000, 0.807
72328.0, -9999.00, 412.96, -9999.0, 1920.5, 95.2, 95.2, -9999.000, 0.807
72329.0, 412.98, 412.98, 1920.6, 1920.6, -9999.0, 96.2, 0.807, 0.807
72330.0, -9999.00, 413.00, -9999.0, 1920.7, 97.3, 97.1, -9999.000, 0.808
72331.0, 413.03, 413.02, -9999.0, 1920.8, -9999.0, 97.0, 0.809, 0.809
72332.0, -9999.00, 413.03, 1920.9, 1920.8, -9999.0, 96.6, -9999.000, 0.810
72333.0, 413.04, 413.04, -9999.0, 1920.7, 96.4, 97.0, 0.811, 0.811
72334.0, -9999.00, 413.04, 1920.6, 1920.7, -9999.0, 98.2, -9999.000, 0.811
72335.0, -9999.00, 413.04, -9999.0, 1921.0, 99.1, 99.1, 0.811, 0.811
72336.0, 413.04, 413.02, 1921.4, 1921.3, -9999.0, 98.7, -9999.000, 0.811
72337.0, -9999.00, 412.99, -9999.0, 1921.1, 98.2, 98.3, -9999.000, 0.811
72338.0, 412.95, 412.95, 1920.6, 1920.8, -9999.0, 97.3, 0.811, 0.810
72339.0, -9999.00, 412.91, -9999.0, 1920.7, 96.0, 96.4, -9999.000, 0.810
72340.0, 412.86, 412.87, -9999.0, 1920.7, -9999.0, 96.7, 0.810, 0.810
72341.0, -9999.00, 412.88, 1920.7, 1920.7, -9999.0, 97.6, -9999.000, 0.810
72342.0, 412.92, 412.90, -9999.0, 1920.6, 98.1, 97.7, 0.810, 0.810
72343.0, -9999.00, 412.90, 1920.6, 1920.6, -9999.0, 96.7, -9999.000, 0.811
72344.0, -9999.00, 412.86, -9999.0, 1920.5, 95.8, 95.8, -9999.000, 0.811
72345.0, 412.83, 412.84, 1920.4, 1920.4, -9999.0, 95.5, 0.811, 0.812
72346.0, -9999.00, 412.86, -9999.0, 1920.5, 95.3, 95.3, -9999.000, 0.812
72347.0, 412.89, 412.89, -9999.0, 1920.6, -9999.0, 97.6, 0.812, 0.812
72348.0, -9999.00, 412.88, 1920.7, 1920.8, 101.4, 100.3, -9999.000, 0.813
72349.0, 412.87, 412.87, -9999.0, 1920.9, -9999.0, 100.2, 0.813, 0.813
72350.0, -9999.00, 412.81, 1921.1, 1921.1, -9999.0, 98.3, -9999.000, 0.812
72351.0, -9999.00, 412.73, -9999.0, 1920.9, 96.9, 97.5, 0.811, 0.811
72352.0, 412.68, 412.69, 1920.8, 1920.8, -9999.0, 99.4, -9999.000, 0.811
72353.0, -9999.00, 412.72, -9999.0, 1920.6, 101.2, 101.2, -9999.000, 0.810
72354.0, 412.75, 412.75, 1920.4, 1920.5, -9999.0, 103.3, 0.810, 0.810
72355.0, -9999.00, 412.75, -9999.0, 1920.5, 106.1, 105.5, -9999.000, 0.808
72356.0, 412.74, 412.75, -9999.0, 1920.7, -9999.0, 105.4, 0.807, 0.807
72357.0, -9999.00, 412.73, 1920.7, 1920.7, -9999.0, 104.5, -9999.000, 0.808
72358.0, -9999.00, 412.71, -9999.0, 1920.7, 104.0, 102.6, 0.810, 0.810
72359.0, 412.70, 412.70, 1920.6, 1920.6, -9999.0, 99.2, -9999.000, 0.810
72360.0, -9999.00, 412.70, -9999.0, 1920.6, 96.2, 96.4, -9999.000, 0.809
72361.0, 412.69, 412.69, 1920.6, 1920.6, -9999.0, 98.1, 0.809, 0.809
72362.0, -9999.00, 412.70, -9999.0, 1920.6, 100.1, 99.7, -9999.000, 0.809
72363.0, 412.71, 412.71, -9999.0, 1920.6, -9999.0, 98.2, 0.809, 0.809
72364.0, -9999.00, 412.73, 1920.6, 1920.6, 94.7, 95.9, -9999.000, 0.810
72365.0, 412.76, 412.75, -9999.0, 1920.4, -9999.0, 97.1, 0.810, 0.810
72366.0, -9999.00, 412.79, 1920.2, 1920.2, -9999.0, 101.7, -9999.000, 0.808
72367.0, -9999.00, 412.83, -9999.0, 1920.5, 105.4, 105.7, 0.804, 0.805
72368.0, 412.86, 412.88, 1920.9, 1920.8, -9999.0, 107.2, -9999.000, 0.803
72369.0, -9999.00, 412.92, -9999.0, 1921.2, 108.8, 108.7, -9999.000, 0.802
72370.0, 412.97, 412.97, 1921.7, 1921.5, -9999.0, 107.2, 0.801, 0.800
72371.0, -9999.00, 412.99, -9999.0, 1921.7, 105.0, 105.6, -9999.000, 0.800
72372.0, 413.00, 413.00, -9999.0, 1921.6, -9999.0, 106.8, 0.800, 0.800
72373.0, -9999.00, 413.04, 1921.5, 1921.5, -9999.0, 109.7, -9999.000, 0.800
72374.0, -9999.00, 413.09, -9999.0, 1921.5, 111.5, 112.7, 0.800, 0.800
72375.0, 413.12, 413.11, 1921.5, 1921.5, -9999.0, 115.9, -9999.000, 0.799
72376.0, -9999.00, 413.10, -9999.0, 1921.3, 118.9, 118.9, -9999.000, 0.798
72377.0, 413.09, 413.10, 1921.2, 1921.2, -9999.0, 119.2, 0.797, 0.797
72378.0, -9999.00, 413.16, -9999.0, 1921.1, 119.5, 119.4, -9999.000, 0.796
72379.0, 413.22, 413.22, -9999.0, 1921.0, -9999.0, 119.3, 0.795, 0.795
72380.0, -9999.00, 413.29, 1920.9, 1921.0, 119.1, 119.2, -9999.000, 0.795
72381.0, 413.38, 413.36, -9999.0, 1921.2, -9999.0, 119.6, 0.795, 0.795
72382.0, -9999.00, 413.32, 1921.3, 1921.4, -9999.0, 120.4, -9999.000, 0.795
72383.0, -9999.00, 413.22, -9999.0, 1921.6, 120.9, 120.0, 0.794, 0.794
72384.0, 413.16, 413.14, 1921.9, 1921.8, -9999.0, 116.9, -9999.000, 0.794
72385.0, -9999.00, 413.10, -9999.0, 1921.6, 113.8, 113.9, -9999.000, 0.793
72386.0, 413.07, 413.08, 1921.2, 1921.3, -9999.0, 116.9, 0.793, 0.793
72387.0, -9999.00, 413.18, -9999.0, 1921.4, 120.9, 120.0, -9999.000, 0.793
72388.0, 413.30, 413.28, -9999.0, 1921.7, -9999.0, 121.7, 0.793, 0.792
72389.0, -9999.00, 413.29, 1921.9, 1921.9, -9999.0, 122.9, -9999.000, 0.792
72390.0, 413.28, 413.28, -9999.0, 1921.8, 123.5, 120.9, 0.791, 0.791
72391.0, -9999.00, 413.26, 1921.7, 1921.7, -9999.0, 115.3, -9999.000, 0.791
72392.0, -9999.00, 413.22, -9999.0, 1921.6, 110.6, 111.6, -9999.000, 0.792
72393.0, 413.19, 413.21, 1921.4, 1921.5, -9999.0, 118.4, 0.792, 0.792
72394.0, -9999.00, 413.27, -9999.0, 1921.5, 126.1, 125.2, -9999.000, 0.791
72395.0, 413.34, 413.33, -9999.0, 1921.5, -9999.0, 127.2, 0.790, 0.790
72396.0, -9999.00, 413.36, 1921.6, 1921.7, 129.0, 128.5, -9999.000, 0.790
72397.0, 413.40, 413.39, -9999.0, 1921.8, -9999.0, 126.7, 0.790, 0.790
72398.0, -9999.00, 413.41, 1921.9, 1922.0, -9999.0, 123.1, -9999.000, 0.790
72399.0, -9999.00, 413.42, -9999.0, 1922.1, 120.7, 122.4, 0.791, 0.791
72400.0, 413.43, 413.44, 1922.2, 1922.1, -9999.0, 127.6, -9999.000, 0.790
72401.0, -9999.00, 413.46, -9999.0, 1922.3, 132.4, 132.0, -9999.000, 0.790
72402.0, 413.47, 413.46, 1922.6, 1922.5, -9999.0, 125.8, 0.790, 0.791
72403.0, -9999.00, 413.36, -9999.0, 1922.5, 118.1, 119.5, -9999.000, 0.793
72404.0, 413.25, 413.26, -9999.0, 1922.3, -9999.0, 119.0, 0.795, 0.795
72405.0, -9999.00, 413.31, 1922.1, 1922.1, -9999.0, 120.0, -9999.000, 0.793
72406.0, 413.43, 413.39, -9999.0, 1922.1, 120.6, 117.8, 0.792, 0.792
72407.0, -9999.00, 413.36, 1922.0, 1922.0, -9999.0, 112.1, -9999.000, 0.795
72408.0, -9999.00, 413.25, -9999.0, 1921.4, 107.6, 108.2, 0.801, 0.799
72409.0, 413.17, 413.18, 1920.7, 1920.8, -9999.0, 110.9, -9999.000, 0.801
72410.0, -9999.00, 413.19, -9999.0, 1921.4, 113.6, 113.5, -9999.000, 0.800
72411.0, 413.21, 413.21, 1922.5, 1922.1, -9999.0, 116.7, 0.800, 0.800
72412.0, -9999.00, 413.19, -9999.0, 1922.4, 120.9, 119.9, -9999.000, 0.799
72413.0, 413.17, 413.17, -9999.0, 1922.2, -9999.0, 121.8, 0.799, 0.799
72414.0, -9999.00, 413.22, 1922.1, 1922.1, -9999.0, 123.1, -9999.000, 0.797
72415.0, -9999.00, 413.29, -9999.0, 1922.3, 123.9, 125.6, 0.794, 0.794
72416.0, 413.33, 413.40, 1922.5, 1922.5, -9999.0, 130.1, -9999.000, 0.794
72417.0, -9999.00, 413.55, -9999.0, 1923.3, 133.9, 134.5, -9999.000, 0.793
72418.0, 413.67, 413.68, 1924.4, 1924.1, -9999.0, 138.5, 0.793, 0.793
72419.0, -9999.00, 413.71, -9999.0, 1924.4, 143.2, 142.6, -9999.000, 0.792
72420.0, 413.74, 413.74, -9999.0, 1924.5, -9999.0, 137.4, 0.791, 0.792
72421.0, -9999.00, 413.40, 1924.6, 1923.8, 127.6, 130.6, -9999.000, 0.795
72422.0, 412.91, 413.03, -9999.0, 1922.1, -9999.0, 121.1, 0.799, 0.798
72423.0, -9999.00, 412.88, 1920.7, 1920.7, -9999.0, 109.7, -9999.000, 0.799
72424.0, -9999.00, 412.83, -9999.0, 1920.4, 101.6, 101.6, 0.800, 0.800
72425.0, 412.80, 412.81, 1920.1, 1920.1, -9999.0, 101.7, -9999.000, 0.800
72426.0, -9999.00, 412.81, -9999.0, 1920.1, 101.7, 101.7, -9999.000, 0.800
72427.0, 412.82, 412.82, 1920.2, 1920.2, -9999.0, 99.9, 0.801, 0.801
72428.0, -9999.00, 412.86, -9999.0, 1920.3, 97.4, 98.0, -9999.000, 0.803
72429.0, 412.91, 412.90, -9999.0, 1920.4, -9999.0, 97.9, 0.805, 0.805
72430.0, -9999.00, 412.85, 1920.4, 1920.4, -9999.0, 98.6, -9999.000, 0.806
72431.0, -9999.00, 412.76, -9999.0, 1920.2, 99.0, 99.0, 0.807, 0.807
72432.0, 412.72, 412.70, 1920.0, 1920.0, -9999.0, 99.0, -9999.000, 0.806
72433.0, -9999.00, 412.65, -9999.0, 1919.9, 99.0, 98.9, -9999.000, 0.806
72434.0, 412.62, 412.62, 1919.7, 1919.7, -9999.0, 97.8, 0.805, 0.805
72435.0, -9999.00, 412.65, -9999.0, 1919.7, 96.5, 96.6, -9999.000, 0.805
72436.0, 412.67, 412.67, -9999.0, 1919.8, -9999.0, 97.7, 0.805, 0.805
72437.0, -9999.00, 412.68, 1919.8, 1919.9, 100.0, 99.3, -9999.000, 0.804
72438.0, 412.70, 412.70, -9999.0, 1920.0, -9999.0, 100.0, 0.803, 0.804
72439.0, -9999.00, 412.70, 1920.1, 1920.1, -9999.0, 100.2, -9999.000, 0.805
72440.0, -9999.00, 412.69, -9999.0, 1920.1, 100.3, 100.2, 0.807, 0.807
72441.0, 412.69, 412.67, 1920.1, 1920.1, -9999.0, 100.2, -9999.000, 0.808
72442.0, -9999.00, 412.61, -9999.0, 1919.8, 100.1, 100.1, -9999.000, 0.808
72443.0, 412.55, 412.56, 1919.5, 1919.6, -9999.0, 103.4, 0.809, 0.809
72444.0, -9999.00, 412.63, -9999.0, 1919.3, 107.8, 106.8, -9999.000, 0.810
72445.0, 412.71, 412.70, -9999.0, 1919.1, -9999.0, 104.4, 0.810, 0.810
72446.0, -9999.00, 412.66, 1919.0, 1919.0, -9999.0, 99.6, -9999.000, 0.809
72447.0, 412.56, 412.59, -9999.0, 1919.1, 96.9, 98.3, 0.808, 0.808
72448.0, -9999.00, 412.59, 1919.3, 1919.3, -9999.0, 101.6, -9999.000, 0.809
72449.0, -9999.00, 412.65, -9999.0, 1919.6, 104.4, 104.2, -9999.000, 0.811
72450.0, 412.70, 412.68, 1920.1, 1920.0, -9999.0, 102.5, 0.811, 0.811
72451.0, -9999.00, 412.59, -9999.0, 1919.9, 100.4, 100.7, -9999.000, 0.809
72452.0, 412.49, 412.50, -9999.0, 1919.6, -9999.0, 101.6, 0.808, 0.808
72453.0, -9999.00, 412.57, 1919.4, 1919.6, 103.6, 102.9, -9999.000, 0.808
72454.0, 412.69, 412.66, -9999.0, 1920.3, -9999.0, 104.4, 0.809, 0.809
72455.0, -9999.00, 412.65, 1920.8, 1920.8, -9999.0, 105.9, -9999.000, 0.807
72456.0, -9999.00, 412.58, -9999.0, 1920.6, 107.1, 106.7, 0.803, 0.804
72457.0, 412.54, 412.56, 1920.3, 1920.4, -9999.0, 105.2, -9999.000, 0.803
72458.0, -9999.00, 412.60, -9999.0, 1920.5, 103.8, 103.8, -9999.000, 0.803
72459.0, 412.65, 412.66, 1920.8, 1920.7, -9999.0, 111.3, 0.803, 0.803
72460.0, -9999.00, 412.88, -9999.0, 1921.2, 121.9, 119.1, -9999.000, 0.802
72461.0, 413.17, 413.11, -9999.0, 1921.9, -9999.0, 123.1, 0.800, 0.801
72462.0, -9999.00, 413.11, 1922.4, 1922.5, -9999.0, 125.0, -9999.000, 0.800
72463.0, -9999.00, 413.02, -9999.0, 1922.5, 126.2, 126.9, 0.799, 0.799
72464.0, 412.98, 413.01, 1922.6, 1922.6, -9999.0, 128.7, -9999.000, 0.799
72465.0, -9999.00, 413.07, -9999.0, 1922.4, 130.4, 130.5, -9999.000, 0.798
72466.0, 413.12, 413.14, 1922.1, 1922.2, -9999.0, 131.0, 0.798, 0.798
72467.0, -9999.00, 413.24, -9999.0, 1922.3, 131.6, 131.5, -9999.000, 0.799
72468.0, 413.34, 413.34, -9999.0, 1922.7, -9999.0, 133.5, 0.799, 0.799
72469.0, -9999.00, 413.33, 1922.9, 1922.8, 136.9, 135.9, -9999.000, 0.799
72470.0, 413.32, 413.33, -9999.0, 1922.7, -9999.0, 132.7, 0.799, 0.799
72471.0, -9999.00, 413.27, 1922.6, 1922.6, -9999.0, 125.0, -9999.000, 0.799
72472.0, -9999.00, 413.18, -9999.0, 1922.5, 119.4, 119.2, 0.799, 0.799
72473.0, 413.13, 413.11, 1922.4, 1922.4, -9999.0, 118.5, -9999.000, 0.798
72474.0, -9999.00, 413.05, -9999.0, 1921.8, 117.8, 117.8, -9999.000, 0.798
72475.0, 413.00, 413.01, 1920.8, 1921.1, -9999.0, 119.2, 0.798, 0.798
72476.0, -9999.00, 413.13, -9999.0, 1921.1, 120.9, 120.5, -9999.000, 0.797
72477.0, 413.27, 413.24, -9999.0, 1921.6, -9999.0, 123.8, 0.796, 0.796
72478.0, -9999.00, 413.36, 1922.0, 1922.1, -9999.0, 127.8, -9999.000, 0.798
72479.0, 413.54, 413.48, -9999.0, 1922.3, 130.1, 131.0, 0.800, 0.799
72480.0, -9999.00, 413.53, 1922.5, 1922.5, -9999.0, 133.0, -9999.000, 0.799
72481.0, -9999.00, 413.50, -9999.0, 1922.6, 134.7, 134.6, -9999.000, 0.799
72482.0, 413.47, 413.47, 1922.8, 1922.8, -9999.0, 133.8, 0.799, 0.798
72483.0, -9999.00, 413.45, -9999.0, 1922.7, 132.9, 133.0, -9999.000, 0.797
72484.0, 413.44, 413.44, -9999.0, 1922.5, -9999.0, 130.2, 0.797, 0.797
72485.0, -9999.00, 413.33, 1922.4, 1922.2, 125.7, 127.1, -9999.000, 0.797
72486.0, 413.18, 413.22, -9999.0, 1921.7, -9999.0, 123.3, 0.798, 0.798
72487.0, -9999.00, 413.11, 1921.2, 1921.2, -9999.0, 119.0, -9999.000, 0.798
72488.0, -9999.00, 413.00, -9999.0, 1920.9, 115.8, 114.0, 0.798, 0.798
72489.0, 412.93, 412.91, 1920.5, 1920.6, -9999.0, 107.2, -9999.000, 0.799
72490.0, -9999.00, 412.86, -9999.0, 1920.2, 100.3, 100.4, -9999.000, 0.801
72491.0, 412.82, 412.83, 1919.7, 1919.9, -9999.0, 102.7, 0.802, 0.802
72492.0, -9999.00, 412.90, -9999.0, 1919.8, 105.8, 105.2, -9999.000, 0.803
72493.0, 412.99, 412.98, -9999.0, 1919.9, -9999.0, 105.1, 0.804, 0.804
72494.0, -9999.00, 412.98, 1920.0, 1920.0, -9999.0, 104.1, -9999.000, 0.802
72495.0, 412.95, 412.96, -9999.0, 1919.9, 103.6, 103.6, 0.801, 0.801
72496.0, -9999.00, 412.96, 1919.9, 1919.9, -9999.0, 103.5, -9999.000, 0.802
72497.0, -9999.00, 412.96, -9999.0, 1919.8, 103.4, 103.8, -9999.000, 0.804
72498.0, 412.96, 412.97, 1919.8, 1919.8, -9999.0, 106.7, 0.805, 0.805
72499.0, -9999.00, 413.00, -9999.0, 1919.9, 110.2, 109.7, -9999.000, 0.805
72500.0, 413.04, 413.04, -9999.0, 1920.0, -9999.0, 115.4, 0.804, 0.804
72501.0, -9999.00, 413.12, 1920.1, 1920.0, 124.6, 121.8, -9999.000, 0.804
72502.0, 413.24, 413.21, -9999.0, 1920.0, -9999.0, 124.3, 0.803, 0.803
72503.0, -9999.00, 413.22, 1919.9, 1920.0, -9999.0, 123.8, -9999.000, 0.803
