data/rawdat/flt20220906/NOxCaRD_N57_20220906_R0.ict
39, 1001
Kristen Zuraski, Jeff Peischl, Steven. S. Brown, Wyndom S. Chace, Ken Aikin
NOAA Chemical Sciences Laboratory
NOxCaRD Instrument
CalFiDE
1, 1
2022, 09, 06, 2023, 02, 24
0
TO_Time_UTC, seconds_past_midnight
6
1, 1, 1, 1, 1, 1
-9999, -9999, -9999, -9999, -9999, -9999
NO_ppbv, ppbv
NO2_ppbv, ppbv
NOy_ppbv, ppbv
O3_ppbv, ppbv
NOx_ppbv, ppbv
Ox_ppbv, ppbv
1
N/A
18
PI_CONTACT_INFO: Address: NOAA Chemical Sciences Laboratory, Mail Stop R/CSL7, 325 Broadway, Boulder, CO 80305
PLATFORM: NOAA Twin Otter N57
LOCATION: California and Oregon
ASSOCIATED_DATA: N/A
INSTRUMENT_INFO: N/A
DATA_INFO: Units: parts per billion by volume (ppbv)
UNCERTAINTY: 5%
ULOD_FLAG: -7777
ULOD_VALUE: N/A
LLOD_FLAG: -8888
LLOD_VALUE: 50 pptv
DM_CONTACT_INFO: Data Manager: Ken Aikin; kenneth.c.aikin@noaa.gov
PROJECT_INFO: CalFiDE dates of study: August–September, 2022
STIPULATIONS_ON_USE: Use of these data require prior ok from PI.
OTHER_COMMENTS: 
REVISION: R0
R0: Final Data
TO_Time_UTC, NO_ppbv, NO2_ppbv, NOy_ppbv, O3_ppbv, NOx_ppbv, Ox_ppbv
[from data line 8908]
70107,0.109,0.014,0.156,48.768,0.123,48.783
70108,-0.014,0.041,0.403,48.740,0.026,48.780
70109,0.002,0.157,0.008,-9999.000,0.159,-9999.000
70110,0.019,0.056,-0.020,-9999.000,0.075,-9999.000
70111,-0.094,0.114,0.363,-9999.000,0.020,-9999.000
70112,0.115,0.103,0.068,48.932,0.218,49.035
70113,0.160,-0.001,0.144,49.201,0.159,49.200
70114,0.002,0.004,0.142,49.262,0.007,49.266
70115,-0.105,0.068,-0.022,48.707,-0.037,48.776
70116,-0.051,0.065,0.084,48.458,0.014,48.523
70117,-0.112,0.092,0.180,47.673,-0.020,47.765
70118,-0.072,0.058,0.287,47.353,-0.014,47.411
70119,-0.101,0.065,0.086,48.047,-0.036,48.112
70120,0.110,0.042,-0.134,48.190,0.152,48.233
70121,-0.102,0.024,0.443,48.457,-0.078,48.480
70122,0.057,-0.006,0.099,48.192,0.051,48.186
70123,0.043,0.066,0.165,47.503,0.110,47.569
70124,-0.083,0.112,-0.138,47.193,0.029,47.305
70125,0.044,0.042,0.157,47.393,0.085,47.435
70126,0.012,0.046,0.038,47.245,0.058,47.292
70127,0.060,-0.014,0.132,47.566,0.046,47.552
70128,0.032,0.006,0.057,48.131,0.039,48.138
70129,0.265,0.054,0.021,47.846,0.319,47.900
70130,0.367,-0.011,0.231,47.780,0.356,47.769
70131,0.304,0.027,0.221,48.106,0.331,48.133
70132,0.144,0.090,0.037,47.833,0.234,47.924
70133,0.212,-0.044,0.209,48.269,0.168,48.225
70134,0.118,0.091,0.075,48.373,0.209,48.464
70135,0.043,0.047,0.057,48.444,0.091,48.492
70136,0.047,0.065,0.077,48.414,0.111,48.479
70137,-0.084,0.044,0.011,48.550,-0.040,48.593
70138,-0.114,0.071,0.027,48.312,-0.043,48.383
70139,-0.026,0.094,0.084,48.241,0.069,48.335
70140,-0.027,0.051,0.036,48.471,0.024,48.522
70141,-0.146,0.114,0.048,48.376,-0.032,48.490
70142,-0.030,0.113,0.067,48.327,0.083,48.440
70143,-0.068,0.046,0.212,48.564,-0.022,48.610
70144,-0.141,0.047,0.079,48.514,-0.094,48.561
70145,-0.028,0.066,0.112,48.210,0.039,48.276
70146,-0.119,0.089,0.110,48.092,-0.030,48.182
70147,0.037,0.025,0.151,48.018,0.062,48.043
70148,-0.027,0.023,0.264,48.338,-0.004,48.362
70149,0.197,-0.001,0.165,48.125,0.197,48.125
70150,0.193,-0.000,0.124,48.196,0.193,48.196
70151,-0.143,0.125,0.186,48.210,-0.018,48.334
70152,-0.154,0.021,0.290,48.285,-0.133,48.306
70153,0.095,0.075,0.157,48.460,0.170,48.535
70154,0.094,0.043,0.246,48.718,0.138,48.761
70155,-0.071,0.116,0.159,48.437,0.044,48.553
70156,0.062,0.068,0.123,48.481,0.130,48.549
70157,-0.022,0.044,0.305,48.704,0.022,48.749
70158,0.102,0.066,0.204,48.356,0.168,48.423
70159,0.097,0.064,0.142,48.530,0.161,48.594
70160,0.076,0.058,0.180,48.837,0.134,48.895
70161,0.056,0.049,0.135,48.331,0.104,48.379
70162,0.015,0.022,0.273,48.467,0.038,48.490
70163,0.055,0.064,0.105,48.337,0.119,48.401
70164,-0.035,0.097,0.148,48.301,0.062,48.398
70165,0.020,0.055,0.112,48.397,0.074,48.452
70166,-0.099,0.070,0.181,48.487,-0.029,48.557
70167,0.141,-0.033,0.327,48.532,0.108,48.499
70168,-0.029,0.058,0.096,48.326,0.029,48.383
70169,0.090,0.072,0.156,48.952,0.162,49.024
70170,-0.067,0.070,0.117,48.994,0.003,49.064
70171,-0.139,0.094,0.237,48.961,-0.045,49.055
70172,0.021,0.048,0.006,48.575,0.069,48.623
70173,-0.165,0.068,0.121,48.307,-0.098,48.374
70174,-0.083,0.113,0.048,47.557,0.030,47.671
70175,-0.053,0.088,0.072,48.183,0.035,48.271
70176,-0.065,0.102,0.122,48.812,0.037,48.914
70177,0.034,0.044,0.130,49.607,0.077,49.650
70178,0.063,-0.002,0.193,49.848,0.061,49.846
70179,-0.080,-0.048,0.135,50.055,-0.128,50.007
70180,0.113,0.104,-0.071,50.004,0.217,50.108
70181,0.205,0.048,0.115,49.742,0.253,49.790
70182,0.028,0.071,0.145,49.849,0.099,49.920
70183,0.270,-0.021,0.033,49.747,0.249,49.726
70184,0.131,-0.012,0.087,49.703,0.119,49.691
70185,0.103,0.030,0.090,49.386,0.133,49.416
70186,-0.068,0.072,0.140,49.158,0.004,49.230
70187,0.061,0.007,0.033,48.834,0.068,48.841
70188,-0.135,0.113,0.030,48.451,-0.023,48.563
70189,-0.165,0.083,0.104,48.868,-0.081,48.952
70190,-0.070,0.044,0.074,48.837,-0.026,48.881
70191,-0.098,0.061,-0.001,48.795,-0.037,48.855
70192,-0.233,0.083,0.192,48.673,-0.150,48.757
70193,-0.052,0.053,0.041,48.731,0.002,48.784
70194,0.052,-0.032,0.055,49.209,0.020,49.177
70195,0.143,0.082,0.093,49.077,0.225,49.159
70196,0.089,-0.033,0.261,48.886,0.056,48.853
70197,0.085,0.017,0.124,48.972,0.102,48.989
70198,-0.045,0.048,0.017,48.839,0.003,48.887
70199,0.012,0.029,0.166,49.154,0.040,49.182
70200,0.068,-0.006,0.091,48.802,0.062,48.796
70201,-0.067,0.018,0.181,48.901,-0.049,48.919
70202,0.035,-0.008,0.146,49.193,0.027,49.185
70203,0.030,0.080,0.091,48.909,0.110,48.989
70204,0.124,-0.003,0.179,49.000,0.121,48.996
70205,-0.064,0.086,0.234,48.901,0.022,48.987
70206,0.035,0.027,0.205,49.179,0.063,49.206
70207,-0.066,0.074,0.175,49.239,0.008,49.313
70208,0.111,0.074,0.172,49.190,0.185,49.264
70209,-0.121,0.085,0.148,48.924,-0.037,49.009
70210,0.059,0.035,0.151,48.918,0.094,48.953
70211,-0.010,0.097,0.128,48.913,0.086,49.010
70212,-0.140,0.185,0.118,48.564,0.045,48.749
70213,0.018,0.123,0.073,48.713,0.141,48.836
70214,0.187,0.040,0.170,48.758,0.227,48.798
70215,-0.034,0.061,0.064,48.964,0.027,49.025
70216,0.037,0.063,0.132,48.866,0.099,48.928
70217,-0.046,-0.026,0.185,48.934,-0.073,48.907
70218,0.018,0.028,-0.088,48.581,0.046,48.609
70219,0.297,-0.089,0.230,49.115,0.208,49.026
70220,-0.089,-0.008,0.124,48.812,-0.097,48.804
70221,0.069,0.068,0.085,48.423,0.137,48.491
70222,0.188,-0.002,0.055,48.641,0.186,48.639
70223,0.165,0.025,0.044,48.348,0.190,48.373
70224,0.015,0.051,0.244,48.414,0.066,48.465
70225,0.190,-0.013,0.004,48.944,0.177,48.931
70226,0.275,-0.015,-0.017,48.674,0.261,48.659
70227,-0.013,0.053,0.135,48.723,0.040,48.776
70228,0.118,0.082,0.113,48.695,0.201,48.777
70229,0.125,0.034,0.154,48.718,0.159,48.752
70230,0.179,-0.037,0.123,48.440,0.143,48.403
70231,0.179,0.006,0.123,48.464,0.185,48.470
70232,0.122,-0.031,0.183,48.552,0.091,48.521
70233,0.087,0.020,0.233,48.557,0.107,48.578
70234,0.179,-0.034,0.115,48.818,0.145,48.784
70235,0.089,0.051,0.241,48.355,0.140,48.406
70236,-0.149,0.151,0.038,47.625,0.002,47.775
70237,0.123,0.095,0.107,48.122,0.218,48.217
70238,0.103,0.026,0.161,48.401,0.129,48.428
70239,-0.089,0.075,0.231,48.767,-0.013,48.843
70240,0.090,0.033,-0.001,48.495,0.123,48.528
70241,-9999.000,-9999.000,-9999.000,-9999.000,-9999.000,-9999.000
70242,-9999.000,-9999.000,-9999.000,-9999.000,-9999.000,-9999.000
70243,-9999.000,-9999.000,-9999.000,-9999.000,-9999.000,-9999.000
70244,-9999.000,-9999.000,-9999.000,-9999.000,-9999.000,-9999.000
70245,-9999.000,-9999.000,-9999.000,-9999.000,-9999.000,-9999.000
70246,-9999.000,-9999.000,-9999.000,-9999.000,-9999.000,-9999.000
70247,-9999.000,-9999.000,-9999.000,-9999.000,-9999.000,-9999.000
70248,-9999.000,-9999.000,-9999.000,-9999.000,-9999.000,-9999.000
70249,-9999.000,-9999.000,-9999.000,-9999.000,-9999.000,-9999.000
70250,-9999.000,-9999.000,-9999.000,-9999.000,-9999.000,-9999.000
70251,-9999.000,-9999.000,-9999.000,-9999.000,-9999.000,-9999.000
70252,-9999.000,-9999.000,-9999.000,-9999.000,-9999.000,-9999.000
70253,-9999.000,-9999.000,-9999.000,-9999.000,-9999.000,-9999.000
70254,-9999.000,-9999.000,-9999.000,-9999.000,-9999.000,-9999.000
70255,-9999.000,-9999.000,-9999.000,-9999.000,-9999.000,-9999.000
70256,-9999.000,-9999.000,-9999.000,-9999.000,-9999.000,-9999.000
70257,-9999.000,-9999.000,-9999.000,-9999.000,-9999.000,-9999.000
70258,-9999.000,-9999.000,-9999.000,-9999.000,-9999.000,-9999.000
70259,-9999.000,-9999.000,-9999.000,-9999.000,-9999.000,-9999.000
70260,-9999.000,-9999.000,-9999.000,-9999.000,-9999.000,-9999.000
70261,-9999.000,-9999.000,-9999.000,-9999.000,-9999.000,-9999.000
70262,-9999.000,-9999.000,-9999.000,-9999.000,-9999.000,-9999.000
70263,-9999.000,-9999.000,-9999.000,-9999.000,-9999.000,-9999.000
70264,-9999.000,-9999.000,-9999.000,-9999.000,-9999.000,-9999.000
70265,-9999.000,-9999.000,-9999.000,-9999.000,-9999.000,-9999.000
70266,-9999.000,-9999.000,-9999.000,-9999.000,-9999.000,-9999.000
70267,-9999.000,-9999.000,-9999.000,-9999.000,-9999.000,-9999.000
70268,-9999.000,-9999.000,-9999.000,-9999.000,-9999.000,-9999.000
70269,-9999.000,-9999.000,-9999.000,-9999.000,-9999.000,-9999.000
70270,-0.001,0.006,-9999.000,50.223,0.005,50.229
70271,0.207,-0.036,-9999.000,50.094,0.171,50.058
70272,0.004,0.046,-9999.000,50.198,0.049,50.244
70273,-0.072,0.081,-9999.000,50.124,0.008,50.205
70274,-0.057,0.029,0.158,50.198,-0.028,50.227
70275,-0.134,0.015,0.213,50.200,-0.119,50.215
70276,0.066,0.034,0.073,50.105,0.100,50.138
70277,0.159,0.081,0.092,50.069,0.239,50.150
70278,0.098,0.038,0.083,50.393,0.136,50.431
70279,0.156,0.097,0.165,50.444,0.253,50.542
70280,0.111,0.019,0.028,50.515,0.129,50.534
70281,0.116,0.034,0.139,50.438,0.150,50.472
70282,0.025,0.033,0.025,50.178,0.058,50.211
70283,0.184,-0.007,0.095,50.657,0.177,50.650
70284,0.236,-0.023,0.090,50.932,0.213,50.909
70285,0.005,0.027,0.047,50.978,0.032,51.005
70286,0.197,0.029,0.042,50.630,0.226,50.660
70287,0.295,-0.001,0.106,50.466,0.294,50.465
70288,0.085,0.082,0.079,50.454,0.168,50.536
70289,0.024,0.076,0.095,50.725,0.100,50.801
70290,0.316,0.021,0.095,50.766,0.337,50.787
70291,0.248,0.055,-0.051,50.679,0.302,50.734
70292,0.394,-0.040,0.165,50.801,0.354,50.761
70293,0.302,0.090,0.131,50.733,0.393,50.823
70294,0.358,0.023,0.193,50.745,0.381,50.768
70295,0.375,-0.005,0.050,50.585,0.370,50.580
70296,0.169,0.018,0.159,50.901,0.187,50.920
70297,0.480,0.030,0.089,50.458,0.510,50.488
70298,0.057,0.089,0.124,50.499,0.145,50.588
70299,0.278,0.008,0.207,50.337,0.286,50.345
70300,0.196,0.095,-0.057,49.633,0.291,49.728
70301,0.171,-0.025,0.308,49.541,0.145,49.516
70302,0.134,0.136,0.007,50.006,0.269,50.142
70303,0.183,0.104,0.069,50.349,0.287,50.453
70304,0.249,0.029,0.137,-9999.000,0.278,-9999.000
70305,0.215,0.065,0.254,-9999.000,0.280,-9999.000
70306,0.385,-0.005,0.212,-9999.000,0.380,-9999.000
70307,0.429,-0.003,0.216,50.336,0.425,50.333
70308,0.322,0.018,0.217,50.631,0.340,50.648
70309,0.407,0.045,0.314,50.578,0.452,50.624
70310,0.238,0.033,0.164,50.542,0.272,50.576
70311,0.234,-0.034,0.106,50.697,0.200,50.663
70312,0.231,0.038,0.084,50.418,0.269,50.456
70313,0.179,0.033,0.169,50.710,0.212,50.743
70314,0.230,0.016,0.113,50.472,0.246,50.488
70315,-0.017,0.112,0.067,50.507,0.095,50.619
70316,0.292,0.005,0.172,50.320,0.297,50.324
70317,0.435,-0.018,0.015,50.673,0.418,50.655
70318,0.195,0.003,0.042,50.498,0.199,50.501
70319,0.307,0.053,-0.067,50.454,0.360,50.507
70320,0.077,0.120,0.063,50.239,0.197,50.359
70321,0.308,0.047,0.019,49.801,0.355,49.849
70322,0.404,-0.026,0.184,49.643,0.378,49.617
70323,0.318,0.024,0.052,49.187,0.342,49.211
70324,0.166,0.018,0.159,49.048,0.184,49.065
70325,0.202,0.032,-0.103,48.904,0.235,48.937
70326,0.266,-0.009,0.150,49.404,0.257,49.395
70327,0.291,0.062,0.172,49.484,0.353,49.546
70328,0.345,0.063,-0.064,49.087,0.408,49.150
70329,0.165,0.045,0.136,49.242,0.210,49.286
70330,0.148,0.032,0.127,49.250,0.180,49.282
70331,0.076,0.053,0.140,49.465,0.129,49.518
70332,0.236,-0.020,0.176,49.582,0.216,49.563
70333,0.285,0.019,-0.109,49.133,0.303,49.152
70334,0.235,-0.012,0.157,49.457,0.224,49.445
70335,0.214,0.066,-0.141,49.219,0.280,49.285
70336,0.345,0.049,0.221,49.331,0.394,49.380
70337,0.345,0.059,0.034,49.000,0.404,49.059
70338,0.353,-0.039,0.033,48.955,0.314,48.916
70339,0.239,-0.005,0.293,49.107,0.234,49.102
70340,0.214,0.058,0.008,49.066,0.273,49.125
70341,0.356,-0.108,0.200,49.302,0.248,49.194
70342,0.147,0.050,0.160,49.218,0.197,49.269
70343,0.182,0.095,0.035,49.801,0.277,49.896
70344,0.439,-0.041,0.199,49.765,0.398,49.724
70345,0.365,0.048,0.148,49.649,0.414,49.698
70346,0.534,0.014,0.094,48.980,0.548,48.994
70347,0.381,0.021,0.043,48.887,0.403,48.909
70348,0.503,0.054,0.094,49.346,0.557,49.400
70349,0.176,-0.004,0.184,48.880,0.172,48.876
70350,0.499,0.008,-0.075,48.890,0.507,48.898
70351,0.367,-0.019,0.318,49.174,0.348,49.155
70352,0.548,-0.024,0.035,49.335,0.524,49.311
70353,0.407,0.030,0.026,49.815,0.437,49.845
70354,0.414,-0.020,0.105,49.507,0.394,49.487
70355,0.111,0.195,-0.001,49.183,0.305,49.378
70356,0.100,0.138,0.001,48.680,0.238,48.818
70357,0.190,0.013,-0.075,49.074,0.203,49.087
70358,0.322,-0.005,-0.054,49.012,0.317,49.007
70359,0.192,-0.007,-0.171,48.693,0.185,48.686
70360,0.255,0.055,-0.051,48.300,0.310,48.355
70361,0.130,-0.031,0.135,48.609,0.099,48.578
70362,0.240,0.002,-0.189,48.112,0.243,48.114
70363,0.106,0.004,-0.015,47.977,0.109,47.980
70364,-0.048,0.052,-0.087,48.222,0.005,48.275
70365,-0.137,-0.018,0.012,47.756,-0.155,47.738
70366,-0.054,0.044,-0.246,48.372,-0.009,48.416
70367,-0.054,0.013,-0.075,47.904,-0.041,47.918
70368,0.032,0.054,-0.148,47.935,0.086,47.988
70369,0.051,-0.014,-0.026,48.186,0.037,48.172
70370,0.204,0.005,0.037,48.446,0.210,48.451
70371,0.302,-0.024,0.049,48.692,0.278,48.668
70372,0.244,0.075,-0.018,48.767,0.319,48.842
70373,0.242,-0.000,0.145,48.154,0.242,48.153
70374,0.111,0.049,-0.072,47.615,0.160,47.663
70375,0.211,-0.047,0.168,48.004,0.164,47.958
70376,0.011,0.029,0.105,47.309,0.041,47.338
70377,0.271,0.048,-0.040,47.141,0.320,47.190
70378,0.097,0.097,0.019,47.437,0.194,47.534
70379,0.092,0.047,-0.102,47.315,0.139,47.362
70380,0.033,0.028,0.138,47.785,0.061,47.814
70381,0.003,0.051,-0.194,47.384,0.053,47.434
70382,0.134,0.026,-0.043,47.656,0.160,47.682
70383,0.074,0.026,0.204,47.885,0.100,47.911
70384,-0.151,0.111,-0.007,47.483,-0.040,47.594
70385,0.126,0.064,0.035,47.657,0.190,47.721
70386,-0.054,0.074,0.058,47.309,0.020,47.383
70387,-0.050,0.081,0.153,47.392,0.031,47.473
70388,-0.017,-0.047,0.050,47.116,-0.064,47.068
70389,-0.135,0.061,0.112,47.580,-0.074,47.640
70390,0.051,0.071,-0.007,47.395,0.122,47.466
70391,0.199,0.046,0.105,47.303,0.245,47.350
70392,0.129,0.050,-0.102,47.479,0.180,47.530
70393,0.114,0.032,0.163,47.766,0.146,47.798
70394,0.087,0.057,0.129,47.378,0.144,47.435
70395,0.292,0.009,0.093,47.704,0.301,47.713
70396,0.175,-0.063,0.109,47.924,0.112,47.861
70397,0.201,0.041,-0.012,48.146,0.242,48.187
70398,0.062,-0.021,0.190,48.331,0.041,48.309
70399,0.315,0.064,-0.187,48.083,0.378,48.146
70400,0.177,0.101,0.190,48.005,0.278,48.106
70401,0.304,0.052,0.020,48.112,0.356,48.163
70402,-0.048,-0.033,0.184,48.336,-0.081,48.303
70403,0.093,0.034,0.082,47.894,0.128,47.928
70404,-0.012,0.026,-0.010,48.056,0.013,48.081
70405,0.247,-0.010,0.142,47.880,0.237,47.871
70406,0.236,-0.016,0.079,48.053,0.220,48.037
70407,0.155,-0.077,0.271,48.149,0.077,48.071
70408,0.074,0.027,-0.043,47.969,0.101,47.996
70409,0.006,0.036,-0.024,48.220,0.042,48.256
70410,0.193,-0.032,0.211,48.133,0.161,48.101
70411,0.136,0.015,-0.079,48.412,0.152,48.427
70412,0.111,0.029,0.242,48.359,0.140,48.388
70413,0.019,-0.043,0.242,48.519,-0.024,48.477
70414,0.192,0.019,0.164,48.254,0.210,48.272
70415,-0.009,0.087,0.148,48.526,0.077,48.612
70416,-0.079,-0.041,0.029,48.792,-0.120,48.751
70417,-0.000,0.021,0.106,48.514,0.021,48.535
70418,-0.071,0.069,0.184,48.312,-0.002,48.381
70419,-0.020,-0.011,0.396,48.427,-0.030,48.416
70420,0.026,0.060,-0.159,48.207,0.085,48.266
70421,0.044,-0.046,0.004,48.421,-0.003,48.374
70422,-0.009,0.130,0.147,47.418,0.121,47.548
70423,0.229,0.040,0.264,47.716,0.269,47.756
70424,0.120,0.050,0.150,48.241,0.170,48.291
70425,0.153,-0.028,0.266,49.206,0.124,49.178
70426,0.043,0.032,0.246,49.301,0.075,49.333
70427,0.059,0.076,0.167,49.099,0.135,49.175
70428,-0.019,-0.003,0.258,49.281,-0.022,49.278
70429,-0.075,0.056,0.179,48.887,-0.019,48.943
70430,0.060,0.060,0.152,48.956,0.120,49.016
70431,0.184,-0.066,0.242,48.681,0.118,48.615
70432,0.123,0.037,0.328,48.567,0.161,48.604
70433,0.127,-0.037,0.175,48.729,0.091,48.692
70434,-0.145,0.080,0.168,48.463,-0.065,48.543
70435,0.013,0.039,0.251,48.750,0.051,48.789
70436,0.005,0.059,0.210,48.456,0.064,48.515
70437,-0.017,0.056,0.130,48.564,0.039,48.620
70438,-0.003,0.045,0.160,48.509,0.041,48.553
70439,0.075,0.006,0.142,48.442,0.081,48.448
70440,0.006,-0.022,0.227,48.713,-0.016,48.692
70441,0.085,0.004,0.228,48.578,0.089,48.582
70442,0.071,-0.026,0.267,48.525,0.045,48.499
70443,0.228,-0.053,0.186,48.717,0.175,48.664
70444,0.149,0.011,0.281,48.574,0.161,48.585
70445,0.084,0.013,0.389,47.855,0.097,47.867
70446,0.047,0.063,0.231,47.097,0.110,47.160
70447,0.140,0.073,0.317,46.999,0.213,47.071
70448,-0.017,0.041,0.283,47.988,0.025,48.030
