data/rawdat/flt20220906/NOxCaRD_N57_20220906_R0.ict
39, 1001
Kristen Zuraski, Jeff Peischl, Steven. S. Brown, Wyndom S. Chace, Ken Aikin
NOAA Chemical Sciences Laboratory
NOxCaRD Instrument
CalFiDE
1, 1
2022, 09, 06, 2023, 02, 24
0
TO_Time_UTC, seconds_past_midnight
6
1, 1, 1, 1, 1, 1
-9999, -9999, -9999, -9999, -9999, -9999
NO_ppbv, ppbv
NO2_ppbv, ppbv
NOy_ppbv, ppbv
O3_ppbv, ppbv
NOx_ppbv, ppbv
Ox_ppbv, ppbv
1
N/A
18
PI_CONTACT_INFO: Address: NOAA Chemical Sciences Laboratory, Mail Stop R/CSL7, 325 Broadway, Boulder, CO 80305
PLATFORM: NOAA Twin Otter N57
LOCATION: California and Oregon
ASSOCIATED_DATA: N/A
INSTRUMENT_INFO: N/A
DATA_INFO: Units: parts per billion by volume (ppbv)
UNCERTAINTY: 5%
ULOD_FLAG: -7777
ULOD_VALUE: N/A
LLOD_FLAG: -8888
LLOD_VALUE: 50 pptv
DM_CONTACT_INFO: Data Manager: Ken Aikin; kenneth.c.aikin@noaa.gov
PROJECT_INFO: CalFiDE dates of study: August–September, 2022
STIPULATIONS_ON_USE: Use of these data require prior ok from PI.
OTHER_COMMENTS: 
REVISION: R0
R0: Final Data
TO_Time_UTC, NO_ppbv, NO2_ppbv, NOy_ppbv, O3_ppbv, NOx_ppbv, Ox_ppbv
[from data line 5827]
67026,0.100,0.041,0.226,49.539,0.141,49.580
67027,0.230,-0.021,0.275,49.426,0.209,49.405
67028,0.271,-0.061,0.091,48.981,0.209,48.920
67029,0.084,-0.047,0.153,49.325,0.037,49.279
67030,0.161,-0.038,0.218,49.215,0.123,49.176
67031,0.181,-0.013,0.176,49.128,0.167,49.114
67032,-0.075,0.056,0.191,49.207,-0.019,49.263
67033,-0.037,0.048,0.155,49.038,0.011,49.086
67034,-0.145,0.055,-0.025,49.213,-0.089,49.268
67035,-0.115,0.028,0.139,49.266,-0.087,49.294
67036,-0.033,0.049,0.090,48.931,0.016,48.980
67037,-0.044,0.003,0.048,49.260,-0.041,49.263
67038,-0.020,0.008,0.111,49.161,-0.012,49.169
67039,0.158,0.028,0.032,49.196,0.186,49.224
67040,-9999.000,-9999.000,-9999.000,-9999.000,-9999.000,-9999.000
67041,-9999.000,-9999.000,-9999.000,-9999.000,-9999.000,-9999.000
67042,-9999.000,-9999.000,-9999.000,-9999.000,-9999.000,-9999.000
67043,-9999.000,-9999.000,-9999.000,-9999.000,-9999.000,-9999.000
67044,-9999.000,-9999.000,-9999.000,-9999.000,-9999.000,-9999.000
67045,-9999.000,-9999.000,-9999.000,-9999.000,-9999.000,-9999.000
67046,-9999.000,-9999.000,-9999.000,-9999.000,-9999.000,-9999.000
67047,-9999.000,-9999.000,-9999.000,-9999.000,-9999.000,-9999.000
67048,-9999.000,-9999.000,-9999.000,-9999.000,-9999.000,-9999.000
67049,-9999.000,-9999.000,-9999.000,-9999.000,-9999.000,-9999.000
67050,-9999.000,-9999.000,-9999.000,-9999.000,-9999.000,-9999.000
67051,-9999.000,-9999.000,-9999.000,-9999.000,-9999.000,-9999.000
67052,-9999.000,-9999.000,-9999.000,-9999.000,-9999.000,-9999.000
67053,-9999.000,-9999.000,-9999.000,-9999.000,-9999.000,-9999.000
67054,-9999.000,-9999.000,-9999.000,-9999.000,-9999.000,-9999.000
67055,-9999.000,-9999.000,-9999.000,-9999.000,-9999.000,-9999.000
67056,-9999.000,-9999.000,-9999.000,-9999.000,-9999.000,-9999.000
67057,-9999.000,-9999.000,-9999.000,-9999.000,-9999.000,-9999.000
67058,-9999.000,-9999.000,-9999.000,-9999.000,-9999.000,-9999.000
67059,-9999.000,-9999.000,-9999.000,-9999.000,-9999.000,-9999.000
67060,-9999.000,-9999.000,-9999.000,-9999.000,-9999.000,-9999.000
67061,-9999.000,-9999.000,-9999.000,-9999.000,-9999.000,-9999.000
67062,-9999.000,-9999.000,-9999.000,-9999.000,-9999.000,-9999.000
67063,-9999.000,-9999.000,-9999.000,-9999.000,-9999.000,-9999.000
67064,-9999.000,-9999.000,-9999.000,-9999.000,-9999.000,-9999.000
67065,-9999.000,-9999.000,-9999.000,-9999.000,-9999.000,-9999.000
67066,-9999.000,-9999.000,-9999.000,-9999.000,-9999.000,-9999.000
67067,-9999.000,-9999.000,-9999.000,-9999.000,-9999.000,-9999.000
67068,-9999.000,-9999.000,-9999.000,-9999.000,-9999.000,-9999.000
67069,-9999.000,-9999.000,-9999.000,-9999.000,-9999.000,-9999.000
67070,0.099,0.017,-9999.000,49.405,0.116,49.422
67071,0.170,-0.002,-9999.000,49.552,0.168,49.550
67072,0.089,0.059,-9999.000,49.392,0.148,49.451
67073,0.119,-0.009,-9999.000,49.012,0.110,49.003
67074,0.108,-0.051,0.228,49.508,0.057,49.458
67075,0.166,-0.028,0.142,49.289,0.138,49.261
67076,0.090,0.052,0.216,49.255,0.142,49.307
67077,0.071,-0.002,0.245,49.247,0.069,49.244
67078,0.080,0.041,0.054,49.384,0.121,49.425
67079,0.067,0.050,0.183,49.489,0.117,49.539
67080,-0.008,0.033,0.234,49.689,0.025,49.722
67081,0.105,-0.031,0.227,49.498,0.075,49.467
67082,-0.004,0.008,0.117,49.418,0.004,49.426
67083,0.070,0.017,0.240,49.143,0.087,49.160
67084,-0.043,0.028,0.225,49.011,-0.015,49.039
67085,0.099,0.014,0.234,49.376,0.113,49.390
67086,0.204,-0.034,0.212,49.145,0.170,49.111
67087,0.360,-0.001,0.205,49.327,0.360,49.326
67088,0.156,0.035,0.151,49.138,0.190,49.173
67089,-0.025,0.035,0.176,49.285,0.010,49.320
67090,0.230,0.011,0.172,49.153,0.240,49.163
67091,0.069,0.059,0.211,49.137,0.128,49.196
67092,0.071,0.013,0.310,49.245,0.085,49.258
67093,0.014,0.016,0.172,48.927,0.030,48.943
67094,0.251,-0.071,0.268,48.982,0.179,48.910
67095,0.156,0.010,0.158,49.105,0.166,49.114
67096,0.052,0.064,0.161,49.248,0.116,49.312
67097,0.095,0.091,0.195,49.189,0.186,49.280
67098,-0.137,0.035,0.318,49.155,-0.102,49.190
67099,0.053,0.037,0.043,48.944,0.090,48.981
67100,0.108,0.059,0.211,49.420,0.167,49.478
67101,0.081,0.013,0.366,49.135,0.094,49.148
67102,0.055,0.038,0.119,49.236,0.093,49.274
67103,-0.048,0.059,0.163,49.268,0.012,49.327
67104,0.095,-0.006,0.166,49.062,0.090,49.056
67105,0.269,0.027,0.109,49.000,0.296,49.026
67106,0.061,0.095,0.167,-9999.000,0.156,-9999.000
67107,0.068,0.038,0.134,-9999.000,0.106,-9999.000
67108,0.190,-0.015,0.176,-9999.000,0.174,-9999.000
67109,0.084,0.068,0.160,48.724,0.153,48.792
67110,-0.035,-0.009,0.195,48.904,-0.044,48.895
67111,0.142,0.048,0.217,48.705,0.190,48.753
67112,0.105,-0.016,0.105,48.957,0.089,48.941
67113,0.075,0.010,0.209,48.956,0.085,48.966
67114,0.136,0.004,0.394,49.209,0.140,49.212
67115,0.051,0.065,0.243,48.630,0.116,48.695
67116,0.231,0.028,0.159,48.980,0.259,49.007
67117,0.056,0.021,0.310,48.875,0.077,48.896
67118,0.260,-0.024,0.216,48.786,0.236,48.763
67119,0.068,0.031,0.253,48.791,0.099,48.823
67120,0.334,-0.088,0.035,48.846,0.246,48.758
67121,0.007,0.010,0.147,48.769,0.017,48.779
67122,0.120,0.008,0.287,48.884,0.128,48.892
67123,-0.099,0.086,0.153,48.717,-0.013,48.804
67124,0.055,0.017,0.293,48.957,0.072,48.974
67125,0.134,0.038,0.197,48.949,0.172,48.987
67126,0.201,-0.001,0.201,48.848,0.200,48.847
67127,0.356,-0.033,0.211,48.753,0.323,48.720
67128,0.327,-0.031,0.208,49.147,0.295,49.116
67129,0.216,-0.013,0.186,48.747,0.204,48.735
67130,0.104,-0.004,0.238,48.760,0.101,48.756
67131,0.126,-0.025,0.254,48.853,0.101,48.828
67132,0.200,0.016,0.285,48.792,0.216,48.808
67133,0.066,0.041,0.085,48.943,0.108,48.984
67134,0.043,0.019,0.162,48.870,0.062,48.890
67135,-0.014,0.055,0.141,48.992,0.042,49.048
67136,0.129,0.055,0.121,48.993,0.184,49.048
67137,0.104,-0.068,0.168,48.887,0.036,48.819
67138,0.174,-0.022,0.121,48.724,0.153,48.703
67139,0.038,0.016,0.146,49.063,0.054,49.079
67140,0.062,-0.018,0.110,48.938,0.043,48.920
67141,0.139,0.011,0.145,49.012,0.151,49.023
67142,0.091,0.031,0.162,49.219,0.122,49.250
67143,0.266,0.045,0.117,49.138,0.311,49.184
67144,0.201,0.002,0.230,49.318,0.203,49.320
67145,0.096,0.041,0.204,49.154,0.137,49.195
67146,0.086,-0.026,0.266,49.300,0.061,49.275
67147,0.040,0.029,0.048,49.073,0.069,49.101
67148,0.048,0.012,0.156,48.843,0.059,48.855
67149,0.016,0.015,0.139,49.033,0.030,49.048
67150,0.034,-0.011,0.142,49.074,0.023,49.063
67151,0.063,0.017,0.169,49.119,0.080,49.137
67152,0.051,0.059,0.228,49.154,0.109,49.213
67153,-0.011,0.102,0.225,48.846,0.091,48.948
67154,0.123,0.008,0.258,49.149,0.130,49.156
67155,0.059,0.033,0.131,48.907,0.092,48.940
67156,0.163,0.019,0.245,48.837,0.182,48.856
67157,-0.094,0.043,0.149,48.925,-0.051,48.968
67158,0.223,-0.049,0.176,48.925,0.174,48.876
67159,0.008,0.021,0.212,48.827,0.029,48.848
67160,0.243,0.051,0.195,48.692,0.294,48.743
67161,0.042,0.074,0.094,49.189,0.116,49.263
67162,0.003,0.083,0.168,49.116,0.086,49.199
67163,0.106,0.014,0.130,49.101,0.120,49.115
67164,0.061,0.090,0.099,48.959,0.151,49.049
67165,0.074,-0.018,0.144,48.892,0.056,48.874
67166,-0.089,0.033,0.117,49.137,-0.056,49.170
67167,0.129,0.052,0.197,48.843,0.181,48.895
67168,0.231,0.007,0.140,49.045,0.238,49.052
67169,0.169,-0.024,0.196,-9999.000,0.145,-9999.000
67170,0.009,0.046,0.114,-9999.000,0.055,-9999.000
67171,0.055,0.043,0.208,-9999.000,0.098,-9999.000
67172,-0.080,0.113,-0.001,49.200,0.034,49.313
67173,0.171,0.073,0.112,49.380,0.244,49.453
67174,0.033,0.033,0.125,49.201,0.065,49.233
67175,-0.208,0.076,0.051,49.326,-0.132,49.402
67176,-0.134,0.047,-0.032,49.323,-0.087,49.370
67177,-0.147,0.032,0.088,49.323,-0.115,49.354
67178,0.054,0.002,0.231,49.423,0.056,49.425
67179,-0.037,0.065,-0.012,49.169,0.028,49.234
67180,0.027,0.054,0.021,49.399,0.082,49.453
67181,0.054,0.063,0.181,49.426,0.118,49.489
67182,0.195,0.013,0.212,49.503,0.208,49.516
67183,-0.038,0.050,0.190,49.360,0.013,49.410
67184,-0.039,0.069,0.166,49.410,0.031,49.479
67185,0.038,0.012,0.006,49.205,0.051,49.217
67186,0.165,0.025,0.099,49.338,0.191,49.364
67187,-0.101,0.051,0.074,49.183,-0.050,49.234
67188,-0.063,0.090,0.054,49.108,0.028,49.198
67189,-0.016,0.016,0.014,49.190,0.000,49.206
67190,0.126,0.006,0.044,49.212,0.132,49.218
67191,0.087,0.014,0.173,49.419,0.101,49.434
67192,0.099,0.002,0.140,49.316,0.101,49.318
67193,0.119,0.039,0.142,49.121,0.158,49.159
67194,-0.044,0.006,0.078,49.183,-0.038,49.190
67195,0.162,0.093,0.113,48.998,0.255,49.091
67196,0.187,-0.053,0.251,49.029,0.134,48.976
67197,-0.088,0.053,0.203,49.023,-0.035,49.076
67198,-0.031,0.043,0.136,49.191,0.012,49.234
67199,0.061,0.034,0.032,49.204,0.095,49.238
67200,0.086,-0.013,0.116,49.004,0.073,48.991
67201,-0.058,0.118,-0.032,49.041,0.060,49.159
67202,0.085,-0.051,0.187,48.832,0.034,48.781
67203,-0.078,0.145,0.036,48.881,0.068,49.026
67204,0.140,-0.030,0.196,48.846,0.109,48.816
67205,0.014,-0.009,-0.047,48.758,0.004,48.748
67206,0.065,0.074,0.156,48.527,0.140,48.602
67207,0.043,0.012,0.064,48.731,0.054,48.743
67208,0.012,0.021,0.011,48.450,0.033,48.471
67209,0.182,-0.045,0.154,48.601,0.137,48.556
67210,0.157,0.094,0.087,48.888,0.251,48.982
67211,-0.006,0.114,0.029,48.397,0.108,48.511
67212,-0.105,0.144,0.155,48.815,0.039,48.959
67213,-0.046,0.068,0.100,48.445,0.022,48.513
67214,0.074,0.020,-0.056,48.795,0.094,48.814
67215,0.038,0.044,0.077,48.941,0.081,48.984
67216,-0.040,0.046,0.135,48.988,0.005,49.033
67217,0.146,-0.039,0.047,49.092,0.107,49.053
67218,-0.053,0.106,0.151,49.103,0.053,49.209
67219,0.108,0.010,0.118,49.040,0.118,49.049
67220,0.164,0.046,-0.007,49.092,0.210,49.138
67221,-0.031,0.040,0.160,49.213,0.009,49.253
67222,-0.179,0.063,0.115,48.712,-0.116,48.775
67223,0.224,0.013,0.100,48.890,0.237,48.903
67224,-0.157,0.090,0.048,49.443,-0.066,49.534
67225,0.128,0.024,0.049,49.079,0.152,49.103
67226,0.069,0.031,0.193,48.731,0.100,48.762
67227,0.013,0.030,0.215,48.999,0.043,49.029
67228,-0.117,0.138,0.051,48.973,0.021,49.111
67229,-0.035,0.047,0.311,49.076,0.011,49.122
67230,0.095,0.043,0.008,49.071,0.138,49.114
67231,0.111,0.066,0.073,49.268,0.177,49.333
67232,-0.225,0.068,0.199,48.905,-0.157,48.973
67233,-0.207,0.110,0.043,49.127,-0.096,49.237
67234,0.025,0.046,0.070,49.377,0.070,49.423
67235,0.039,-0.026,0.093,49.285,0.013,49.259
67236,0.076,0.076,0.116,49.253,0.152,49.330
67237,0.030,0.041,0.077,48.848,0.071,48.889
67238,0.083,0.110,0.154,48.084,0.193,48.194
67239,-0.024,0.066,0.025,48.761,0.043,48.828
67240,-0.047,0.102,0.071,48.966,0.056,49.068
67241,-0.108,0.101,0.083,49.236,-0.008,49.337
67242,-0.087,0.045,0.134,49.248,-0.042,49.293
67243,0.053,0.058,0.069,49.254,0.111,49.312
67244,-0.049,0.032,0.078,49.078,-0.017,49.110
67245,-0.103,0.083,0.203,49.161,-0.020,49.244
67246,0.086,0.004,0.200,49.216,0.090,49.220
67247,0.023,-0.074,0.018,48.864,-0.051,48.790
67248,0.175,-0.024,0.250,48.461,0.151,48.437
67249,-0.056,0.053,0.215,48.462,-0.003,48.515
67250,-0.140,0.113,0.145,48.600,-0.027,48.713
67251,-0.079,-0.008,0.216,47.796,-0.087,47.787
67252,0.134,-0.035,0.087,48.081,0.099,48.046
67253,0.238,0.073,0.090,48.405,0.312,48.478
67254,-0.091,0.082,0.197,48.683,-0.008,48.765
67255,0.105,0.055,0.355,48.897,0.159,48.951
67256,0.076,0.047,0.225,47.982,0.124,48.029
67257,0.052,-0.035,0.223,47.238,0.018,47.203
67258,0.079,0.051,0.194,47.347,0.131,47.398
67259,-0.062,0.055,0.279,47.560,-0.007,47.615
67260,0.028,0.013,0.332,47.546,0.041,47.559
67261,-0.100,0.114,0.253,47.722,0.014,47.836
67262,-0.131,0.040,0.169,47.065,-0.092,47.105
67263,0.212,-0.007,0.124,47.438,0.205,47.431
67264,-0.055,0.077,0.168,47.328,0.022,47.405
67265,0.117,-0.054,0.346,47.816,0.062,47.762
67266,0.258,-0.063,-0.014,47.062,0.195,46.999
67267,-0.091,0.125,0.573,47.797,0.033,47.922
67268,0.078,0.001,0.129,47.750,0.079,47.751
67269,0.142,0.107,0.007,47.407,0.249,47.514
67270,-0.422,0.142,0.375,47.357,-0.280,47.499
67271,-0.258,0.116,0.220,47.383,-0.142,47.499
67272,-0.083,0.051,0.015,47.238,-0.032,47.289
67273,-0.072,0.092,0.146,47.977,0.020,48.069
67274,-0.075,0.041,0.013,47.792,-0.035,47.833
67275,0.164,-0.030,0.241,47.594,0.134,47.564
67276,0.156,0.043,0.266,46.924,0.199,46.967
67277,0.224,0.046,0.353,46.376,0.270,46.422
67278,0.236,0.073,0.236,46.571,0.309,46.643
67279,0.201,0.045,0.208,46.894,0.246,46.939
67280,0.168,0.103,0.340,46.838,0.271,46.941
67281,0.055,0.009,0.336,47.617,0.064,47.626
67282,-0.269,0.118,0.266,48.813,-0.151,48.931
67283,-0.127,0.069,0.225,49.185,-0.058,49.254
67284,-0.122,0.127,0.029,48.942,0.005,49.070
67285,-0.199,0.104,0.250,49.138,-0.095,49.242
67286,-0.127,0.075,0.110,49.164,-0.052,49.239
67287,-0.019,0.112,0.191,48.897,0.093,49.010
67288,0.038,0.067,0.231,49.171,0.105,49.237
67289,-0.098,0.070,0.071,49.009,-0.028,49.079
67290,0.046,0.022,0.203,49.329,0.068,49.352
67291,0.199,0.028,0.205,48.930,0.226,48.958
67292,0.085,0.006,0.112,49.083,0.090,49.089
67293,-0.008,0.132,0.309,49.128,0.124,49.260
67294,-0.009,0.033,0.218,49.107,0.024,49.140
67295,-0.160,0.023,0.271,49.202,-0.137,49.225
67296,0.157,0.064,0.180,49.127,0.220,49.191
67297,0.036,0.071,0.207,48.491,0.107,48.562
67298,-0.132,0.128,0.142,48.115,-0.004,48.243
67299,-0.191,0.103,0.122,48.247,-0.088,48.351
67300,-0.184,0.054,0.347,48.633,-0.130,48.686
67301,-0.104,-0.001,0.214,47.730,-0.106,47.728
67302,0.214,0.079,0.336,46.956,0.293,47.035
67303,0.149,0.078,0.286,46.852,0.227,46.930
67304,0.250,0.043,0.263,46.484,0.293,46.527
67305,-0.021,0.008,0.320,46.087,-0.013,46.095
67306,0.076,0.025,0.424,44.988,0.101,45.013
67307,0.156,0.060,0.346,44.955,0.216,45.015
67308,0.104,0.029,0.365,44.870,0.133,44.898
67309,0.231,0.003,0.397,44.746,0.234,44.749
67310,-0.015,0.178,0.214,44.525,0.163,44.703
67311,-0.246,0.141,0.384,44.668,-0.104,44.809
67312,-0.637,0.231,0.283,44.554,-0.405,44.785
67313,-0.176,0.092,0.215,44.678,-0.084,44.770
67314,-0.145,0.162,0.213,44.482,0.018,44.645
67315,0.062,0.047,0.148,46.053,0.109,46.100
67316,0.228,0.067,0.326,48.704,0.295,48.772
67317,0.148,0.045,0.216,49.029,0.193,49.074
67318,0.155,-0.012,0.117,48.936,0.143,48.924
67319,-0.058,0.089,0.110,48.720,0.031,48.809
67320,-0.128,0.126,0.057,48.853,-0.002,48.978
67321,-0.026,0.013,0.184,49.214,-0.013,49.227
67322,-0.202,0.128,0.192,49.181,-0.074,49.309
67323,-0.069,0.103,0.098,49.106,0.034,49.209
67324,0.006,0.072,0.207,49.170,0.078,49.241
67325,-0.012,0.106,0.104,48.536,0.093,48.642
67326,-0.022,0.028,0.138,-9999.000,0.006,-9999.000
67327,-0.035,0.047,0.066,-9999.000,0.012,-9999.000
67328,0.067,0.033,0.144,-9999.000,0.100,-9999.000
67329,0.154,0.024,0.083,47.781,0.178,47.805
67330,0.305,-0.028,0.124,47.338,0.277,47.310
67331,0.175,0.092,0.101,46.960,0.267,47.052
67332,0.116,0.026,0.236,48.091,0.142,48.118
67333,-0.220,0.080,0.143,48.998,-0.140,49.079
67334,0.001,0.089,0.155,48.958,0.090,49.047
67335,0.152,0.043,0.140,49.019,0.194,49.061
67336,-0.184,0.091,0.147,49.012,-0.093,49.103
67337,-0.128,0.120,0.179,48.910,-0.008,49.030
67338,-0.060,0.074,0.234,49.001,0.014,49.075
67339,0.072,0.024,0.223,48.917,0.096,48.941
67340,0.090,0.013,0.135,48.945,0.104,48.959
67341,0.007,0.056,0.173,49.003,0.063,49.059
67342,0.035,0.022,0.097,48.877,0.056,48.899
67343,0.139,0.060,0.160,48.766,0.199,48.826
67344,-0.051,0.004,0.168,48.344,-0.047,48.349
67345,-0.088,0.017,0.277,48.190,-0.071,48.207
67346,-0.019,0.062,0.080,45.329,0.043,45.392
67347,0.004,0.083,-0.065,44.426,0.087,44.509
67348,-0.041,0.071,-0.140,44.692,0.030,44.764
67349,0.037,-0.003,0.139,45.273,0.033,45.270
67350,0.118,0.072,0.192,47.242,0.190,47.314
67351,0.115,0.095,0.126,48.517,0.209,48.611
67352,0.089,0.095,0.115,49.057,0.184,49.152
67353,-0.143,0.075,0.142,49.222,-0.068,49.296
67354,0.069,0.055,0.053,49.011,0.124,49.066
67355,0.079,0.011,0.189,49.165,0.091,49.177
67356,0.037,0.073,0.004,49.136,0.110,49.209
67357,0.127,0.022,0.127,48.807,0.149,48.829
67358,-0.002,0.007,-0.076,48.929,0.005,48.935
67359,0.067,-0.028,0.162,49.116,0.039,49.088
67360,0.155,0.036,0.048,49.044,0.191,49.080
67361,-0.042,0.104,0.094,48.836,0.062,48.940
67362,0.176,0.072,0.186,49.198,0.248,49.270
67363,-0.046,0.062,0.238,49.381,0.016,49.443
67364,0.051,0.077,0.222,49.143,0.128,49.220
67365,0.015,0.028,0.062,48.975,0.043,49.003
67366,0.053,0.019,0.269,49.248,0.072,49.267
