data/rawdat/flt20220906/NOxCaRD_N57_20220906_R0.ict
39, 1001
Kristen Zuraski, Jeff Peischl, Steven. S. Brown, Wyndom S. Chace, Ken Aikin
NOAA Chemical Sciences Laboratory
NOxCaRD Instrument
CalFiDE
1, 1
2022, 09, 06, 2023, 02, 24
0
TO_Time_UTC, seconds_past_midnight
6
1, 1, 1, 1, 1, 1
-9999, -9999, -9999, -9999, -9999, -9999
NO_ppbv, ppbv
NO2_ppbv, ppbv
NOy_ppbv, ppbv
O3_ppbv, ppbv
NOx_ppbv, ppbv
Ox_ppbv, ppbv
1
N/A
18
PI_CONTACT_INFO: Address: NOAA Chemical Sciences Laboratory, Mail Stop R/CSL7, 325 Broadway, Boulder, CO 80305
PLATFORM: NOAA Twin Otter N57
LOCATION: California and Oregon
ASSOCIATED_DATA: N/A
INSTRUMENT_INFO: N/A
DATA_INFO: Units: parts per billion by volume (ppbv)
UNCERTAINTY: 5%
ULOD_FLAG: -7777
ULOD_VALUE: N/A
LLOD_FLAG: -8888
LLOD_VALUE: 50 pptv
DM_CONTACT_INFO: Data Manager: Ken Aikin; kenneth.c.aikin@noaa.gov
PROJECT_INFO: CalFiDE dates of study: August–September, 2022
STIPULATIONS_ON_USE: Use of these data require prior ok from PI.
OTHER_COMMENTS: 
REVISION: R0
R0: Final Data
TO_Time_UTC, NO_ppbv, NO2_ppbv, NOy_ppbv, O3_ppbv, NOx_ppbv, Ox_ppbv
[from data line 8568]
69767,0.015,0.330,0.748,49.608,0.344,49.938
69768,-0.031,0.246,0.739,49.676,0.215,49.923
69769,0.200,0.239,0.509,49.026,0.440,49.265
69770,0.301,0.149,0.403,48.969,0.450,49.118
69771,0.272,0.112,0.490,48.974,0.384,49.086
69772,0.152,0.258,0.918,49.776,0.411,50.034
69773,0.213,0.256,0.763,48.662,0.469,48.918
69774,0.448,0.215,0.827,49.225,0.663,49.441
69775,0.406,0.319,0.851,49.788,0.725,50.107
69776,0.316,0.447,1.524,51.276,0.763,51.723
69777,0.304,0.488,1.419,50.862,0.791,51.350
69778,0.161,0.542,1.396,51.123,0.703,51.665
69779,0.014,0.537,1.495,51.161,0.551,51.697
69780,0.447,0.341,1.165,50.673,0.788,51.013
69781,0.459,0.348,1.019,-9999.000,0.807,-9999.000
69782,0.244,0.254,0.771,-9999.000,0.498,-9999.000
69783,0.266,0.247,0.946,-9999.000,0.513,-9999.000
69784,0.303,0.405,1.303,50.823,0.708,51.228
69785,0.121,0.363,1.135,50.342,0.485,50.706
69786,0.344,0.252,0.862,49.574,0.596,49.826
69787,0.165,0.235,0.985,49.224,0.400,49.459
69788,0.352,0.293,0.847,48.761,0.645,49.053
69789,0.283,0.217,0.801,49.011,0.501,49.228
69790,0.122,0.140,0.775,49.335,0.262,49.475
69791,0.323,0.292,0.850,49.120,0.615,49.412
69792,0.463,0.233,0.656,49.393,0.697,49.626
69793,0.274,0.367,1.267,50.673,0.641,51.039
69794,0.337,0.524,1.332,51.471,0.861,51.995
69795,0.269,0.531,1.472,51.733,0.799,52.264
69796,0.167,0.287,1.209,50.160,0.453,50.447
69797,0.194,0.283,0.701,-9999.000,0.476,-9999.000
69798,0.210,0.293,0.661,-9999.000,0.504,-9999.000
69799,0.139,0.350,0.865,-9999.000,0.489,-9999.000
69800,-0.020,0.352,0.953,49.297,0.332,49.649
69801,0.170,0.503,0.813,49.797,0.673,50.300
69802,0.099,0.658,1.479,51.738,0.757,52.396
69803,0.127,0.623,1.728,51.822,0.750,52.445
69804,0.135,0.537,1.287,51.353,0.672,51.890
69805,0.329,0.556,1.545,52.021,0.885,52.576
69806,0.213,0.609,1.372,51.531,0.822,52.140
69807,0.632,0.518,1.339,51.501,1.150,52.019
69808,0.262,0.498,1.570,51.177,0.759,51.675
69809,0.126,0.536,1.569,51.168,0.662,51.704
69810,0.395,0.381,0.654,49.998,0.775,50.378
69811,0.395,0.177,0.648,49.463,0.573,49.640
69812,0.442,0.147,0.652,49.971,0.589,50.117
69813,0.298,0.276,0.590,50.245,0.574,50.521
69814,0.436,0.547,1.515,52.398,0.983,52.945
69815,0.306,0.692,2.168,53.692,0.998,54.384
69816,0.300,0.738,1.939,53.129,1.038,53.868
69817,0.349,0.664,1.868,53.335,1.013,53.999
69818,0.199,0.777,1.744,53.969,0.976,54.746
69819,-0.064,0.858,2.332,53.984,0.795,54.843
69820,0.031,0.773,1.262,52.799,0.805,53.572
69821,0.233,0.444,1.412,52.348,0.678,52.792
69822,-0.000,0.641,1.331,52.819,0.641,53.460
69823,0.090,0.676,1.703,53.069,0.766,53.745
69824,0.074,0.681,1.562,53.139,0.755,53.820
69825,0.311,0.622,1.509,52.911,0.932,53.533
69826,-0.027,0.545,1.252,-9999.000,0.519,-9999.000
69827,0.137,0.404,1.081,-9999.000,0.541,-9999.000
69828,0.101,0.632,1.347,-9999.000,0.732,-9999.000
69829,0.111,0.698,1.899,53.290,0.809,53.989
69830,0.154,0.584,1.588,52.725,0.738,53.309
69831,0.230,0.599,1.690,52.895,0.829,53.494
69832,0.654,0.722,1.901,53.653,1.376,54.375
69833,0.389,0.739,1.875,53.862,1.128,54.602
69834,0.268,0.697,2.045,54.248,0.965,54.945
69835,0.306,0.952,1.985,54.901,1.258,55.853
69836,0.348,0.887,2.615,55.755,1.236,56.642
69837,0.237,1.003,2.458,-9999.000,1.240,-9999.000
69838,0.255,0.880,1.916,-9999.000,1.135,-9999.000
69839,0.281,1.119,2.528,-9999.000,1.401,-9999.000
69840,-0.099,1.417,2.982,57.013,1.319,58.430
69841,-9999.000,-9999.000,-9999.000,-9999.000,-9999.000,-9999.000
69842,-9999.000,-9999.000,-9999.000,-9999.000,-9999.000,-9999.000
69843,-9999.000,-9999.000,-9999.000,-9999.000,-9999.000,-9999.000
69844,-9999.000,-9999.000,-9999.000,-9999.000,-9999.000,-9999.000
69845,-9999.000,-9999.000,-9999.000,-9999.000,-9999.000,-9999.000
69846,-9999.000,-9999.000,-9999.000,-9999.000,-9999.000,-9999.000
69847,-9999.000,-9999.000,-9999.000,-9999.000,-9999.000,-9999.000
69848,-9999.000,-9999.000,-9999.000,-9999.000,-9999.000,-9999.000
69849,-9999.000,-9999.000,-9999.000,-9999.000,-9999.000,-9999.000
69850,-9999.000,-9999.000,-9999.000,-9999.000,-9999.000,-9999.000
69851,-9999.000,-9999.000,-9999.000,-9999.000,-9999.000,-9999.000
69852,-9999.000,-9999.000,-9999.000,-9999.000,-9999.000,-9999.000
69853,-9999.000,-9999.000,-9999.000,-9999.000,-9999.000,-9999.000
69854,-9999.000,-9999.000,-9999.000,-9999.000,-9999.000,-9999.000
69855,-9999.000,-9999.000,-9999.000,-9999.000,-9999.000,-9999.000
69856,-9999.000,-9999.000,-9999.000,-9999.000,-9999.000,-9999.000
69857,-9999.000,-9999.000,-9999.000,-9999.000,-9999.000,-9999.000
69858,-9999.000,-9999.000,-9999.000,-9999.000,-9999.000,-9999.000
69859,-9999.000,-9999.000,-9999.000,-9999.000,-9999.000,-9999.000
69860,-9999.000,-9999.000,-9999.000,-9999.000,-9999.000,-9999.000
69861,-9999.000,-9999.000,-9999.000,-9999.000,-9999.000,-9999.000
69862,-9999.000,-9999.000,-9999.000,-9999.000,-9999.000,-9999.000
69863,-9999.000,-9999.000,-9999.000,-9999.000,-9999.000,-9999.000
69864,-9999.000,-9999.000,-9999.000,-9999.000,-9999.000,-9999.000
69865,-9999.000,-9999.000,-9999.000,-9999.000,-9999.000,-9999.000
69866,-9999.000,-9999.000,-9999.000,-9999.000,-9999.000,-9999.000
69867,-9999.000,-9999.000,-9999.000,-9999.000,-9999.000,-9999.000
69868,-9999.000,-9999.000,-9999.000,-9999.000,-9999.000,-9999.000
69869,-9999.000,-9999.000,-9999.000,-9999.000,-9999.000,-9999.000
69870,0.250,0.032,-9999.000,48.983,0.282,49.015
69871,-0.047,0.057,-9999.000,49.062,0.010,49.119
69872,0.064,0.068,-9999.000,48.998,0.132,49.066
69873,0.216,-0.010,-9999.000,48.830,0.206,48.820
69874,0.003,0.054,0.378,48.868,0.057,48.921
69875,0.120,0.327,0.878,50.922,0.447,51.249
69876,-0.086,1.195,2.607,55.868,1.109,57.064
69877,0.003,1.484,3.658,57.976,1.487,59.461
69878,-0.196,1.479,3.238,57.577,1.283,59.055
69879,0.045,1.552,3.649,58.111,1.597,59.663
69880,0.029,1.527,3.820,58.132,1.556,59.659
69881,0.017,1.406,3.350,-9999.000,1.422,-9999.000
69882,0.069,1.300,3.066,-9999.000,1.369,-9999.000
69883,0.080,1.309,2.788,-9999.000,1.389,-9999.000
69884,0.063,1.419,3.744,58.393,1.482,59.812
69885,-0.115,1.708,3.918,58.409,1.592,60.117
69886,0.094,1.650,3.983,58.831,1.744,60.482
69887,-0.073,1.682,3.543,58.938,1.609,60.620
69888,0.062,1.819,4.442,60.045,1.882,61.864
69889,0.167,1.798,4.352,59.893,1.965,61.691
69890,0.137,1.637,4.042,58.991,1.774,60.629
69891,0.017,1.675,4.031,58.738,1.692,60.413
69892,0.172,1.530,3.595,57.508,1.702,59.039
69893,-0.067,1.457,3.543,56.623,1.390,58.080
69894,0.054,1.394,3.385,56.831,1.448,58.225
69895,-0.133,1.420,3.288,56.453,1.288,57.874
69896,-0.032,1.485,3.236,56.266,1.454,57.752
69897,-0.036,1.796,4.101,58.534,1.760,60.330
69898,-0.069,0.791,2.413,53.174,0.722,53.966
69899,-0.082,0.504,0.896,51.151,0.422,51.655
69900,-0.195,0.805,2.100,53.098,0.610,53.903
69901,0.066,0.814,2.045,53.122,0.880,53.936
69902,-0.034,1.228,2.808,54.993,1.194,56.221
69903,0.047,1.076,2.746,54.466,1.123,55.541
69904,-0.069,1.213,2.777,54.588,1.144,55.801
69905,-0.155,1.371,3.326,56.168,1.216,57.539
69906,0.091,0.928,2.949,54.041,1.019,54.969
69907,0.253,0.587,1.049,50.578,0.839,51.165
69908,-0.094,1.014,2.549,51.512,0.920,52.526
69909,-0.060,1.072,2.516,52.533,1.012,53.604
69910,-0.029,0.940,2.285,-9999.000,0.911,-9999.000
69911,0.095,0.794,1.617,-9999.000,0.889,-9999.000
69912,-0.211,1.086,2.699,-9999.000,0.875,-9999.000
69913,0.141,1.042,2.381,52.287,1.182,53.329
69914,-0.116,1.091,2.799,52.821,0.975,53.911
69915,0.092,1.043,2.324,51.950,1.135,52.993
69916,0.060,1.049,2.644,52.384,1.110,53.433
69917,0.188,0.920,2.209,52.595,1.108,53.515
69918,-0.234,0.539,1.533,-9999.000,0.305,-9999.000
69919,-0.194,0.342,0.634,-9999.000,0.148,-9999.000
69920,-0.190,0.358,0.864,-9999.000,0.168,-9999.000
69921,-0.014,0.576,0.968,-9999.000,0.562,-9999.000
69922,0.031,0.918,2.265,52.818,0.949,53.736
69923,0.246,1.027,2.488,53.609,1.272,54.636
69924,0.455,1.017,2.778,53.760,1.472,54.778
69925,0.437,0.964,2.717,53.829,1.401,54.794
69926,0.352,0.745,2.046,51.423,1.097,52.168
69927,0.162,0.735,1.959,51.203,0.897,51.938
69928,0.138,0.809,2.153,51.856,0.947,52.666
69929,-0.116,0.863,2.238,51.726,0.747,52.589
69930,-0.141,0.908,1.819,51.279,0.768,52.188
69931,-0.027,0.755,1.598,50.566,0.729,51.321
69932,0.393,0.761,1.542,50.497,1.153,51.258
69933,0.064,0.802,1.745,51.188,0.867,51.990
69934,0.187,0.932,2.091,51.608,1.119,52.540
69935,0.105,0.940,2.087,51.568,1.045,52.509
69936,0.129,0.977,2.291,52.021,1.106,52.999
69937,0.264,0.940,2.304,52.465,1.204,53.405
69938,0.029,0.813,2.472,52.572,0.842,53.385
69939,0.131,0.885,2.178,52.201,1.016,53.086
69940,0.125,0.851,2.206,51.684,0.976,52.535
69941,0.077,0.994,1.979,51.172,1.071,52.166
69942,0.027,0.938,2.148,50.776,0.966,51.714
69943,-0.166,0.964,1.878,50.639,0.798,51.603
69944,-0.011,0.896,2.024,50.276,0.885,51.173
69945,0.221,0.768,1.894,50.254,0.989,51.023
69946,0.086,0.838,1.767,50.326,0.923,51.164
69947,-0.142,0.760,2.234,50.320,0.618,51.080
69948,0.029,0.766,1.473,50.633,0.796,51.399
69949,-0.058,0.831,2.102,50.538,0.773,51.370
69950,0.214,0.802,1.462,51.386,1.016,52.188
69951,0.067,0.861,2.171,51.507,0.928,52.368
69952,0.138,0.869,2.009,51.154,1.007,52.023
69953,0.104,0.778,1.930,50.971,0.882,51.749
69954,0.459,0.665,1.830,50.870,1.124,51.535
69955,0.108,0.784,2.177,50.796,0.892,51.580
69956,0.105,0.992,2.019,51.457,1.097,52.449
69957,-0.015,1.124,2.393,52.447,1.109,53.570
69958,-0.129,0.981,2.216,-9999.000,0.853,-9999.000
69959,0.046,1.032,1.841,-9999.000,1.079,-9999.000
69960,0.233,1.349,2.756,-9999.000,1.581,-9999.000
69961,-0.174,1.992,4.262,54.392,1.818,56.384
69962,0.222,1.494,3.482,52.527,1.715,54.021
69963,0.021,0.481,0.967,48.481,0.502,48.961
69964,0.226,0.329,0.639,-9999.000,0.555,-9999.000
69965,0.096,0.246,0.562,-9999.000,0.342,-9999.000
69966,-0.096,0.720,1.195,-9999.000,0.623,-9999.000
69967,0.033,1.127,2.182,50.501,1.161,51.628
69968,0.039,1.331,2.831,51.420,1.370,52.751
69969,-0.078,1.275,2.715,50.359,1.197,51.633
69970,0.161,0.670,0.939,-9999.000,0.831,-9999.000
69971,-0.188,0.352,0.767,-9999.000,0.164,-9999.000
69972,-0.252,0.420,1.100,-9999.000,0.168,-9999.000
69973,-0.218,0.777,0.887,48.415,0.559,49.192
69974,-0.090,0.646,1.386,48.643,0.557,49.290
69975,0.034,0.125,0.222,47.599,0.159,47.724
69976,-0.138,0.110,-0.020,47.957,-0.028,48.067
69977,0.130,0.098,0.225,48.084,0.228,48.182
69978,-0.065,0.101,-0.013,47.916,0.036,48.017
69979,-0.031,0.052,0.160,47.867,0.022,47.919
69980,-0.026,0.077,-0.040,48.014,0.050,48.090
69981,-0.131,0.124,0.145,48.021,-0.007,48.145
69982,-0.069,0.086,0.192,47.906,0.017,47.992
69983,0.226,0.093,0.191,47.475,0.319,47.568
69984,0.052,-0.026,0.101,47.560,0.026,47.534
69985,0.172,0.018,0.157,47.566,0.190,47.584
69986,0.000,0.065,-0.007,47.297,0.065,47.362
69987,0.106,-0.050,0.043,47.326,0.056,47.276
69988,0.178,-0.039,0.033,47.719,0.139,47.680
69989,0.032,0.042,0.035,47.824,0.074,47.865
69990,-0.104,0.050,0.032,47.918,-0.053,47.968
69991,0.112,0.123,-0.062,47.603,0.236,47.726
69992,-0.081,0.112,0.187,48.001,0.031,48.113
69993,0.033,0.069,-0.056,48.021,0.103,48.091
69994,-0.069,0.013,0.110,47.936,-0.056,47.949
69995,-0.108,0.048,0.208,47.681,-0.059,47.729
69996,-0.021,0.080,0.065,47.792,0.059,47.872
69997,-0.010,0.057,0.083,48.024,0.047,48.081
69998,-0.068,0.149,0.213,48.245,0.081,48.395
69999,0.073,0.056,0.166,47.610,0.129,47.666
70000,-0.196,0.060,0.199,47.844,-0.136,47.904
70001,-0.148,0.106,0.288,47.844,-0.041,47.951
70002,-0.054,0.250,0.072,47.158,0.196,47.408
70003,-0.100,0.097,0.229,48.217,-0.003,48.314
70004,0.105,0.022,0.304,48.332,0.127,48.354
70005,0.218,0.035,0.140,47.597,0.252,47.632
70006,0.080,0.035,0.198,47.562,0.115,47.597
70007,-0.069,0.086,0.169,47.495,0.018,47.581
70008,0.034,-0.003,0.187,47.521,0.031,47.519
70009,0.100,-0.038,0.198,47.403,0.061,47.364
70010,-0.108,0.110,0.337,47.323,0.002,47.433
70011,0.061,0.018,0.123,47.671,0.079,47.689
70012,-0.079,0.043,0.203,47.479,-0.037,47.521
70013,-0.079,0.021,0.156,47.325,-0.058,47.346
70014,-0.077,0.128,0.090,47.328,0.051,47.456
70015,-0.050,0.014,0.204,47.460,-0.036,47.474
70016,-0.003,0.034,0.150,47.299,0.030,47.333
70017,-0.142,-0.048,0.096,47.245,-0.190,47.197
70018,0.006,0.015,0.219,46.523,0.021,46.538
70019,0.092,0.033,0.144,46.255,0.125,46.287
70020,-0.064,0.125,0.309,45.968,0.061,46.092
70021,-0.099,0.435,0.509,46.899,0.336,47.335
70022,-0.121,1.073,1.888,48.338,0.952,49.411
70023,-0.006,1.281,2.504,49.127,1.275,50.408
70024,-0.117,1.415,2.563,49.446,1.298,50.861
70025,0.048,1.512,2.936,49.661,1.560,51.173
70026,-0.052,1.844,3.477,50.438,1.792,52.282
70027,0.035,1.543,2.938,-9999.000,1.578,-9999.000
70028,0.190,1.345,2.163,-9999.000,1.534,-9999.000
70029,-0.036,1.464,2.503,-9999.000,1.427,-9999.000
70030,-0.063,2.132,3.989,51.182,2.069,53.314
70031,-0.058,2.409,4.549,52.157,2.351,54.566
70032,-0.092,2.654,4.864,52.982,2.561,55.636
70033,0.209,2.775,4.876,51.700,2.984,54.475
70034,0.142,1.787,3.427,50.791,1.928,52.578
70035,0.180,1.224,2.699,50.597,1.404,51.821
70036,-0.121,0.582,1.516,50.151,0.460,50.733
70037,0.055,0.375,0.283,48.506,0.430,48.880
70038,-0.116,0.353,0.897,49.125,0.237,49.478
70039,-0.171,0.199,-0.129,48.660,0.028,48.859
70040,-0.063,0.165,0.085,48.491,0.102,48.655
70041,-0.078,0.081,0.317,48.544,0.003,48.625
70042,0.045,0.115,0.093,48.109,0.161,48.224
70043,-0.079,0.123,0.043,47.557,0.044,47.680
70044,-0.011,0.111,0.301,48.020,0.100,48.131
70045,0.072,0.113,-0.043,47.796,0.185,47.910
70046,-0.159,0.109,0.154,47.671,-0.050,47.780
70047,-0.220,0.053,0.129,47.828,-0.166,47.881
70048,-0.005,0.087,0.058,47.937,0.082,48.024
70049,0.094,-0.017,0.009,47.374,0.077,47.357
70050,0.055,0.108,0.149,47.149,0.163,47.257
70051,-0.343,0.114,0.307,46.798,-0.229,46.912
70052,-0.107,0.102,0.139,46.704,-0.005,46.806
70053,-0.004,-0.064,0.089,47.282,-0.068,47.218
70054,0.008,0.041,0.168,48.101,0.049,48.142
70055,-0.049,0.024,0.202,47.936,-0.025,47.961
70056,0.035,0.050,0.130,46.972,0.085,47.023
70057,0.030,0.028,0.251,47.006,0.058,47.034
70058,0.013,0.147,0.189,45.963,0.160,46.110
70059,-0.102,0.165,0.032,45.646,0.063,45.811
70060,-0.003,0.136,0.194,45.414,0.132,45.549
70061,0.080,0.103,0.226,45.264,0.183,45.366
70062,-0.101,0.086,0.237,45.316,-0.014,45.403
70063,-0.162,0.108,0.070,45.500,-0.054,45.607
70064,0.035,0.131,0.290,46.200,0.165,46.331
70065,0.012,0.016,0.032,46.574,0.028,46.590
70066,0.173,-0.010,0.518,46.710,0.163,46.700
70067,-0.002,0.063,0.232,46.466,0.060,46.529
70068,-0.033,0.054,0.288,46.540,0.021,46.595
70069,-0.071,0.061,0.229,46.490,-0.010,46.551
70070,-0.154,0.061,0.247,46.160,-0.093,46.221
70071,0.072,0.020,0.035,45.874,0.093,45.894
70072,0.058,0.062,0.125,45.852,0.119,45.914
70073,-0.039,0.043,0.205,47.673,0.003,47.716
70074,-0.089,0.052,0.148,48.141,-0.037,48.193
70075,-0.057,0.008,0.255,48.179,-0.049,48.186
70076,0.055,0.029,0.038,48.194,0.084,48.223
70077,0.120,-0.023,0.024,48.087,0.097,48.065
70078,0.062,0.073,-0.060,47.917,0.135,47.990
70079,-0.147,0.087,0.246,48.437,-0.060,48.525
70080,0.263,0.078,-0.051,47.781,0.341,47.860
70081,0.066,0.060,0.058,48.349,0.127,48.410
70082,-0.041,0.113,0.130,48.332,0.072,48.446
70083,0.060,-0.005,0.115,48.435,0.055,48.430
70084,-0.033,0.018,-0.078,48.276,-0.015,48.294
70085,0.112,-0.011,0.186,48.527,0.101,48.516
70086,-0.113,0.082,0.200,48.380,-0.031,48.462
70087,0.071,-0.003,0.129,48.541,0.068,48.538
70088,0.044,0.068,0.101,48.314,0.111,48.382
70089,0.036,0.053,0.032,48.345,0.089,48.398
70090,0.014,0.070,0.076,48.010,0.084,48.080
70091,-0.076,0.011,0.055,48.056,-0.064,48.067
70092,0.049,0.097,0.021,48.210,0.146,48.307
70093,-0.012,0.038,0.328,48.488,0.027,48.527
70094,0.030,0.082,0.099,48.075,0.111,48.157
70095,-0.138,0.045,-0.009,48.201,-0.093,48.247
70096,0.080,0.029,0.034,48.248,0.109,48.277
70097,0.047,0.062,0.184,48.124,0.109,48.186
70098,0.112,0.003,0.099,48.223,0.115,48.226
70099,0.090,0.021,0.168,48.171,0.111,48.192
70100,-0.137,0.087,0.155,48.026,-0.050,48.113
70101,0.225,0.000,0.331,48.835,0.225,48.835
70102,-0.019,0.127,0.072,48.484,0.108,48.611
70103,0.102,0.087,0.046,48.680,0.189,48.767
70104,0.173,0.004,0.090,48.588,0.177,48.593
70105,0.089,-0.006,0.157,49.047,0.083,49.041
