data/rawdat/flt20220906/NOxCaRD_N57_20220906_R0.ict
39, 1001
Kristen Zuraski, Jeff Peischl, Steven. S. Brown, Wyndom S. Chace, Ken Aikin
NOAA Chemical Sciences Laboratory
NOxCaRD Instrument
CalFiDE
1, 1
2022, 09, 06, 2023, 02, 24
0
TO_Time_UTC, seconds_past_midnight
6
1, 1, 1, 1, 1, 1
-9999, -9999, -9999, -9999, -9999, -9999
NO_ppbv, ppbv
NO2_ppbv, ppbv
NOy_ppbv, ppbv
O3_ppbv, ppbv
NOx_ppbv, ppbv
Ox_ppbv, ppbv
1
N/A
18
PI_CONTACT_INFO: Address: NOAA Chemical Sciences Laboratory, Mail Stop R/CSL7, 325 Broadway, Boulder, CO 80305
PLATFORM: NOAA Twin Otter N57
LOCATION: California and Oregon
ASSOCIATED_DATA: N/A
INSTRUMENT_INFO: N/A
DATA_INFO: Units: parts per billion by volume (ppbv)
UNCERTAINTY: 5%
ULOD_FLAG: -7777
ULOD_VALUE: N/A
LLOD_FLAG: -8888
LLOD_VALUE: 50 pptv
DM_CONTACT_INFO: Data Manager: Ken Aikin; kenneth.c.aikin@noaa.gov
PROJECT_INFO: CalFiDE dates of study: August–September, 2022
STIPULATIONS_ON_USE: Use of these data require prior ok from PI.
OTHER_COMMENTS: 
REVISION: R0
R0: Final Data
TO_Time_UTC, NO_ppbv, NO2_ppbv, NOy_ppbv, O3_ppbv, NOx_ppbv, Ox_ppbv
[from data line 12332]
73531,0.079,0.081,0.082,48.125,0.161,48.206
73532,0.032,0.126,0.001,48.200,0.159,48.326
73533,0.129,0.055,0.084,48.312,0.184,48.367
73534,0.108,0.029,0.092,48.386,0.137,48.415
73535,0.025,0.036,0.025,48.307,0.061,48.343
73536,0.027,0.053,0.057,48.395,0.080,48.449
73537,0.001,0.043,0.070,48.343,0.044,48.386
73538,0.019,0.076,0.066,48.093,0.095,48.170
73539,0.008,0.106,0.084,48.453,0.113,48.558
73540,0.069,0.039,0.163,48.098,0.108,48.137
73541,0.075,-0.050,0.058,48.339,0.025,48.289
73542,-0.011,0.061,0.040,48.308,0.050,48.368
73543,-0.155,0.045,0.014,48.300,-0.110,48.345
73544,0.073,0.039,0.035,48.539,0.112,48.578
73545,-0.015,0.043,0.020,48.913,0.028,48.957
73546,-0.031,0.107,0.031,48.716,0.076,48.823
73547,0.093,-0.026,0.082,49.087,0.068,49.061
73548,0.004,0.108,0.118,49.042,0.112,49.150
73549,0.091,-0.001,-0.006,49.171,0.090,49.170
73550,-0.026,0.031,0.005,49.326,0.005,49.357
73551,-0.039,0.057,0.131,49.432,0.018,49.489
73552,0.045,0.033,0.086,49.259,0.077,49.292
73553,0.048,0.036,0.066,49.284,0.085,49.321
73554,0.089,0.059,0.137,49.323,0.148,49.382
73555,0.069,0.109,0.127,49.395,0.178,49.503
73556,0.054,0.019,0.147,49.095,0.073,49.114
73557,-0.025,0.037,0.160,49.128,0.012,49.165
73558,0.069,0.070,0.152,48.831,0.139,48.901
73559,-0.056,0.120,0.006,48.558,0.064,48.679
73560,-0.003,0.088,0.017,49.013,0.084,49.101
73561,-0.051,0.075,0.071,48.963,0.023,49.037
73562,0.104,0.072,0.034,48.895,0.175,48.966
73563,-0.012,0.020,0.029,48.932,0.008,48.952
73564,0.055,-0.022,-0.039,48.719,0.033,48.697
73565,-0.017,0.012,-0.030,48.799,-0.005,48.811
73566,0.271,0.020,0.070,-9999.000,0.291,-9999.000
73567,0.043,0.041,0.066,-9999.000,0.083,-9999.000
73568,-0.079,0.035,-0.046,48.840,-0.044,48.875
73569,-0.130,0.057,0.130,48.614,-0.073,48.671
73570,0.010,0.112,-0.054,48.574,0.122,48.686
73571,0.077,-0.012,0.023,48.517,0.065,48.505
73572,0.109,0.089,-0.023,48.507,0.198,48.596
73573,-0.124,0.115,-0.157,48.658,-0.009,48.773
73574,-0.098,0.072,0.063,48.876,-0.026,48.948
73575,-0.133,0.113,0.064,48.891,-0.020,49.004
73576,0.144,-0.015,0.054,48.893,0.129,48.878
73577,-0.121,0.063,-0.099,48.797,-0.058,48.860
73578,0.049,0.081,0.063,48.839,0.129,48.920
73579,0.061,0.058,0.093,48.839,0.119,48.896
73580,0.074,0.081,-0.092,48.777,0.156,48.858
73581,-0.099,0.073,0.164,48.012,-0.026,48.084
73582,0.180,-0.047,0.104,48.118,0.133,48.071
73583,-0.016,0.031,-0.063,48.225,0.015,48.256
73584,0.310,-0.061,-0.062,48.440,0.249,48.379
73585,0.161,-0.026,0.033,48.753,0.135,48.728
73586,-0.000,0.042,0.145,48.286,0.042,48.328
73587,0.102,0.099,0.021,47.779,0.201,47.878
73588,0.222,0.021,0.048,48.077,0.243,48.097
73589,0.019,-0.045,0.026,47.982,-0.026,47.937
73590,0.103,0.013,0.110,47.927,0.115,47.940
73591,0.034,-0.023,0.056,47.802,0.011,47.779
73592,0.093,-0.023,-0.050,47.909,0.070,47.886
73593,-0.126,0.047,-0.055,47.953,-0.079,48.000
73594,0.078,0.060,-0.071,47.799,0.138,47.860
73595,-0.036,0.021,-0.035,47.732,-0.016,47.753
73596,0.126,0.032,-0.079,48.001,0.158,48.032
73597,-0.222,0.056,0.124,48.054,-0.165,48.110
73598,0.011,0.047,0.017,48.161,0.058,48.208
73599,0.089,-0.009,0.116,48.473,0.079,48.464
73600,0.069,0.067,-0.050,48.351,0.136,48.418
73601,0.121,-0.007,0.026,48.221,0.115,48.214
73602,-0.099,0.045,-0.012,48.403,-0.054,48.448
73603,-0.005,-0.005,0.070,48.592,-0.010,48.587
73604,0.001,0.049,0.114,48.480,0.049,48.529
73605,-0.007,0.090,0.062,48.491,0.083,48.582
73606,-0.118,0.059,0.044,48.499,-0.059,48.557
73607,0.142,0.037,0.158,48.434,0.179,48.471
73608,0.284,-0.105,0.109,48.614,0.178,48.509
73609,0.052,0.027,0.139,48.540,0.079,48.567
73610,0.223,-0.112,-0.106,48.730,0.111,48.618
73611,0.128,-0.020,0.053,48.490,0.107,48.470
73612,0.016,-0.038,0.127,48.650,-0.022,48.611
73613,0.117,-0.064,-0.010,48.403,0.052,48.339
73614,0.073,-0.018,-0.098,48.662,0.055,48.644
73615,0.042,-0.036,-0.027,48.588,0.006,48.552
73616,0.114,-0.008,-0.087,48.456,0.106,48.449
73617,0.078,-0.033,0.028,48.554,0.045,48.522
73618,0.128,-0.091,-0.018,48.540,0.037,48.449
73619,0.043,-0.006,0.034,48.601,0.037,48.595
73620,0.049,-0.018,0.125,48.796,0.031,48.777
73621,0.096,-0.009,-0.054,-9999.000,0.087,-9999.000
73622,0.090,-0.004,0.113,-9999.000,0.086,-9999.000
73623,0.089,-0.010,0.031,48.629,0.079,48.619
73624,-0.151,0.080,0.239,48.622,-0.071,48.702
73625,0.060,0.001,0.002,48.789,0.061,48.790
73626,0.214,0.023,0.163,48.725,0.237,48.747
73627,0.006,-0.029,0.075,48.765,-0.023,48.736
73628,0.196,-0.022,-0.027,48.752,0.174,48.730
73629,0.169,-0.046,0.033,48.543,0.123,48.497
73630,0.035,-0.010,0.094,48.756,0.025,48.746
73631,0.144,-0.024,0.025,48.546,0.120,48.523
73632,0.099,-0.024,0.032,48.614,0.075,48.591
73633,0.162,-0.090,-0.022,48.865,0.071,48.775
73634,0.111,-0.016,0.133,48.653,0.095,48.637
73635,0.120,-0.078,0.074,49.026,0.042,48.948
73636,0.108,-0.066,-0.108,48.813,0.042,48.747
73637,0.144,-0.030,0.162,48.744,0.114,48.715
73638,0.057,0.005,0.279,48.466,0.061,48.470
73639,0.302,-0.023,-0.288,48.530,0.280,48.507
73640,0.140,-0.029,-0.111,48.684,0.110,48.654
73641,0.063,0.015,0.211,49.020,0.078,49.036
73642,-0.128,0.006,-0.013,48.658,-0.122,48.664
73643,0.025,0.032,-0.090,48.489,0.057,48.521
73644,0.085,-0.067,-0.128,48.747,0.018,48.679
73645,0.155,-0.056,0.009,48.498,0.099,48.442
73646,0.156,-0.089,0.001,48.953,0.067,48.864
73647,0.136,0.011,0.030,48.494,0.147,48.504
73648,0.086,-0.044,-0.046,48.698,0.042,48.653
73649,0.189,-0.143,0.063,48.918,0.046,48.775
73650,0.126,-0.028,0.029,48.685,0.098,48.657
73651,0.128,-0.097,0.164,49.116,0.031,49.019
73652,-0.013,0.018,0.036,48.950,0.005,48.968
73653,0.055,-0.018,-0.178,48.927,0.037,48.909
73654,0.100,0.018,0.002,48.802,0.118,48.820
73655,0.093,-0.070,0.101,49.153,0.023,49.083
73656,0.022,-0.110,0.100,49.041,-0.088,48.931
73657,0.270,-0.023,-0.038,49.009,0.246,48.986
73658,0.251,-0.154,0.015,49.206,0.096,49.052
73659,0.096,0.005,-0.131,49.076,0.101,49.081
73660,0.112,-0.038,0.011,49.040,0.073,49.002
73661,0.082,-0.030,-0.049,49.012,0.052,48.982
73662,0.119,-0.133,0.161,49.060,-0.015,48.927
73663,0.055,-0.103,0.100,48.955,-0.048,48.852
73664,0.057,-0.002,-0.082,48.865,0.055,48.862
73665,-0.018,-0.030,0.094,48.973,-0.048,48.942
73666,0.175,-0.066,0.003,48.937,0.109,48.871
73667,0.172,-0.043,-0.005,49.167,0.129,49.124
73668,0.111,-0.064,0.088,49.173,0.047,49.109
73669,-0.041,-0.001,0.061,49.048,-0.042,49.048
73670,0.187,-0.071,0.032,49.073,0.116,49.001
73671,0.139,-0.035,0.083,-9999.000,0.104,-9999.000
73672,0.337,-0.093,0.036,-9999.000,0.244,-9999.000
73673,0.179,-0.069,0.071,49.373,0.110,49.304
73674,0.154,-0.055,0.095,49.418,0.099,49.363
73675,0.141,-0.029,0.245,49.605,0.112,49.576
73676,0.197,-0.042,-0.016,49.235,0.156,49.193
73677,0.182,-0.140,0.002,49.420,0.042,49.280
73678,0.103,-0.019,0.158,49.423,0.083,49.403
73679,0.169,-0.089,-0.195,49.471,0.080,49.382
73680,0.098,-0.090,0.191,49.378,0.008,49.288
73681,0.273,-0.121,0.234,49.142,0.153,49.021
73682,0.260,-0.054,-0.146,49.336,0.206,49.283
73683,0.325,-0.167,0.044,49.770,0.158,49.603
73684,0.117,-0.144,0.221,49.733,-0.027,49.589
73685,0.070,-0.044,0.300,49.369,0.026,49.325
73686,0.171,-0.101,-0.018,49.215,0.071,49.114
73687,0.057,-0.082,0.064,49.366,-0.025,49.284
73688,0.218,-0.112,0.100,49.358,0.106,49.246
73689,0.198,-0.037,0.014,49.561,0.161,49.524
73690,0.316,-0.079,0.123,49.363,0.237,49.284
73691,0.137,-0.003,-0.130,49.329,0.134,49.326
73692,0.284,-0.096,0.144,49.312,0.188,49.216
73693,0.151,-0.047,-0.012,49.731,0.104,49.684
73694,0.177,-0.045,0.077,49.542,0.132,49.497
73695,0.274,-0.095,0.175,49.633,0.179,49.538
73696,0.105,-0.073,0.071,49.665,0.032,49.592
73697,0.205,-0.095,0.108,49.570,0.110,49.475
73698,0.209,-0.051,0.040,49.484,0.159,49.434
73699,0.232,-0.090,0.152,49.749,0.141,49.658
73700,0.153,-0.145,0.173,49.751,0.008,49.606
73701,0.195,-0.030,0.057,49.799,0.165,49.769
73702,0.351,-0.102,0.073,49.816,0.249,49.713
73703,0.208,-0.163,0.145,50.020,0.045,49.858
73704,0.081,-0.050,0.039,49.815,0.030,49.764
73705,0.118,-0.051,0.231,50.076,0.068,50.025
73706,0.336,-0.069,0.005,50.043,0.266,49.974
73707,0.250,-0.094,0.070,49.879,0.156,49.785
73708,0.201,-0.064,0.159,49.916,0.137,49.852
73709,0.173,-0.052,0.168,50.271,0.121,50.219
73710,0.209,-0.099,0.046,50.082,0.110,49.983
73711,0.318,-0.135,0.071,49.802,0.183,49.667
73712,0.339,-0.106,0.094,49.633,0.233,49.526
73713,0.367,-0.093,0.095,50.122,0.274,50.029
73714,0.196,-0.064,0.123,50.089,0.132,50.025
73715,0.319,-0.086,0.155,49.944,0.233,49.858
73716,0.167,-0.082,0.030,49.721,0.085,49.639
73717,0.189,-0.057,0.255,50.047,0.131,49.990
73718,0.250,-0.146,0.124,50.447,0.104,50.301
73719,0.371,-0.070,0.022,50.560,0.301,50.490
73720,0.096,-0.110,0.123,50.549,-0.014,50.439
73721,0.144,-0.124,0.120,50.640,0.020,50.517
73722,0.293,-0.169,0.042,50.454,0.124,50.285
73723,0.279,-0.098,0.156,50.836,0.181,50.738
73724,0.249,-0.085,0.070,50.923,0.164,50.838
73725,0.268,-0.071,0.033,50.941,0.197,50.870
73726,0.259,-0.123,0.122,51.038,0.136,50.915
73727,0.151,-0.068,0.121,50.929,0.083,50.861
73728,0.446,-0.087,0.130,51.168,0.359,51.081
73729,0.272,-0.134,0.090,51.050,0.137,50.915
73730,0.261,-0.062,-0.023,50.789,0.199,50.726
73731,0.304,-0.096,0.043,51.041,0.208,50.945
73732,0.179,-0.144,0.148,51.072,0.035,50.928
73733,0.400,-0.115,0.184,50.843,0.285,50.728
73734,0.334,-0.099,0.040,51.044,0.235,50.945
73735,0.198,-0.066,-0.063,51.056,0.132,50.990
73736,0.232,-0.122,0.075,50.892,0.110,50.770
73737,0.150,-0.046,0.123,50.993,0.105,50.947
73738,0.350,-0.113,0.094,50.964,0.237,50.851
73739,0.280,-0.063,0.227,50.937,0.218,50.875
73740,0.260,-0.064,0.097,50.923,0.196,50.859
73741,0.294,-0.021,0.096,50.886,0.272,50.865
73742,0.066,-0.009,0.048,50.907,0.057,50.899
73743,0.256,-0.089,0.044,50.951,0.167,50.862
73744,0.054,-0.059,0.008,50.899,-0.005,50.840
73745,0.208,-0.032,0.017,51.025,0.176,50.993
73746,0.270,0.000,0.082,50.698,0.271,50.698
73747,0.353,-0.093,-0.033,50.663,0.260,50.570
73748,0.330,-0.122,0.055,50.996,0.208,50.874
73749,0.293,-0.099,0.026,50.973,0.194,50.874
73750,0.334,-0.106,0.075,50.959,0.228,50.853
73751,0.316,0.019,-0.023,50.771,0.335,50.790
73752,0.293,-0.110,0.191,50.747,0.183,50.637
73753,0.248,-0.045,-0.160,51.013,0.203,50.968
73754,0.247,-0.088,0.144,-9999.000,0.159,-9999.000
73755,0.287,-0.080,0.119,-9999.000,0.206,-9999.000
73756,0.264,-0.005,-0.002,-9999.000,0.259,-9999.000
73757,0.304,-0.081,0.102,50.255,0.223,50.173
73758,0.111,0.033,0.298,50.043,0.144,50.076
73759,0.129,-0.034,0.297,49.342,0.095,49.308
73760,0.261,-0.177,-0.059,48.934,0.084,48.757
73761,0.183,-0.066,-0.019,49.081,0.117,49.016
73762,0.072,-0.068,-0.011,49.814,0.004,49.747
73763,0.308,-0.079,0.002,50.598,0.229,50.519
73764,0.410,-0.172,0.115,51.104,0.238,50.932
73765,0.255,-0.047,0.108,51.105,0.208,51.057
73766,0.234,-0.069,0.027,50.927,0.165,50.858
73767,0.348,-0.116,-0.030,51.147,0.233,51.031
73768,0.218,-0.004,0.097,51.086,0.214,51.082
73769,0.386,-0.050,0.102,50.236,0.336,50.187
73770,0.247,-0.147,0.116,49.102,0.101,48.956
73771,0.241,-0.096,0.040,49.215,0.145,49.119
73772,0.171,-0.037,0.067,48.943,0.135,48.907
73773,0.270,-0.029,0.223,49.071,0.241,49.041
73774,0.246,-0.073,-0.049,48.956,0.173,48.883
73775,0.282,-0.077,0.222,48.930,0.206,48.853
73776,0.332,-0.036,0.105,48.902,0.296,48.866
73777,0.318,0.033,0.255,48.677,0.351,48.710
73778,0.231,-0.095,0.131,48.826,0.137,48.731
73779,0.136,-0.013,-0.067,48.781,0.122,48.768
73780,0.140,-0.040,0.047,48.659,0.100,48.619
73781,0.163,0.013,0.059,49.605,0.176,49.618
73782,0.219,-0.080,0.174,50.096,0.139,50.016
73783,0.188,0.010,-0.072,50.190,0.198,50.199
73784,0.118,-0.025,0.166,50.435,0.093,50.410
73785,0.235,-0.052,0.091,49.828,0.183,49.776
73786,0.207,-0.051,0.110,49.207,0.156,49.156
73787,0.211,-0.056,0.139,49.707,0.155,49.651
73788,0.225,-0.025,0.089,49.401,0.200,49.376
73789,0.200,0.035,0.100,49.231,0.235,49.265
73790,0.324,-0.062,-0.016,49.666,0.263,49.604
73791,0.234,-0.074,-0.013,50.488,0.160,50.415
73792,0.214,-0.048,0.143,50.975,0.166,50.927
73793,0.232,-0.049,0.179,51.326,0.183,51.277
73794,0.230,-0.066,0.179,51.001,0.164,50.935
73795,0.238,-0.006,-0.001,51.261,0.233,51.255
73796,0.237,-0.038,0.056,51.168,0.200,51.130
73797,0.178,-0.012,0.185,50.814,0.166,50.802
73798,0.122,-0.012,0.120,51.342,0.110,51.330
73799,0.197,0.014,0.139,51.213,0.211,51.227
73800,0.154,-0.010,0.194,51.521,0.144,51.512
73801,0.171,-0.018,0.158,51.628,0.153,51.610
73802,0.084,-0.062,0.158,51.586,0.022,51.524
73803,0.245,-0.022,0.139,51.395,0.223,51.373
73804,0.275,0.012,0.217,50.791,0.288,50.803
73805,0.205,-0.057,0.073,50.874,0.147,50.817
73806,0.203,-0.032,0.138,50.791,0.171,50.759
73807,0.109,0.053,0.075,51.082,0.162,51.135
73808,0.172,-0.004,0.238,50.618,0.168,50.614
73809,0.049,0.002,-0.050,50.269,0.051,50.271
73810,0.087,0.073,0.290,49.996,0.160,50.069
73811,0.281,-0.031,0.090,49.904,0.250,49.873
73812,0.227,-0.100,0.388,50.029,0.127,49.929
73813,0.084,0.009,0.105,49.800,0.093,49.809
73814,0.134,0.070,-0.145,50.270,0.204,50.340
73815,0.199,-0.016,0.152,51.091,0.183,51.074
73816,0.169,0.025,0.162,51.005,0.194,51.030
73817,0.287,-0.001,0.175,51.082,0.286,51.081
73818,0.237,-0.056,0.261,51.136,0.181,51.080
73819,0.102,0.060,0.177,50.992,0.162,51.052
73820,0.143,-0.006,0.098,50.796,0.137,50.790
73821,0.317,-0.066,0.244,50.594,0.251,50.528
73822,0.225,0.039,0.182,50.996,0.264,51.035
73823,0.127,-0.026,0.178,51.548,0.101,51.522
73824,0.206,-0.033,0.151,51.461,0.173,51.428
73825,0.282,-0.032,0.312,51.516,0.250,51.484
73826,0.114,0.006,0.153,51.349,0.120,51.355
73827,0.173,-0.013,0.120,51.285,0.160,51.272
73828,0.100,-0.003,0.220,51.309,0.097,51.306
73829,0.126,0.051,0.160,51.654,0.178,51.705
73830,0.124,0.046,0.193,51.477,0.170,51.523
73831,0.030,-0.034,0.256,50.703,-0.004,50.669
73832,0.135,-0.012,0.137,50.801,0.123,50.789
73833,0.079,0.105,0.030,50.723,0.184,50.828
73834,0.178,0.041,0.028,50.380,0.219,50.421
73835,0.039,0.010,0.469,50.724,0.049,50.734
73836,0.155,0.087,-0.077,51.031,0.242,51.118
73837,0.142,0.049,0.131,51.149,0.191,51.197
73838,0.155,0.030,0.396,51.107,0.185,51.137
73839,0.164,-0.012,0.214,50.826,0.152,50.815
73840,0.101,0.044,0.192,50.615,0.145,50.659
73841,-9999.000,-9999.000,-9999.000,-9999.000,-9999.000,-9999.000
73842,-9999.000,-9999.000,-9999.000,-9999.000,-9999.000,-9999.000
73843,-9999.000,-9999.000,-9999.000,-9999.000,-9999.000,-9999.000
73844,-9999.000,-9999.000,-9999.000,-9999.000,-9999.000,-9999.000
73845,-9999.000,-9999.000,-9999.000,-9999.000,-9999.000,-9999.000
73846,-9999.000,-9999.000,-9999.000,-9999.000,-9999.000,-9999.000
73847,-9999.000,-9999.000,-9999.000,-9999.000,-9999.000,-9999.000
73848,-9999.000,-9999.000,-9999.000,-9999.000,-9999.000,-9999.000
73849,-9999.000,-9999.000,-9999.000,-9999.000,-9999.000,-9999.000
73850,-9999.000,-9999.000,-9999.000,-9999.000,-9999.000,-9999.000
73851,-9999.000,-9999.000,-9999.000,-9999.000,-9999.000,-9999.000
73852,-9999.000,-9999.000,-9999.000,-9999.000,-9999.000,-9999.000
73853,-9999.000,-9999.000,-9999.000,-9999.000,-9999.000,-9999.000
73854,-9999.000,-9999.000,-9999.000,-9999.000,-9999.000,-9999.000
73855,-9999.000,-9999.000,-9999.000,-9999.000,-9999.000,-9999.000
73856,-9999.000,-9999.000,-9999.000,-9999.000,-9999.000,-9999.000
73857,-9999.000,-9999.000,-9999.000,-9999.000,-9999.000,-9999.000
73858,-9999.000,-9999.000,-9999.000,-9999.000,-9999.000,-9999.000
73859,-9999.000,-9999.000,-9999.000,-9999.000,-9999.000,-9999.000
73860,-9999.000,-9999.000,-9999.000,-9999.000,-9999.000,-9999.000
73861,-9999.000,-9999.000,-9999.000,-9999.000,-9999.000,-9999.000
73862,-9999.000,-9999.000,-9999.000,-9999.000,-9999.000,-9999.000
73863,-9999.000,-9999.000,-9999.000,-9999.000,-9999.000,-9999.000
73864,-9999.000,-9999.000,-9999.000,-9999.000,-9999.000,-9999.000
73865,-9999.000,-9999.000,-9999.000,-9999.000,-9999.000,-9999.000
73866,-9999.000,-9999.000,-9999.000,-9999.000,-9999.000,-9999.000
73867,-9999.000,-9999.000,-9999.000,-9999.000,-9999.000,-9999.000
73868,-9999.000,-9999.000,-9999.000,-9999.000,-9999.000,-9999.000
73869,-9999.000,-9999.000,-9999.000,-9999.000,-9999.000,-9999.000
