data/rawdat/flt20220904/FlightData_N57_20220904_RA.ict
46, 1001
Ken Aikin, Steven S. Brown
NOAA Chemical Sciences Laboratory
AIMMS Probe
CalFiDE
1, 1
2022, 09, 04, 2022, 09, 16
1
TO_Time_UTC, seconds, seconds past midnight
13
1, 1, 1, 1, 1, 1, 1, 1, 1, 1, 1, 1, 1
-9999, -9999, -9999, -9999, -9999, -9999, -9999, -9999, -9999, -9999, -9999, -9999, -9999
AmbTemp, C
RelHumidity, %
StaticPrs, hPa
VertWindSpd, m/s
WindDir, deg
WindSpd, m/s
Heading, deg
Pitch, deg
Roll, deg
TrueAirSpd, m/s
GPSAlt, m
GPSLat, deg
GPSLon, deg
1
SPECIAL COMMENTS: Wind data is suspect and not reported. No AIMMS probe on 2nd flight. Position data filled in from GPS read by ARS group.
18
PI_CONTACT_INFO: Address: 325 Broadway, Boulder CO 80305
PLATFORM: NOAA Twin Otter N57RF
LOCATION: California and Oregon
ASSOCIATED_DATA: N/A
INSTRUMENT_INFO: N/A
DATA_INFO: Units: 
UNCERTAINTY: N/A
ULOD_FLAG: -7777
ULOD_VALUE: N/A
LLOD_FLAG: -8888
LLOD_VALUE: N/A
DM_CONTACT_INFO: Ken Aikin kenneth.c.aikin@noaa.gov
PROJECT_INFO: CalFiDE August - September 2022 https://csl.noaa.gov/groups/csl7/measurements/2022calfide/
STIPULATIONS_ON_USE: Use of these data require prior ok from PI.
OTHER_COMMENTS: N/A
REVISION: RA
RA: Preliminary Data.  For in-field use only.
TO_Time_UTC, AmbTemp, RelHumidity, StaticPrs, VertWindSpd, WindDir, WindSpd, Heading, Pitch, Roll, TrueAirSpd, GPSAlt, GPSLat, GPSLon
[from data line 9309]
79629,3.980,0.000,602.220,-9999.000,-9999.000,-9999.000,25.700,1.400,-21.100,121.500,3990.000,41.557,-122.661
79630,3.820,0.000,601.280,-9999.000,-9999.000,-9999.000,22.300,1.600,-20.600,122.900,3988.000,41.557,-122.661
79631,3.670,0.000,600.120,-9999.000,-9999.000,-9999.000,19.400,2.100,-18.700,124.300,3987.000,41.558,-122.660
79632,3.560,0.000,599.320,-9999.000,-9999.000,-9999.000,17.000,2.600,-16.100,125.200,3986.000,41.559,-122.660
79633,3.510,0.000,598.700,-9999.000,-9999.000,-9999.000,15.100,2.900,-13.400,125.800,3986.000,41.559,-122.660
79634,3.380,0.000,597.500,-9999.000,-9999.000,-9999.000,13.200,3.100,-11.400,126.900,3987.000,41.560,-122.659
79635,3.400,0.000,597.420,-9999.000,-9999.000,-9999.000,12.300,3.100,-9.200,126.700,3988.000,41.561,-122.659
79636,3.500,0.000,597.940,-9999.000,-9999.000,-9999.000,11.600,3.000,-7.500,125.800,3990.000,41.562,-122.659
79637,3.540,0.000,598.320,-9999.000,-9999.000,-9999.000,11.100,2.700,-6.400,125.200,3991.000,41.562,-122.659
79638,3.590,0.000,598.740,-9999.000,-9999.000,-9999.000,10.600,2.500,-5.700,124.600,3992.000,41.563,-122.658
79639,3.610,0.000,598.840,-9999.000,-9999.000,-9999.000,10.000,2.300,-5.200,124.400,3993.000,41.564,-122.658
79640,3.620,0.000,598.840,-9999.000,-9999.000,-9999.000,9.400,2.300,-4.800,124.300,3993.000,41.564,-122.658
79641,3.590,0.000,598.700,-9999.000,-9999.000,-9999.000,8.800,2.300,-4.200,124.500,3993.000,41.565,-122.658
79642,3.600,0.000,598.820,-9999.000,-9999.000,-9999.000,8.500,2.300,-3.700,124.400,3993.000,41.566,-122.658
79643,3.610,0.000,598.840,-9999.000,-9999.000,-9999.000,8.100,2.300,-3.200,124.300,3993.000,41.567,-122.657
79644,3.610,0.000,598.880,-9999.000,-9999.000,-9999.000,7.800,2.300,-3.000,124.300,3993.000,41.567,-122.657
79645,3.590,0.000,598.720,-9999.000,-9999.000,-9999.000,7.600,2.300,-2.700,124.400,3993.000,41.568,-122.657
79646,3.600,0.000,598.860,-9999.000,-9999.000,-9999.000,7.400,2.300,-2.400,124.200,3993.000,41.569,-122.657
79647,3.620,0.000,599.080,-9999.000,-9999.000,-9999.000,7.300,2.300,-2.100,123.900,3993.000,41.570,-122.657
79648,3.600,0.000,599.000,-9999.000,-9999.000,-9999.000,7.100,2.300,-2.000,124.000,3993.000,41.570,-122.657
79649,3.620,0.000,599.160,-9999.000,-9999.000,-9999.000,7.000,2.300,-1.900,123.700,3993.000,41.571,-122.656
79650,3.670,0.000,599.580,-9999.000,-9999.000,-9999.000,7.000,2.400,-1.800,123.200,3993.000,41.572,-122.656
79651,3.660,0.000,599.540,-9999.000,-9999.000,-9999.000,6.800,2.400,-1.600,123.200,3992.000,41.573,-122.656
79652,3.690,0.000,599.760,-9999.000,-9999.000,-9999.000,6.700,2.400,-1.600,123.000,3992.000,41.573,-122.656
79653,3.700,0.000,599.860,-9999.000,-9999.000,-9999.000,6.600,2.500,-1.500,122.900,3992.000,41.574,-122.656
79654,3.740,0.000,600.120,-9999.000,-9999.000,-9999.000,6.500,2.500,-1.300,122.700,3991.000,41.575,-122.656
79655,3.770,0.000,600.280,-9999.000,-9999.000,-9999.000,6.300,2.600,-1.300,122.500,3991.000,41.576,-122.655
79656,3.760,0.000,600.100,-9999.000,-9999.000,-9999.000,6.000,2.700,-1.200,122.700,3990.000,41.576,-122.655
79657,3.740,0.000,599.940,-9999.000,-9999.000,-9999.000,5.900,2.700,-1.000,122.900,3990.000,41.577,-122.655
79658,3.760,0.000,600.020,-9999.000,-9999.000,-9999.000,5.900,2.800,-0.700,122.800,3990.000,41.578,-122.655
79659,3.790,0.000,600.200,-9999.000,-9999.000,-9999.000,5.900,2.800,-0.600,122.500,3990.000,41.579,-122.655
79660,3.790,0.000,600.200,-9999.000,-9999.000,-9999.000,5.900,2.800,-0.600,122.500,3990.000,41.579,-122.655
79661,3.800,0.000,600.280,-9999.000,-9999.000,-9999.000,5.900,2.800,-0.600,122.300,3990.000,41.580,-122.655
79662,3.800,0.000,600.320,-9999.000,-9999.000,-9999.000,6.000,2.800,-0.700,122.300,3991.000,41.581,-122.654
79663,3.820,0.000,600.400,-9999.000,-9999.000,-9999.000,6.000,2.700,-0.700,122.100,3991.000,41.582,-122.654
79664,3.810,0.000,600.360,-9999.000,-9999.000,-9999.000,6.000,2.700,-0.700,122.100,3991.000,41.582,-122.654
79665,3.790,0.000,600.220,-9999.000,-9999.000,-9999.000,6.000,2.700,-0.700,122.200,3991.000,41.583,-122.654
79666,3.800,0.000,600.240,-9999.000,-9999.000,-9999.000,5.900,2.700,-0.800,122.200,3991.000,41.584,-122.654
79667,3.790,0.000,600.240,-9999.000,-9999.000,-9999.000,5.800,2.700,-0.600,122.300,3991.000,41.584,-122.654
79668,3.790,0.000,600.260,-9999.000,-9999.000,-9999.000,5.800,2.800,-0.500,122.300,3991.000,41.585,-122.653
79669,3.790,0.000,600.260,-9999.000,-9999.000,-9999.000,5.800,2.800,-0.500,122.300,3990.000,41.586,-122.653
79670,3.840,0.000,600.640,-9999.000,-9999.000,-9999.000,5.900,3.000,-0.500,121.900,3990.000,41.587,-122.653
79671,3.790,0.000,600.220,-9999.000,-9999.000,-9999.000,5.800,3.000,0.400,122.500,3990.000,41.587,-122.653
79672,3.640,0.000,599.000,-9999.000,-9999.000,-9999.000,5.600,3.100,3.000,123.800,3990.000,41.588,-122.653
79673,3.480,0.000,597.420,-9999.000,-9999.000,-9999.000,5.700,3.100,6.600,125.400,3990.000,41.589,-122.653
79674,3.340,0.000,596.360,-9999.000,-9999.000,-9999.000,6.500,3.000,11.000,126.500,3990.000,41.590,-122.653
79675,3.190,0.000,594.960,-9999.000,-9999.000,-9999.000,7.700,2.800,15.700,127.900,3990.000,41.590,-122.652
79676,3.110,0.000,594.320,-9999.000,-9999.000,-9999.000,9.900,2.500,19.600,128.700,3990.000,41.591,-122.652
79677,3.250,0.000,595.620,-9999.000,-9999.000,-9999.000,12.900,2.200,22.100,127.600,3989.000,41.592,-122.652
79678,3.440,0.000,597.340,-9999.000,-9999.000,-9999.000,16.500,2.100,24.400,125.900,3988.000,41.593,-122.652
79679,3.620,0.000,598.940,-9999.000,-9999.000,-9999.000,20.700,2.100,26.800,124.300,3987.000,41.593,-122.651
79680,3.750,0.000,599.980,-9999.000,-9999.000,-9999.000,25.200,2.800,28.100,123.300,3986.000,41.594,-122.651
79681,3.650,0.000,599.400,-9999.000,-9999.000,-9999.000,29.100,2.700,29.100,124.100,3986.000,41.595,-122.650
79682,3.640,0.000,599.080,-9999.000,-9999.000,-9999.000,33.400,2.600,29.900,124.200,3986.000,41.595,-122.650
79683,3.730,0.000,599.800,-9999.000,-9999.000,-9999.000,38.000,2.900,30.400,123.500,3986.000,41.596,-122.649
79684,3.720,0.000,599.540,-9999.000,-9999.000,-9999.000,42.500,2.900,31.000,123.600,3986.000,41.597,-122.649
79685,3.720,0.000,599.520,-9999.000,-9999.000,-9999.000,47.200,3.300,31.500,123.600,3987.000,41.597,-122.648
79686,3.660,0.000,599.120,-9999.000,-9999.000,-9999.000,51.900,3.300,31.600,124.000,3988.000,41.598,-122.647
79687,3.720,0.000,599.480,-9999.000,-9999.000,-9999.000,56.700,3.300,31.800,123.500,3989.000,41.598,-122.647
79688,3.720,0.000,599.440,-9999.000,-9999.000,-9999.000,61.300,3.100,32.200,123.300,3989.000,41.599,-122.646
79689,3.680,0.000,599.080,-9999.000,-9999.000,-9999.000,65.900,3.000,32.400,123.500,3990.000,41.599,-122.645
79690,3.680,0.000,599.120,-9999.000,-9999.000,-9999.000,70.600,2.800,32.400,123.400,3991.000,41.599,-122.644
79691,3.670,0.000,599.080,-9999.000,-9999.000,-9999.000,75.200,2.500,32.500,123.400,3991.000,41.600,-122.643
79692,3.640,0.000,598.920,-9999.000,-9999.000,-9999.000,79.700,2.100,32.600,123.600,3991.000,41.600,-122.642
79693,3.630,0.000,599.000,-9999.000,-9999.000,-9999.000,84.400,1.900,32.800,123.700,3990.000,41.600,-122.641
79694,3.610,0.000,598.980,-9999.000,-9999.000,-9999.000,89.000,1.600,32.900,123.800,3990.000,41.600,-122.640
79695,3.570,0.000,598.880,-9999.000,-9999.000,-9999.000,93.700,1.400,32.800,124.200,3988.000,41.600,-122.639
79696,3.560,0.000,599.020,-9999.000,-9999.000,-9999.000,98.600,1.700,32.800,124.200,3987.000,41.600,-122.638
79697,3.540,0.000,598.980,-9999.000,-9999.000,-9999.000,103.500,1.900,32.700,124.500,3985.000,41.600,-122.637
79698,3.520,0.000,598.800,-9999.000,-9999.000,-9999.000,108.300,2.000,32.500,124.800,3984.000,41.600,-122.636
79699,3.510,0.000,598.800,-9999.000,-9999.000,-9999.000,113.100,2.300,32.200,124.900,3983.000,41.600,-122.635
79700,3.540,0.000,599.140,-9999.000,-9999.000,-9999.000,118.000,2.500,32.200,124.600,3983.000,41.600,-122.634
79701,3.530,0.000,598.940,-9999.000,-9999.000,-9999.000,122.600,2.700,32.200,124.800,3983.000,41.600,-122.634
79702,3.540,0.000,598.920,-9999.000,-9999.000,-9999.000,127.400,2.900,32.100,124.700,3983.000,41.599,-122.633
79703,3.590,0.000,599.160,-9999.000,-9999.000,-9999.000,132.300,3.000,32.000,124.400,3983.000,41.599,-122.632
79704,3.630,0.000,599.300,-9999.000,-9999.000,-9999.000,137.000,3.200,31.900,124.000,3984.000,41.599,-122.631
79705,3.670,0.000,599.420,-9999.000,-9999.000,-9999.000,141.800,3.300,31.900,123.800,3984.000,41.598,-122.631
79706,3.720,0.000,599.520,-9999.000,-9999.000,-9999.000,146.500,3.400,31.900,123.500,3985.000,41.598,-122.630
79707,3.730,0.000,599.420,-9999.000,-9999.000,-9999.000,151.100,3.500,31.700,123.500,3986.000,41.597,-122.629
79708,3.770,0.000,599.660,-9999.000,-9999.000,-9999.000,155.700,3.500,30.900,123.000,3987.000,41.597,-122.629
79709,3.780,0.000,599.740,-9999.000,-9999.000,-9999.000,160.000,3.300,30.500,122.900,3988.000,41.596,-122.628
79710,3.770,0.000,599.540,-9999.000,-9999.000,-9999.000,164.200,3.200,29.900,123.000,3989.000,41.596,-122.628
79711,3.780,0.000,599.720,-9999.000,-9999.000,-9999.000,168.500,3.100,29.000,122.800,3989.000,41.595,-122.628
79712,3.840,0.000,600.300,-9999.000,-9999.000,-9999.000,172.700,3.500,28.500,122.100,3990.000,41.594,-122.627
79713,3.780,0.000,599.760,-9999.000,-9999.000,-9999.000,176.500,3.500,27.900,122.700,3990.000,41.594,-122.627
79714,3.750,0.000,599.440,-9999.000,-9999.000,-9999.000,180.300,3.400,27.500,122.900,3991.000,41.593,-122.627
79715,3.790,0.000,599.680,-9999.000,-9999.000,-9999.000,184.100,3.300,27.200,122.500,3991.000,41.593,-122.627
79716,3.780,0.000,599.640,-9999.000,-9999.000,-9999.000,187.900,3.300,27.000,122.500,3992.000,41.592,-122.627
79717,3.780,0.000,599.640,-9999.000,-9999.000,-9999.000,191.700,3.300,26.600,122.300,3992.000,41.592,-122.627
79718,3.780,0.000,599.660,-9999.000,-9999.000,-9999.000,195.500,3.400,26.200,122.300,3993.000,41.591,-122.627
79719,3.800,0.000,599.820,-9999.000,-9999.000,-9999.000,199.300,3.400,25.900,122.000,3994.000,41.590,-122.627
79720,3.820,0.000,599.960,-9999.000,-9999.000,-9999.000,203.000,3.500,25.300,121.800,3994.000,41.590,-122.627
79721,3.900,0.000,600.540,-9999.000,-9999.000,-9999.000,206.700,3.400,23.800,121.100,3995.000,41.589,-122.628
79722,3.940,0.000,600.740,-9999.000,-9999.000,-9999.000,210.000,3.400,23.000,120.700,3996.000,41.589,-122.628
79723,3.950,0.000,600.800,-9999.000,-9999.000,-9999.000,212.700,3.500,18.500,120.500,3997.000,41.588,-122.628
79724,3.890,0.000,600.180,-9999.000,-9999.000,-9999.000,214.500,4.000,12.700,121.000,3998.000,41.588,-122.629
79725,3.940,0.000,600.420,-9999.000,-9999.000,-9999.000,215.800,4.400,7.400,120.600,4000.000,41.587,-122.629
79726,3.950,0.000,600.260,-9999.000,-9999.000,-9999.000,216.300,4.800,4.200,120.500,4002.000,41.587,-122.630
79727,3.870,0.000,599.360,-9999.000,-9999.000,-9999.000,216.300,5.000,1.500,121.100,4004.000,41.586,-122.630
79728,3.870,0.000,599.100,-9999.000,-9999.000,-9999.000,216.200,5.000,-1.200,121.100,4007.000,41.586,-122.631
79729,4.040,0.000,600.160,-9999.000,-9999.000,-9999.000,216.000,5.000,-3.700,119.500,4010.000,41.586,-122.631
79730,4.030,0.000,599.900,-9999.000,-9999.000,-9999.000,215.400,4.100,-5.500,119.500,4012.000,41.585,-122.631
79731,4.020,0.000,599.660,-9999.000,-9999.000,-9999.000,214.500,3.500,-6.700,119.400,4014.000,41.585,-122.632
79732,4.020,0.000,599.700,-9999.000,-9999.000,-9999.000,213.300,3.300,-7.900,119.300,4016.000,41.584,-122.632
79733,4.020,0.000,599.700,-9999.000,-9999.000,-9999.000,212.000,3.300,-9.100,119.300,4016.000,41.584,-122.633
79734,3.980,0.000,599.260,-9999.000,-9999.000,-9999.000,210.300,3.100,-10.400,119.700,4017.000,41.583,-122.633
79735,4.040,0.000,599.860,-9999.000,-9999.000,-9999.000,209.000,3.100,-11.300,119.100,4017.000,41.583,-122.633
79736,4.150,0.000,600.840,-9999.000,-9999.000,-9999.000,208.000,3.000,-11.400,118.000,4017.000,41.582,-122.634
79737,4.150,0.000,600.980,-9999.000,-9999.000,-9999.000,206.500,2.900,-10.500,117.800,4017.000,41.582,-122.634
79738,4.150,0.000,601.100,-9999.000,-9999.000,-9999.000,205.900,2.900,-7.100,117.800,4016.000,41.581,-122.634
79739,4.210,0.000,601.800,-9999.000,-9999.000,-9999.000,205.600,2.500,-3.900,117.100,4016.000,41.581,-122.635
79740,4.070,0.000,600.640,-9999.000,-9999.000,-9999.000,205.200,2.000,-0.900,118.400,4016.000,41.580,-122.635
79741,3.990,0.000,600.180,-9999.000,-9999.000,-9999.000,205.300,1.900,1.400,119.200,4014.000,41.580,-122.635
79742,3.990,0.000,600.320,-9999.000,-9999.000,-9999.000,205.800,1.900,2.700,119.300,4013.000,41.579,-122.636
79743,3.980,0.000,600.440,-9999.000,-9999.000,-9999.000,206.500,2.000,4.000,119.400,4012.000,41.579,-122.636
79744,3.950,0.000,600.360,-9999.000,-9999.000,-9999.000,207.300,1.900,5.600,119.700,4010.000,41.578,-122.636
79745,3.900,0.000,600.180,-9999.000,-9999.000,-9999.000,208.300,1.600,7.000,120.100,4009.000,41.578,-122.637
79746,3.910,0.000,600.280,-9999.000,-9999.000,-9999.000,209.500,1.600,7.300,120.100,4008.000,41.577,-122.637
79747,3.980,0.000,601.040,-9999.000,-9999.000,-9999.000,210.700,2.000,6.900,119.600,4006.000,41.577,-122.637
79748,3.810,0.000,599.780,-9999.000,-9999.000,-9999.000,211.000,2.300,4.700,121.100,4005.000,41.576,-122.638
79749,3.760,0.000,599.360,-9999.000,-9999.000,-9999.000,211.400,2.300,2.700,121.700,4004.000,41.576,-122.638
79750,3.840,0.000,600.080,-9999.000,-9999.000,-9999.000,211.900,2.500,1.400,121.000,4003.000,41.575,-122.638
79751,3.750,0.000,599.320,-9999.000,-9999.000,-9999.000,211.800,2.600,0.200,121.900,4002.000,41.575,-122.639
79752,3.670,0.000,598.720,-9999.000,-9999.000,-9999.000,211.500,2.800,-0.900,122.600,4002.000,41.574,-122.639
79753,3.680,0.000,598.820,-9999.000,-9999.000,-9999.000,211.300,3.100,-1.500,122.600,4001.000,41.574,-122.640
79754,3.700,0.000,599.000,-9999.000,-9999.000,-9999.000,211.200,3.200,-1.800,122.400,4002.000,41.573,-122.640
79755,3.750,0.000,599.240,-9999.000,-9999.000,-9999.000,211.000,3.200,-2.000,122.000,4002.000,41.573,-122.640
79756,3.760,0.000,599.240,-9999.000,-9999.000,-9999.000,210.700,3.100,-1.900,121.900,4002.000,41.572,-122.641
79757,3.760,0.000,599.220,-9999.000,-9999.000,-9999.000,210.500,3.000,-1.700,121.900,4003.000,41.572,-122.641
79758,3.730,0.000,598.900,-9999.000,-9999.000,-9999.000,210.100,3.000,-1.600,122.100,4003.000,41.571,-122.641
79759,3.660,0.000,598.440,-9999.000,-9999.000,-9999.000,209.800,2.900,-1.300,122.700,4003.000,41.571,-122.642
79760,3.670,0.000,598.500,-9999.000,-9999.000,-9999.000,209.600,2.800,-0.800,122.600,4003.000,41.570,-122.642
79761,3.690,0.000,598.720,-9999.000,-9999.000,-9999.000,209.600,2.900,-0.500,122.400,4003.000,41.570,-122.643
79762,3.760,0.000,599.180,-9999.000,-9999.000,-9999.000,209.600,2.800,-0.800,121.900,4003.000,41.569,-122.643
79763,3.790,0.000,599.540,-9999.000,-9999.000,-9999.000,209.500,2.900,-1.100,121.500,4003.000,41.569,-122.643
79764,3.780,0.000,599.380,-9999.000,-9999.000,-9999.000,209.300,2.800,-0.900,121.600,4002.000,41.568,-122.644
79765,3.720,0.000,598.880,-9999.000,-9999.000,-9999.000,209.000,2.900,-0.100,122.100,4002.000,41.568,-122.644
79766,3.670,0.000,598.560,-9999.000,-9999.000,-9999.000,209.000,2.800,0.400,122.500,4003.000,41.567,-122.644
79767,3.700,0.000,598.760,-9999.000,-9999.000,-9999.000,209.200,2.800,0.800,122.200,4003.000,41.567,-122.645
79768,3.760,0.000,599.140,-9999.000,-9999.000,-9999.000,209.500,2.800,0.800,121.800,4003.000,41.566,-122.645
79769,3.770,0.000,599.160,-9999.000,-9999.000,-9999.000,209.700,2.800,1.100,121.700,4003.000,41.566,-122.645
79770,3.760,0.000,599.140,-9999.000,-9999.000,-9999.000,210.000,2.700,1.000,121.800,4003.000,41.565,-122.646
79771,3.790,0.000,599.380,-9999.000,-9999.000,-9999.000,210.200,2.700,0.800,121.400,4004.000,41.565,-122.646
79772,3.810,0.000,599.540,-9999.000,-9999.000,-9999.000,210.300,2.700,0.600,121.200,4004.000,41.564,-122.647
79773,3.810,0.000,599.620,-9999.000,-9999.000,-9999.000,210.500,2.600,0.400,121.200,4004.000,41.564,-122.647
79774,3.840,0.000,599.720,-9999.000,-9999.000,-9999.000,210.600,2.500,0.200,121.000,4004.000,41.563,-122.647
