data/rawdat/flt20220904/FlightData_N57_20220904_RA.ict
46, 1001
Ken Aikin, Steven S. Brown
NOAA Chemical Sciences Laboratory
AIMMS Probe
CalFiDE
1, 1
2022, 09, 04, 2022, 09, 16
1
TO_Time_UTC, seconds, seconds past midnight
13
1, 1, 1, 1, 1, 1, 1, 1, 1, 1, 1, 1, 1
-9999, -9999, -9999, -9999, -9999, -9999, -9999, -9999, -9999, -9999, -9999, -9999, -9999
AmbTemp, C
RelHumidity, %
StaticPrs, hPa
VertWindSpd, m/s
WindDir, deg
WindSpd, m/s
Heading, deg
Pitch, deg
Roll, deg
TrueAirSpd, m/s
GPSAlt, m
GPSLat, deg
GPSLon, deg
1
SPECIAL COMMENTS: Wind data is suspect and not reported. No AIMMS probe on 2nd flight. Position data filled in from GPS read by ARS group.
18
PI_CONTACT_INFO: Address: 325 Broadway, Boulder CO 80305
PLATFORM: NOAA Twin Otter N57RF
LOCATION: California and Oregon
ASSOCIATED_DATA: N/A
INSTRUMENT_INFO: N/A
DATA_INFO: Units: 
UNCERTAINTY: N/A
ULOD_FLAG: -7777
ULOD_VALUE: N/A
LLOD_FLAG: -8888
LLOD_VALUE: N/A
DM_CONTACT_INFO: Ken Aikin kenneth.c.aikin@noaa.gov
PROJECT_INFO: CalFiDE August - September 2022 https://csl.noaa.gov/groups/csl7/measurements/2022calfide/
STIPULATIONS_ON_USE: Use of these data require prior ok from PI.
OTHER_COMMENTS: N/A
REVISION: RA
RA: Preliminary Data.  For in-field use only.
TO_Time_UTC, AmbTemp, RelHumidity, StaticPrs, VertWindSpd, WindDir, WindSpd, Heading, Pitch, Roll, TrueAirSpd, GPSAlt, GPSLat, GPSLon
[from data line 11357]
81677,4.110,0.000,596.900,-9999.000,-9999.000,-9999.000,8.700,1.300,-0.700,127.600,3989.000,41.453,-122.694
81678,4.190,0.000,597.340,-9999.000,-9999.000,-9999.000,9.100,1.400,-0.700,127.200,3988.000,41.453,-122.694
81679,4.170,0.000,597.220,-9999.000,-9999.000,-9999.000,9.300,1.400,-1.000,127.500,3988.000,41.454,-122.694
81680,4.250,0.000,597.740,-9999.000,-9999.000,-9999.000,9.300,1.500,-1.400,127.100,3987.000,41.455,-122.693
81681,4.300,0.000,597.980,-9999.000,-9999.000,-9999.000,9.100,1.600,-1.600,126.700,3987.000,41.456,-122.693
81682,4.340,0.000,598.000,-9999.000,-9999.000,-9999.000,9.000,1.600,-1.500,126.500,3987.000,41.457,-122.693
81683,4.420,0.000,598.480,-9999.000,-9999.000,-9999.000,8.900,1.600,-1.300,126.000,3986.000,41.457,-122.693
81684,4.380,0.000,598.080,-9999.000,-9999.000,-9999.000,8.600,1.500,-1.200,126.400,3986.000,41.458,-122.692
81685,4.400,0.000,598.220,-9999.000,-9999.000,-9999.000,8.500,1.600,-1.200,126.300,3985.000,41.459,-122.692
81686,4.420,0.000,598.120,-9999.000,-9999.000,-9999.000,8.300,1.600,-0.900,126.500,3985.000,41.460,-122.692
81687,4.400,0.000,597.900,-9999.000,-9999.000,-9999.000,8.200,1.700,-0.800,126.900,3984.000,41.460,-122.692
81688,4.420,0.000,597.980,-9999.000,-9999.000,-9999.000,8.200,1.900,-0.800,126.800,3984.000,41.461,-122.691
81689,4.380,0.000,597.780,-9999.000,-9999.000,-9999.000,8.200,1.900,-0.700,127.200,3984.000,41.462,-122.691
81690,4.400,0.000,597.860,-9999.000,-9999.000,-9999.000,8.300,1.900,-0.600,127.100,3984.000,41.463,-122.691
81691,4.400,0.000,597.820,-9999.000,-9999.000,-9999.000,8.400,2.000,-0.700,127.100,3984.000,41.463,-122.691
81692,4.440,0.000,598.040,-9999.000,-9999.000,-9999.000,8.500,1.900,-0.800,126.800,3984.000,41.464,-122.691
81693,4.330,0.000,597.240,-9999.000,-9999.000,-9999.000,8.400,1.800,-0.900,127.700,3985.000,41.465,-122.690
81694,4.300,0.000,597.280,-9999.000,-9999.000,-9999.000,8.500,1.800,-1.000,127.700,3985.000,41.466,-122.690
81695,4.300,0.000,597.340,-9999.000,-9999.000,-9999.000,8.600,1.700,-1.000,127.600,3986.000,41.466,-122.690
81696,4.330,0.000,597.800,-9999.000,-9999.000,-9999.000,8.600,1.600,-1.100,127.100,3986.000,41.467,-122.690
81697,4.360,0.000,598.080,-9999.000,-9999.000,-9999.000,8.500,1.500,-1.100,126.700,3986.000,41.468,-122.689
81698,4.360,0.000,598.240,-9999.000,-9999.000,-9999.000,8.200,1.400,-1.200,126.500,3986.000,41.469,-122.689
81699,4.330,0.000,598.200,-9999.000,-9999.000,-9999.000,7.800,1.400,-1.000,126.500,3986.000,41.469,-122.689
81700,4.070,0.000,596.760,-9999.000,-9999.000,-9999.000,7.500,1.400,-0.900,128.100,3985.000,41.470,-122.689
81701,3.980,0.000,596.280,-9999.000,-9999.000,-9999.000,7.500,1.500,-0.600,128.700,3985.000,41.471,-122.688
81702,4.020,0.000,597.100,-9999.000,-9999.000,-9999.000,7.900,1.500,-0.100,127.900,3984.000,41.472,-122.688
81703,3.980,0.000,597.040,-9999.000,-9999.000,-9999.000,8.000,1.600,-0.200,128.100,3984.000,41.473,-122.688
81704,3.890,0.000,596.820,-9999.000,-9999.000,-9999.000,8.100,1.700,-0.600,128.300,3984.000,41.473,-122.688
81705,3.840,0.000,596.680,-9999.000,-9999.000,-9999.000,8.100,1.700,-0.400,128.500,3983.000,41.474,-122.687
81706,3.790,0.000,596.480,-9999.000,-9999.000,-9999.000,8.100,1.800,-0.100,128.700,3982.000,41.475,-122.687
81707,3.800,0.000,596.760,-9999.000,-9999.000,-9999.000,8.300,1.900,0.000,128.500,3982.000,41.476,-122.687
81708,3.820,0.000,597.120,-9999.000,-9999.000,-9999.000,8.500,2.000,0.000,128.200,3981.000,41.476,-122.687
81709,3.890,0.000,597.620,-9999.000,-9999.000,-9999.000,8.500,2.200,-0.200,127.600,3980.000,41.477,-122.687
81710,3.890,0.000,597.560,-9999.000,-9999.000,-9999.000,8.500,2.200,-0.400,127.600,3980.000,41.478,-122.686
81711,3.900,0.000,597.500,-9999.000,-9999.000,-9999.000,8.600,2.400,-0.400,127.800,3979.000,41.479,-122.686
81712,4.010,0.000,598.320,-9999.000,-9999.000,-9999.000,8.600,2.500,-0.400,127.000,3978.000,41.479,-122.686
81713,4.030,0.000,598.160,-9999.000,-9999.000,-9999.000,8.500,2.600,-0.500,126.900,3978.000,41.480,-122.686
81714,4.040,0.000,597.820,-9999.000,-9999.000,-9999.000,8.600,2.700,-0.600,127.500,3977.000,41.481,-122.685
81715,4.130,0.000,598.300,-9999.000,-9999.000,-9999.000,9.000,2.800,-0.400,127.000,3977.000,41.482,-122.685
81716,4.230,0.000,598.560,-9999.000,-9999.000,-9999.000,9.400,2.900,-0.700,126.800,3977.000,41.482,-122.685
81717,4.290,0.000,598.940,-9999.000,-9999.000,-9999.000,9.700,3.000,-1.000,126.300,3977.000,41.483,-122.685
81718,4.400,0.000,599.480,-9999.000,-9999.000,-9999.000,9.700,3.000,-1.200,125.600,3977.000,41.484,-122.684
81719,4.400,0.000,599.220,-9999.000,-9999.000,-9999.000,9.400,3.000,-1.600,125.700,3978.000,41.485,-122.684
81720,4.420,0.000,599.020,-9999.000,-9999.000,-9999.000,9.200,3.000,-1.600,125.800,3978.000,41.486,-122.684
81721,4.460,0.000,599.160,-9999.000,-9999.000,-9999.000,9.000,3.000,-1.300,125.500,3979.000,41.486,-122.684
81722,4.500,0.000,599.260,-9999.000,-9999.000,-9999.000,8.800,2.900,-1.100,125.400,3979.000,41.487,-122.683
81723,4.500,0.000,599.120,-9999.000,-9999.000,-9999.000,8.600,2.900,-1.100,125.300,3980.000,41.488,-122.683
81724,4.550,0.000,599.380,-9999.000,-9999.000,-9999.000,8.600,2.800,-0.800,125.000,3980.000,41.489,-122.683
81725,4.570,0.000,599.420,-9999.000,-9999.000,-9999.000,8.500,2.700,-1.000,124.900,3981.000,41.489,-122.683
81726,4.650,0.000,599.940,-9999.000,-9999.000,-9999.000,8.600,2.700,-1.300,124.400,3981.000,41.490,-122.682
81727,4.670,0.000,600.040,-9999.000,-9999.000,-9999.000,8.500,2.600,-1.400,124.300,3982.000,41.491,-122.682
81728,4.670,0.000,599.880,-9999.000,-9999.000,-9999.000,8.300,2.500,-1.500,124.300,3982.000,41.491,-122.682
81729,4.650,0.000,599.600,-9999.000,-9999.000,-9999.000,8.000,2.500,-1.400,124.400,3983.000,41.492,-122.682
81730,4.650,0.000,599.500,-9999.000,-9999.000,-9999.000,7.900,2.400,-1.200,124.500,3983.000,41.493,-122.681
81731,4.670,0.000,599.620,-9999.000,-9999.000,-9999.000,7.900,2.300,-1.000,124.300,3984.000,41.494,-122.681
81732,4.690,0.000,599.740,-9999.000,-9999.000,-9999.000,7.800,2.200,-0.900,124.100,3984.000,41.494,-122.681
81733,4.670,0.000,599.520,-9999.000,-9999.000,-9999.000,7.800,2.100,-0.900,124.300,3985.000,41.495,-122.681
81734,4.630,0.000,599.020,-9999.000,-9999.000,-9999.000,7.800,2.000,-1.000,124.700,3985.000,41.496,-122.681
81735,4.610,0.000,599.040,-9999.000,-9999.000,-9999.000,7.800,1.900,-0.800,124.700,3986.000,41.497,-122.680
81736,4.630,0.000,599.260,-9999.000,-9999.000,-9999.000,7.900,1.800,-0.800,124.400,3986.000,41.497,-122.680
81737,4.650,0.000,599.560,-9999.000,-9999.000,-9999.000,8.000,1.700,-0.900,124.100,3986.000,41.498,-122.680
81738,4.610,0.000,599.260,-9999.000,-9999.000,-9999.000,7.900,1.700,-1.000,124.300,3986.000,41.499,-122.680
81739,4.570,0.000,599.060,-9999.000,-9999.000,-9999.000,7.800,1.800,-1.100,124.500,3985.000,41.500,-122.679
81740,4.530,0.000,598.980,-9999.000,-9999.000,-9999.000,7.800,1.800,-0.900,124.700,3985.000,41.500,-122.679
81741,4.550,0.000,599.260,-9999.000,-9999.000,-9999.000,7.900,1.900,-0.800,124.500,3984.000,41.501,-122.679
81742,4.560,0.000,599.440,-9999.000,-9999.000,-9999.000,7.900,1.900,-0.900,124.300,3983.000,41.502,-122.679
81743,4.580,0.000,599.600,-9999.000,-9999.000,-9999.000,8.000,2.000,-1.000,124.100,3982.000,41.503,-122.678
81744,4.610,0.000,599.780,-9999.000,-9999.000,-9999.000,8.000,2.200,-1.000,124.000,3981.000,41.503,-122.678
81745,4.610,0.000,599.900,-9999.000,-9999.000,-9999.000,8.100,2.300,-1.100,124.000,3980.000,41.504,-122.678
81746,4.690,0.000,600.380,-9999.000,-9999.000,-9999.000,8.100,2.500,-1.100,123.500,3979.000,41.505,-122.678
81747,4.690,0.000,600.240,-9999.000,-9999.000,-9999.000,8.000,2.700,-1.200,123.600,3978.000,41.506,-122.678
81748,4.750,0.000,600.680,-9999.000,-9999.000,-9999.000,8.000,2.900,-1.200,123.300,3977.000,41.506,-122.677
81749,4.770,0.000,600.780,-9999.000,-9999.000,-9999.000,7.800,3.100,-1.100,123.200,3976.000,41.507,-122.677
81750,4.820,0.000,601.040,-9999.000,-9999.000,-9999.000,7.800,3.300,-1.000,123.000,3975.000,41.508,-122.677
81751,4.850,0.000,601.040,-9999.000,-9999.000,-9999.000,7.700,3.400,-0.900,122.900,3974.000,41.509,-122.677
81752,4.900,0.000,601.360,-9999.000,-9999.000,-9999.000,7.700,3.500,-0.900,122.600,3973.000,41.509,-122.676
81753,4.920,0.000,601.620,-9999.000,-9999.000,-9999.000,7.800,3.700,-0.900,122.400,3973.000,41.510,-122.676
81754,5.060,0.000,602.280,-9999.000,-9999.000,-9999.000,7.700,3.800,-0.900,121.400,3973.000,41.511,-122.676
81755,5.090,0.000,602.280,-9999.000,-9999.000,-9999.000,7.400,3.900,-0.900,121.300,3973.000,41.512,-122.676
81756,5.110,0.000,602.280,-9999.000,-9999.000,-9999.000,7.100,3.900,-0.900,121.200,3973.000,41.512,-122.676
81757,5.110,0.000,602.160,-9999.000,-9999.000,-9999.000,7.000,3.900,-0.600,121.300,3973.000,41.513,-122.675
81758,5.170,0.000,602.460,-9999.000,-9999.000,-9999.000,7.100,3.900,-0.300,120.900,3974.000,41.514,-122.675
81759,5.250,0.000,602.700,-9999.000,-9999.000,-9999.000,7.100,3.900,-0.300,120.400,3974.000,41.515,-122.675
81760,5.340,0.000,603.000,-9999.000,-9999.000,-9999.000,7.100,3.800,-0.400,120.000,3975.000,41.515,-122.675
81761,5.340,0.000,602.840,-9999.000,-9999.000,-9999.000,7.000,3.700,-0.400,120.100,3976.000,41.516,-122.674
81762,5.340,0.000,602.520,-9999.000,-9999.000,-9999.000,6.900,3.500,-0.300,120.300,3977.000,41.517,-122.674
81763,5.330,0.000,602.360,-9999.000,-9999.000,-9999.000,6.900,3.400,-0.200,120.400,3979.000,41.518,-122.674
81764,5.320,0.000,602.180,-9999.000,-9999.000,-9999.000,7.000,3.200,-0.200,120.500,3980.000,41.518,-122.674
81765,5.310,0.000,602.100,-9999.000,-9999.000,-9999.000,7.100,3.000,-0.200,120.400,3981.000,41.519,-122.674
81766,5.300,0.000,602.140,-9999.000,-9999.000,-9999.000,7.300,2.900,-0.300,120.400,3982.000,41.520,-122.673
81767,5.300,0.000,602.240,-9999.000,-9999.000,-9999.000,7.500,2.800,-0.500,120.300,3983.000,41.521,-122.673
81768,5.270,0.000,602.040,-9999.000,-9999.000,-9999.000,7.500,2.600,-0.600,120.400,3984.000,41.521,-122.673
81769,5.250,0.000,601.880,-9999.000,-9999.000,-9999.000,7.500,2.400,-0.700,120.500,3985.000,41.522,-122.673
81770,5.210,0.000,601.680,-9999.000,-9999.000,-9999.000,7.500,2.300,-0.700,120.700,3986.000,41.523,-122.672
81771,5.150,0.000,601.220,-9999.000,-9999.000,-9999.000,7.600,2.200,-0.700,121.200,3987.000,41.523,-122.672
81772,5.050,0.000,600.680,-9999.000,-9999.000,-9999.000,7.600,2.000,-0.700,121.900,3987.000,41.524,-122.672
81773,5.010,0.000,600.420,-9999.000,-9999.000,-9999.000,7.700,2.000,-0.700,122.200,3988.000,41.525,-122.672
81774,4.980,0.000,600.340,-9999.000,-9999.000,-9999.000,7.800,1.900,-0.700,122.400,3988.000,41.526,-122.672
81775,4.980,0.000,600.360,-9999.000,-9999.000,-9999.000,8.000,1.800,-0.700,122.400,3989.000,41.526,-122.671
81776,4.940,0.000,600.160,-9999.000,-9999.000,-9999.000,8.100,1.700,-0.900,122.700,3989.000,41.527,-122.671
81777,4.920,0.000,600.120,-9999.000,-9999.000,-9999.000,8.200,1.600,-2.200,122.800,3989.000,41.528,-122.671
81778,5.020,0.000,601.040,-9999.000,-9999.000,-9999.000,8.500,1.600,-4.900,122.000,3989.000,41.529,-122.671
81779,5.170,0.000,602.320,-9999.000,-9999.000,-9999.000,8.400,1.500,-8.600,120.600,3989.000,41.529,-122.671
81780,5.210,0.000,602.760,-9999.000,-9999.000,-9999.000,7.600,1.400,-13.100,120.200,3988.000,41.530,-122.670
81781,5.190,0.000,602.860,-9999.000,-9999.000,-9999.000,6.200,1.100,-17.800,120.400,3987.000,41.531,-122.670
81782,5.190,0.000,602.920,-9999.000,-9999.000,-9999.000,4.400,1.000,-21.400,120.600,3986.000,41.532,-122.670
81783,5.110,0.000,602.540,-9999.000,-9999.000,-9999.000,1.800,1.000,-23.600,121.300,3983.000,41.532,-122.670
81784,5.040,0.000,602.320,-9999.000,-9999.000,-9999.000,358.600,1.200,-24.100,122.100,3981.000,41.533,-122.670
81785,4.880,0.000,601.220,-9999.000,-9999.000,-9999.000,355.100,1.600,-22.800,123.700,3978.000,41.534,-122.670
81786,4.710,0.000,599.960,-9999.000,-9999.000,-9999.000,351.700,2.300,-20.200,125.400,3977.000,41.535,-122.670
81787,4.590,0.000,599.020,-9999.000,-9999.000,-9999.000,349.300,3.000,-16.900,126.600,3976.000,41.536,-122.670
81788,4.570,0.000,598.800,-9999.000,-9999.000,-9999.000,347.700,3.300,-13.800,126.800,3977.000,41.536,-122.670
81789,4.610,0.000,598.820,-9999.000,-9999.000,-9999.000,346.400,3.400,-11.500,126.500,3978.000,41.537,-122.670
81790,4.630,0.000,598.860,-9999.000,-9999.000,-9999.000,345.300,3.300,-9.700,126.200,3980.000,41.538,-122.670
81791,4.650,0.000,598.800,-9999.000,-9999.000,-9999.000,344.400,3.100,-8.400,126.000,3981.000,41.539,-122.670
81792,4.650,0.000,598.700,-9999.000,-9999.000,-9999.000,343.600,2.800,-7.400,126.000,3983.000,41.539,-122.671
81793,4.650,0.000,598.740,-9999.000,-9999.000,-9999.000,342.800,2.500,-6.500,125.800,3984.000,41.540,-122.671
81794,4.580,0.000,598.080,-9999.000,-9999.000,-9999.000,342.100,2.400,-5.700,126.300,3985.000,41.541,-122.671
81795,4.630,0.000,598.460,-9999.000,-9999.000,-9999.000,341.700,2.300,-4.900,125.800,3985.000,41.541,-122.671
81796,4.650,0.000,598.640,-9999.000,-9999.000,-9999.000,341.200,2.200,-4.300,125.600,3986.000,41.542,-122.671
81797,4.650,0.000,598.720,-9999.000,-9999.000,-9999.000,340.800,2.100,-3.900,125.500,3986.000,41.543,-122.672
81798,4.630,0.000,598.460,-9999.000,-9999.000,-9999.000,340.500,2.100,-3.500,125.700,3986.000,41.544,-122.672
81799,4.590,0.000,598.280,-9999.000,-9999.000,-9999.000,340.000,2.100,-3.200,125.800,3986.000,41.544,-122.672
81800,4.520,0.000,597.900,-9999.000,-9999.000,-9999.000,339.600,2.100,-2.800,126.300,3986.000,41.545,-122.672
81801,4.560,0.000,598.240,-9999.000,-9999.000,-9999.000,339.500,2.200,-2.200,126.000,3986.000,41.546,-122.673
81802,4.610,0.000,598.700,-9999.000,-9999.000,-9999.000,339.600,2.100,-1.900,125.600,3986.000,41.546,-122.673
81803,4.610,0.000,598.780,-9999.000,-9999.000,-9999.000,339.500,2.100,-1.900,125.500,3986.000,41.547,-122.673
81804,4.570,0.000,598.440,-9999.000,-9999.000,-9999.000,339.300,2.200,-1.900,125.900,3986.000,41.548,-122.673
81805,4.500,0.000,597.720,-9999.000,-9999.000,-9999.000,338.800,2.200,-2.000,126.700,3986.000,41.549,-122.674
81806,4.270,0.000,596.040,-9999.000,-9999.000,-9999.000,338.100,2.200,-1.900,128.600,3986.000,41.549,-122.674
81807,4.210,0.000,595.580,-9999.000,-9999.000,-9999.000,337.800,2.300,-1.300,129.300,3986.000,41.550,-122.674
81808,4.250,0.000,595.860,-9999.000,-9999.000,-9999.000,337.900,2.300,-0.600,129.000,3986.000,41.551,-122.675
81809,4.280,0.000,596.240,-9999.000,-9999.000,-9999.000,338.200,2.300,-0.200,128.700,3986.000,41.551,-122.675
81810,4.360,0.000,596.900,-9999.000,-9999.000,-9999.000,338.600,2.300,-0.200,128.000,3986.000,41.552,-122.675
81811,4.360,0.000,596.800,-9999.000,-9999.000,-9999.000,338.700,2.300,-0.600,128.100,3987.000,41.553,-122.675
81812,4.380,0.000,596.940,-9999.000,-9999.000,-9999.000,338.800,2.300,-0.900,127.900,3987.000,41.554,-122.676
81813,4.380,0.000,597.040,-9999.000,-9999.000,-9999.000,338.700,2.200,-1.000,127.800,3987.000,41.554,-122.676
81814,4.310,0.000,596.180,-9999.000,-9999.000,-9999.000,338.200,3.100,-1.000,128.500,3987.000,41.555,-122.676
81815,4.260,0.000,595.960,-9999.000,-9999.000,-9999.000,338.100,3.200,-0.200,129.100,3988.000,41.556,-122.676
81816,4.270,0.000,595.560,-9999.000,-9999.000,-9999.000,338.300,3.400,2.200,128.900,3989.000,41.556,-122.677
81817,4.380,0.000,596.480,-9999.000,-9999.000,-9999.000,339.100,3.200,4.900,127.900,3991.000,41.557,-122.677
81818,4.460,0.000,596.860,-9999.000,-9999.000,-9999.000,340.300,2.900,7.600,127.100,3993.000,41.558,-122.677
81819,4.590,0.000,597.740,-9999.000,-9999.000,-9999.000,341.700,3.000,10.100,125.900,3994.000,41.558,-122.678
81820,4.540,0.000,597.100,-9999.000,-9999.000,-9999.000,343.000,3.200,12.300,126.400,3995.000,41.559,-122.678
81821,4.520,0.000,596.840,-9999.000,-9999.000,-9999.000,344.800,3.500,14.100,126.600,3997.000,41.560,-122.678
81822,4.710,0.000,598.060,-9999.000,-9999.000,-9999.000,347.300,4.000,16.000,124.900,3999.000,41.561,-122.678
