data/rawdat/flt20220904/FlightData_N57_20220904_RA.ict
46, 1001
Ken Aikin, Steven S. Brown
NOAA Chemical Sciences Laboratory
AIMMS Probe
CalFiDE
1, 1
2022, 09, 04, 2022, 09, 16
1
TO_Time_UTC, seconds, seconds past midnight
13
1, 1, 1, 1, 1, 1, 1, 1, 1, 1, 1, 1, 1
-9999, -9999, -9999, -9999, -9999, -9999, -9999, -9999, -9999, -9999, -9999, -9999, -9999
AmbTemp, C
RelHumidity, %
StaticPrs, hPa
VertWindSpd, m/s
WindDir, deg
WindSpd, m/s
Heading, deg
Pitch, deg
Roll, deg
TrueAirSpd, m/s
GPSAlt, m
GPSLat, deg
GPSLon, deg
1
SPECIAL COMMENTS: Wind data is suspect and not reported. No AIMMS probe on 2nd flight. Position data filled in from GPS read by ARS group.
18
PI_CONTACT_INFO: Address: 325 Broadway, Boulder CO 80305
PLATFORM: NOAA Twin Otter N57RF
LOCATION: California and Oregon
ASSOCIATED_DATA: N/A
INSTRUMENT_INFO: N/A
DATA_INFO: Units: 
UNCERTAINTY: N/A
ULOD_FLAG: -7777
ULOD_VALUE: N/A
LLOD_FLAG: -8888
LLOD_VALUE: N/A
DM_CONTACT_INFO: Ken Aikin kenneth.c.aikin@noaa.gov
PROJECT_INFO: CalFiDE August - September 2022 https://csl.noaa.gov/groups/csl7/measurements/2022calfide/
STIPULATIONS_ON_USE: Use of these data require prior ok from PI.
OTHER_COMMENTS: N/A
REVISION: RA
RA: Preliminary Data.  For in-field use only.
TO_Time_UTC, AmbTemp, RelHumidity, StaticPrs, VertWindSpd, WindDir, WindSpd, Heading, Pitch, Roll, TrueAirSpd, GPSAlt, GPSLat, GPSLon
[from data line 1450]
71770,8.850,0.000,645.260,-9999.000,-9999.000,-9999.000,334.100,2.700,-1.200,120.100,3461.000,39.325,-121.636
71771,8.840,0.000,645.180,-9999.000,-9999.000,-9999.000,334.200,2.700,-1.300,120.200,3461.000,39.326,-121.637
71772,8.840,0.000,645.160,-9999.000,-9999.000,-9999.000,334.200,2.700,-1.500,120.200,3461.000,39.327,-121.637
71773,8.810,0.000,645.040,-9999.000,-9999.000,-9999.000,334.200,2.800,-1.600,120.400,3461.000,39.327,-121.638
71774,8.810,0.000,645.060,-9999.000,-9999.000,-9999.000,334.300,2.700,-1.600,120.300,3461.000,39.328,-121.638
71775,8.810,0.000,645.180,-9999.000,-9999.000,-9999.000,334.300,2.800,-1.600,120.200,3461.000,39.329,-121.638
71776,8.810,0.000,645.120,-9999.000,-9999.000,-9999.000,334.300,2.800,-1.700,120.300,3461.000,39.329,-121.639
71777,8.770,0.000,644.820,-9999.000,-9999.000,-9999.000,334.100,2.700,-1.900,120.600,3461.000,39.330,-121.639
71778,8.720,0.000,644.280,-9999.000,-9999.000,-9999.000,333.900,2.700,-2.000,121.100,3461.000,39.331,-121.639
71779,8.650,0.000,643.980,-9999.000,-9999.000,-9999.000,333.800,2.700,-1.800,121.500,3461.000,39.332,-121.640
71780,8.650,0.000,644.000,-9999.000,-9999.000,-9999.000,333.600,2.700,-1.900,121.500,3461.000,39.332,-121.640
71781,8.550,0.000,643.020,-9999.000,-9999.000,-9999.000,333.200,2.800,-1.900,122.400,3461.000,39.333,-121.641
71782,8.520,0.000,642.840,-9999.000,-9999.000,-9999.000,333.000,2.700,-1.800,122.600,3461.000,39.334,-121.641
71783,8.520,0.000,642.980,-9999.000,-9999.000,-9999.000,333.000,2.700,-1.500,122.500,3461.000,39.334,-121.641
71784,8.550,0.000,643.180,-9999.000,-9999.000,-9999.000,333.000,2.700,-1.300,122.400,3461.000,39.335,-121.642
71785,8.560,0.000,643.320,-9999.000,-9999.000,-9999.000,333.000,2.700,-1.300,122.200,3461.000,39.336,-121.642
71786,8.550,0.000,643.180,-9999.000,-9999.000,-9999.000,332.900,2.700,-1.200,122.400,3461.000,39.336,-121.642
71787,8.530,0.000,643.160,-9999.000,-9999.000,-9999.000,332.800,2.800,-1.200,122.400,3461.000,39.337,-121.643
71788,8.500,0.000,642.900,-9999.000,-9999.000,-9999.000,332.700,2.800,-1.100,122.700,3461.000,39.338,-121.643
71789,8.520,0.000,643.220,-9999.000,-9999.000,-9999.000,332.800,2.800,-1.000,122.400,3461.000,39.338,-121.643
71790,8.520,0.000,643.140,-9999.000,-9999.000,-9999.000,332.800,2.800,-0.900,122.400,3461.000,39.339,-121.644
71791,8.510,0.000,643.100,-9999.000,-9999.000,-9999.000,332.700,2.800,-1.000,122.500,3461.000,39.340,-121.644
71792,8.510,0.000,643.100,-9999.000,-9999.000,-9999.000,332.700,2.800,-0.900,122.500,3461.000,39.340,-121.645
71793,8.510,0.000,643.140,-9999.000,-9999.000,-9999.000,332.700,2.800,-0.800,122.500,3460.000,39.341,-121.645
71794,8.550,0.000,643.400,-9999.000,-9999.000,-9999.000,332.800,2.900,-0.700,122.100,3460.000,39.342,-121.645
71795,8.550,0.000,643.520,-9999.000,-9999.000,-9999.000,332.900,2.900,-0.700,122.000,3460.000,39.342,-121.646
71796,8.590,0.000,643.880,-9999.000,-9999.000,-9999.000,333.000,2.900,-0.700,121.600,3460.000,39.343,-121.646
71797,8.610,0.000,644.000,-9999.000,-9999.000,-9999.000,333.100,2.900,-0.600,121.400,3461.000,39.344,-121.646
71798,8.680,0.000,644.660,-9999.000,-9999.000,-9999.000,333.500,2.800,-0.600,120.700,3461.000,39.344,-121.647
71799,8.710,0.000,644.800,-9999.000,-9999.000,-9999.000,333.700,2.800,-0.700,120.500,3461.000,39.345,-121.647
71800,8.690,0.000,644.680,-9999.000,-9999.000,-9999.000,333.600,2.800,-1.000,120.600,3461.000,39.346,-121.648
71801,8.670,0.000,644.560,-9999.000,-9999.000,-9999.000,333.700,2.800,-1.100,120.700,3461.000,39.346,-121.648
71802,8.670,0.000,644.600,-9999.000,-9999.000,-9999.000,333.700,2.800,-1.100,120.700,3461.000,39.347,-121.648
71803,8.680,0.000,644.660,-9999.000,-9999.000,-9999.000,333.700,2.800,-1.100,120.600,3461.000,39.348,-121.649
71804,8.690,0.000,644.760,-9999.000,-9999.000,-9999.000,333.800,2.800,-1.200,120.500,3461.000,39.348,-121.649
71805,8.690,0.000,644.720,-9999.000,-9999.000,-9999.000,333.800,2.800,-1.200,120.500,3461.000,39.349,-121.649
71806,8.670,0.000,644.640,-9999.000,-9999.000,-9999.000,333.700,2.800,-1.300,120.600,3461.000,39.350,-121.650
71807,8.670,0.000,644.540,-9999.000,-9999.000,-9999.000,333.800,2.800,-1.300,120.700,3461.000,39.350,-121.650
71808,8.710,0.000,644.940,-9999.000,-9999.000,-9999.000,333.800,2.900,-1.300,120.300,3461.000,39.351,-121.651
71809,8.680,0.000,644.780,-9999.000,-9999.000,-9999.000,333.800,2.800,-1.300,120.400,3461.000,39.352,-121.651
71810,8.680,0.000,644.800,-9999.000,-9999.000,-9999.000,333.800,2.800,-1.300,120.400,3461.000,39.352,-121.651
71811,8.690,0.000,644.840,-9999.000,-9999.000,-9999.000,333.800,2.900,-1.300,120.300,3461.000,39.353,-121.652
71812,8.690,0.000,644.900,-9999.000,-9999.000,-9999.000,333.800,2.900,-1.400,120.300,3461.000,39.354,-121.652
71813,8.670,0.000,644.720,-9999.000,-9999.000,-9999.000,333.700,2.900,-1.300,120.500,3461.000,39.354,-121.652
71814,8.670,0.000,644.620,-9999.000,-9999.000,-9999.000,333.700,2.900,-1.300,120.600,3461.000,39.355,-121.653
71815,8.670,0.000,644.760,-9999.000,-9999.000,-9999.000,333.800,2.800,-1.200,120.400,3461.000,39.356,-121.653
71816,8.720,0.000,644.980,-9999.000,-9999.000,-9999.000,333.800,2.900,-1.300,120.100,3461.000,39.356,-121.653
71817,8.720,0.000,645.060,-9999.000,-9999.000,-9999.000,333.800,2.900,-1.200,120.000,3461.000,39.357,-121.654
71818,8.720,0.000,645.020,-9999.000,-9999.000,-9999.000,333.800,3.000,-1.400,120.000,3461.000,39.358,-121.654
71819,8.690,0.000,644.980,-9999.000,-9999.000,-9999.000,333.800,3.000,-1.300,120.200,3461.000,39.359,-121.655
71820,8.690,0.000,644.900,-9999.000,-9999.000,-9999.000,333.800,2.900,-1.400,120.200,3461.000,39.359,-121.655
71821,8.710,0.000,644.900,-9999.000,-9999.000,-9999.000,333.800,2.800,-1.500,120.000,3461.000,39.360,-121.655
71822,8.710,0.000,645.020,-9999.000,-9999.000,-9999.000,333.700,2.900,-1.500,120.000,3461.000,39.361,-121.656
71823,8.710,0.000,645.040,-9999.000,-9999.000,-9999.000,333.700,2.800,-1.400,120.000,3461.000,39.361,-121.656
71824,8.710,0.000,644.980,-9999.000,-9999.000,-9999.000,333.600,2.800,-1.400,120.000,3461.000,39.362,-121.656
71825,8.710,0.000,645.020,-9999.000,-9999.000,-9999.000,333.700,2.800,-1.400,120.000,3461.000,39.363,-121.657
71826,8.720,0.000,645.180,-9999.000,-9999.000,-9999.000,333.700,2.800,-1.400,119.700,3461.000,39.363,-121.657
71827,8.720,0.000,645.080,-9999.000,-9999.000,-9999.000,333.600,2.800,-1.400,119.800,3461.000,39.364,-121.657
71828,8.720,0.000,645.120,-9999.000,-9999.000,-9999.000,333.600,2.800,-1.500,119.800,3461.000,39.365,-121.658
71829,8.690,0.000,644.980,-9999.000,-9999.000,-9999.000,333.600,2.800,-1.400,120.000,3461.000,39.365,-121.658
71830,8.720,0.000,645.180,-9999.000,-9999.000,-9999.000,333.600,2.800,-1.400,119.700,3461.000,39.366,-121.659
71831,8.710,0.000,645.060,-9999.000,-9999.000,-9999.000,333.600,2.800,-1.400,119.900,3461.000,39.367,-121.659
71832,8.690,0.000,645.060,-9999.000,-9999.000,-9999.000,333.600,2.800,-1.300,119.900,3461.000,39.367,-121.659
71833,8.720,0.000,645.160,-9999.000,-9999.000,-9999.000,333.600,2.800,-1.200,119.800,3461.000,39.368,-121.660
71834,8.720,0.000,645.140,-9999.000,-9999.000,-9999.000,333.600,2.800,-1.300,119.800,3461.000,39.369,-121.660
71835,8.720,0.000,645.180,-9999.000,-9999.000,-9999.000,333.700,2.800,-1.300,119.700,3461.000,39.369,-121.660
71836,8.710,0.000,645.120,-9999.000,-9999.000,-9999.000,333.600,2.800,-1.300,119.800,3461.000,39.370,-121.661
71837,8.710,0.000,645.040,-9999.000,-9999.000,-9999.000,333.600,2.800,-1.300,119.800,3461.000,39.371,-121.661
71838,8.690,0.000,644.960,-9999.000,-9999.000,-9999.000,333.600,2.800,-1.300,119.900,3461.000,39.371,-121.662
71839,8.710,0.000,645.060,-9999.000,-9999.000,-9999.000,333.600,2.800,-1.300,119.800,3461.000,39.372,-121.662
71840,8.670,0.000,644.960,-9999.000,-9999.000,-9999.000,333.600,2.800,-1.200,120.000,3461.000,39.373,-121.662
71841,8.680,0.000,644.980,-9999.000,-9999.000,-9999.000,333.600,2.800,-1.300,120.000,3461.000,39.373,-121.663
71842,8.720,0.000,645.180,-9999.000,-9999.000,-9999.000,333.600,2.800,-1.200,119.700,3461.000,39.374,-121.663
71843,8.670,0.000,644.880,-9999.000,-9999.000,-9999.000,333.600,2.700,-1.300,120.000,3461.000,39.375,-121.663
71844,8.690,0.000,645.100,-9999.000,-9999.000,-9999.000,333.600,2.700,-1.300,119.800,3461.000,39.375,-121.664
71845,8.640,0.000,644.640,-9999.000,-9999.000,-9999.000,333.400,2.700,-1.400,120.300,3461.000,39.376,-121.664
71846,8.600,0.000,644.360,-9999.000,-9999.000,-9999.000,333.300,2.700,-1.400,120.600,3461.000,39.377,-121.665
71847,8.610,0.000,644.460,-9999.000,-9999.000,-9999.000,333.400,2.700,-1.200,120.500,3461.000,39.377,-121.665
71848,8.630,0.000,644.560,-9999.000,-9999.000,-9999.000,333.400,2.800,-1.200,120.500,3462.000,39.378,-121.665
71849,8.590,0.000,644.300,-9999.000,-9999.000,-9999.000,333.400,2.700,-1.200,120.800,3462.000,39.379,-121.666
71850,8.570,0.000,644.240,-9999.000,-9999.000,-9999.000,333.300,2.700,-1.200,120.800,3462.000,39.379,-121.666
71851,8.590,0.000,644.280,-9999.000,-9999.000,-9999.000,333.400,2.700,-1.100,120.800,3462.000,39.380,-121.666
71852,8.560,0.000,644.200,-9999.000,-9999.000,-9999.000,333.400,2.700,-1.200,120.900,3462.000,39.381,-121.667
71853,8.590,0.000,644.320,-9999.000,-9999.000,-9999.000,333.500,2.700,-1.200,120.700,3462.000,39.381,-121.667
71854,8.550,0.000,644.120,-9999.000,-9999.000,-9999.000,333.400,2.600,-1.100,121.000,3462.000,39.382,-121.668
71855,8.550,0.000,644.060,-9999.000,-9999.000,-9999.000,333.300,2.600,-1.200,121.100,3462.000,39.383,-121.668
71856,8.550,0.000,644.080,-9999.000,-9999.000,-9999.000,333.400,2.600,-1.100,121.100,3462.000,39.383,-121.668
71857,8.530,0.000,643.900,-9999.000,-9999.000,-9999.000,333.300,2.500,-1.000,121.200,3462.000,39.384,-121.669
71858,8.500,0.000,643.620,-9999.000,-9999.000,-9999.000,333.300,2.600,-1.100,121.600,3462.000,39.385,-121.669
71859,8.500,0.000,643.740,-9999.000,-9999.000,-9999.000,333.400,2.600,-1.000,121.500,3462.000,39.385,-121.669
71860,8.470,0.000,643.580,-9999.000,-9999.000,-9999.000,333.400,2.600,-1.000,121.700,3462.000,39.386,-121.670
71861,8.470,0.000,643.640,-9999.000,-9999.000,-9999.000,333.500,2.600,-1.000,121.700,3461.000,39.387,-121.670
71862,8.470,0.000,643.700,-9999.000,-9999.000,-9999.000,333.500,2.600,-1.000,121.600,3461.000,39.388,-121.671
71863,8.430,0.000,643.400,-9999.000,-9999.000,-9999.000,333.500,2.500,-1.000,122.000,3461.000,39.388,-121.671
71864,8.470,0.000,643.680,-9999.000,-9999.000,-9999.000,333.600,2.600,-1.100,121.700,3461.000,39.389,-121.671
71865,8.460,0.000,643.560,-9999.000,-9999.000,-9999.000,333.600,2.600,-1.100,121.800,3461.000,39.390,-121.672
71866,8.440,0.000,643.560,-9999.000,-9999.000,-9999.000,333.500,2.600,-1.200,121.900,3461.000,39.390,-121.672
71867,8.420,0.000,643.220,-9999.000,-9999.000,-9999.000,333.500,2.600,-1.000,122.200,3461.000,39.391,-121.672
71868,8.420,0.000,643.400,-9999.000,-9999.000,-9999.000,333.600,2.700,-1.000,122.100,3461.000,39.392,-121.673
71869,8.430,0.000,643.460,-9999.000,-9999.000,-9999.000,333.600,2.600,-1.000,122.000,3461.000,39.392,-121.673
71870,8.440,0.000,643.520,-9999.000,-9999.000,-9999.000,333.600,2.600,-1.000,121.900,3461.000,39.393,-121.674
71871,8.430,0.000,643.520,-9999.000,-9999.000,-9999.000,333.600,2.600,-1.100,122.000,3461.000,39.394,-121.674
71872,8.430,0.000,643.540,-9999.000,-9999.000,-9999.000,333.600,2.600,-1.100,121.900,3461.000,39.394,-121.674
71873,8.420,0.000,643.380,-9999.000,-9999.000,-9999.000,333.600,2.600,-1.100,122.100,3461.000,39.395,-121.675
71874,8.400,0.000,643.240,-9999.000,-9999.000,-9999.000,333.600,2.600,-1.100,122.200,3461.000,39.396,-121.675
71875,8.430,0.000,643.500,-9999.000,-9999.000,-9999.000,333.600,2.600,-1.100,121.900,3461.000,39.396,-121.675
71876,8.420,0.000,643.360,-9999.000,-9999.000,-9999.000,333.600,2.500,-1.000,122.100,3461.000,39.397,-121.676
71877,8.420,0.000,643.420,-9999.000,-9999.000,-9999.000,333.600,2.600,-1.100,122.000,3461.000,39.398,-121.676
71878,8.420,0.000,643.460,-9999.000,-9999.000,-9999.000,333.700,2.600,-1.100,122.000,3461.000,39.398,-121.677
71879,8.420,0.000,643.460,-9999.000,-9999.000,-9999.000,333.700,2.500,-1.100,122.100,3461.000,39.399,-121.677
71880,8.420,0.000,643.400,-9999.000,-9999.000,-9999.000,333.600,2.600,-1.200,122.100,3461.000,39.400,-121.677
71881,8.420,0.000,643.480,-9999.000,-9999.000,-9999.000,333.600,2.600,-1.100,122.000,3461.000,39.400,-121.678
71882,8.430,0.000,643.560,-9999.000,-9999.000,-9999.000,333.700,2.700,-1.100,122.000,3460.000,39.401,-121.678
71883,8.430,0.000,643.620,-9999.000,-9999.000,-9999.000,333.600,2.700,-1.200,121.900,3460.000,39.402,-121.678
71884,8.420,0.000,643.520,-9999.000,-9999.000,-9999.000,333.600,2.700,-1.100,122.000,3460.000,39.403,-121.679
71885,8.430,0.000,643.600,-9999.000,-9999.000,-9999.000,333.700,2.600,-1.100,121.900,3460.000,39.403,-121.679
71886,8.440,0.000,643.660,-9999.000,-9999.000,-9999.000,333.700,2.700,-1.100,121.900,3460.000,39.404,-121.680
71887,8.440,0.000,643.700,-9999.000,-9999.000,-9999.000,333.700,2.600,-1.100,121.800,3460.000,39.405,-121.680
71888,8.430,0.000,643.560,-9999.000,-9999.000,-9999.000,333.600,2.600,-1.200,121.900,3460.000,39.405,-121.680
71889,8.440,0.000,643.660,-9999.000,-9999.000,-9999.000,333.600,2.600,-1.000,121.800,3460.000,39.406,-121.681
71890,8.420,0.000,643.500,-9999.000,-9999.000,-9999.000,333.600,2.600,-1.100,122.100,3460.000,39.407,-121.681
71891,8.430,0.000,643.560,-9999.000,-9999.000,-9999.000,333.600,2.600,-1.100,121.900,3460.000,39.407,-121.681
71892,8.430,0.000,643.600,-9999.000,-9999.000,-9999.000,333.600,2.600,-1.100,121.900,3460.000,39.408,-121.682
71893,8.460,0.000,643.760,-9999.000,-9999.000,-9999.000,333.700,2.600,-1.100,121.800,3459.000,39.409,-121.682
71894,8.480,0.000,644.080,-9999.000,-9999.000,-9999.000,333.900,2.600,-0.900,121.500,3459.000,39.409,-121.683
71895,8.610,0.000,645.220,-9999.000,-9999.000,-9999.000,334.400,2.600,-0.800,120.300,3459.000,39.410,-121.683
71896,8.670,0.000,645.520,-9999.000,-9999.000,-9999.000,334.500,2.600,-1.000,119.800,3459.000,39.411,-121.683
71897,8.610,0.000,645.180,-9999.000,-9999.000,-9999.000,334.400,2.600,-1.200,120.300,3459.000,39.411,-121.684
71898,8.610,0.000,645.180,-9999.000,-9999.000,-9999.000,334.300,2.600,-1.400,120.300,3458.000,39.412,-121.684
71899,8.600,0.000,645.180,-9999.000,-9999.000,-9999.000,334.300,2.700,-1.500,120.300,3458.000,39.413,-121.684
71900,8.610,0.000,645.200,-9999.000,-9999.000,-9999.000,334.300,2.600,-1.500,120.300,3458.000,39.413,-121.685
71901,8.610,0.000,645.140,-9999.000,-9999.000,-9999.000,334.300,2.600,-1.600,120.300,3458.000,39.414,-121.685
71902,8.530,0.000,644.520,-9999.000,-9999.000,-9999.000,334.000,2.700,-1.700,121.000,3458.000,39.415,-121.686
71903,8.510,0.000,644.320,-9999.000,-9999.000,-9999.000,333.900,2.600,-1.700,121.300,3458.000,39.416,-121.686
71904,8.550,0.000,644.660,-9999.000,-9999.000,-9999.000,334.000,2.700,-1.500,120.900,3457.000,39.416,-121.686
71905,8.610,0.000,645.340,-9999.000,-9999.000,-9999.000,334.300,2.600,-1.400,120.300,3457.000,39.417,-121.687
71906,8.650,0.000,645.600,-9999.000,-9999.000,-9999.000,334.300,2.700,-1.500,119.900,3457.000,39.418,-121.687
71907,8.640,0.000,645.400,-9999.000,-9999.000,-9999.000,334.300,2.700,-1.600,120.000,3457.000,39.418,-121.687
71908,8.610,0.000,645.280,-9999.000,-9999.000,-9999.000,334.200,2.700,-1.600,120.300,3457.000,39.419,-121.688
71909,8.600,0.000,645.160,-9999.000,-9999.000,-9999.000,334.100,2.600,-1.700,120.400,3457.000,39.420,-121.688
71910,8.560,0.000,644.760,-9999.000,-9999.000,-9999.000,333.700,2.600,-1.800,120.700,3457.000,39.420,-121.689
71911,8.550,0.000,644.780,-9999.000,-9999.000,-9999.000,333.500,2.700,-1.700,120.800,3456.000,39.421,-121.689
71912,8.460,0.000,643.740,-9999.000,-9999.000,-9999.000,332.900,2.600,-1.800,121.800,3456.000,39.422,-121.689
71913,8.400,0.000,643.420,-9999.000,-9999.000,-9999.000,332.600,2.700,-1.800,122.200,3456.000,39.422,-121.690
