data/rawdat/flt20220904/FlightData_N57_20220904_RA.ict
46, 1001
Ken Aikin, Steven S. Brown
NOAA Chemical Sciences Laboratory
AIMMS Probe
CalFiDE
1, 1
2022, 09, 04, 2022, 09, 16
1
TO_Time_UTC, seconds, seconds past midnight
13
1, 1, 1, 1, 1, 1, 1, 1, 1, 1, 1, 1, 1
-9999, -9999, -9999, -9999, -9999, -9999, -9999, -9999, -9999, -9999, -9999, -9999, -9999
AmbTemp, C
RelHumidity, %
StaticPrs, hPa
VertWindSpd, m/s
WindDir, deg
WindSpd, m/s
Heading, deg
Pitch, deg
Roll, deg
TrueAirSpd, m/s
GPSAlt, m
GPSLat, deg
GPSLon, deg
1
SPECIAL COMMENTS: Wind data is suspect and not reported. No AIMMS probe on 2nd flight. Position data filled in from GPS read by ARS group.
18
PI_CONTACT_INFO: Address: 325 Broadway, Boulder CO 80305
PLATFORM: NOAA Twin Otter N57RF
LOCATION: California and Oregon
ASSOCIATED_DATA: N/A
INSTRUMENT_INFO: N/A
DATA_INFO: Units: 
UNCERTAINTY: N/A
ULOD_FLAG: -7777
ULOD_VALUE: N/A
LLOD_FLAG: -8888
LLOD_VALUE: N/A
DM_CONTACT_INFO: Ken Aikin kenneth.c.aikin@noaa.gov
PROJECT_INFO: CalFiDE August - September 2022 https://csl.noaa.gov/groups/csl7/measurements/2022calfide/
STIPULATIONS_ON_USE: Use of these data require prior ok from PI.
OTHER_COMMENTS: N/A
REVISION: RA
RA: Preliminary Data.  For in-field use only.
TO_Time_UTC, AmbTemp, RelHumidity, StaticPrs, VertWindSpd, WindDir, WindSpd, Heading, Pitch, Roll, TrueAirSpd, GPSAlt, GPSLat, GPSLon
[from data line 6551]
76871,2.890,0.000,578.820,-9999.000,-9999.000,-9999.000,244.300,2.300,-1.200,129.200,4234.000,41.728,-122.634
76872,2.890,0.000,578.740,-9999.000,-9999.000,-9999.000,244.300,2.300,-1.300,129.200,4234.000,41.728,-122.634
76873,2.910,0.000,578.780,-9999.000,-9999.000,-9999.000,244.400,2.300,-1.300,129.100,4234.000,41.727,-122.635
76874,2.900,0.000,578.700,-9999.000,-9999.000,-9999.000,244.400,2.300,-1.300,129.200,4234.000,41.727,-122.636
76875,2.900,0.000,578.660,-9999.000,-9999.000,-9999.000,244.300,2.300,-1.400,129.300,4234.000,41.727,-122.636
76876,2.910,0.000,578.700,-9999.000,-9999.000,-9999.000,244.400,2.200,-1.400,129.300,4234.000,41.727,-122.637
76877,2.910,0.000,578.640,-9999.000,-9999.000,-9999.000,244.300,2.200,-1.200,129.300,4234.000,41.726,-122.638
76878,2.880,0.000,578.400,-9999.000,-9999.000,-9999.000,244.300,2.200,-1.400,129.500,4234.000,41.726,-122.639
76879,2.900,0.000,578.500,-9999.000,-9999.000,-9999.000,244.400,2.200,-1.200,129.400,4234.000,41.726,-122.639
76880,2.990,0.000,579.080,-9999.000,-9999.000,-9999.000,244.400,2.200,-1.300,128.800,4234.000,41.726,-122.640
76881,2.910,0.000,578.520,-9999.000,-9999.000,-9999.000,244.200,2.300,-1.500,129.400,4234.000,41.725,-122.641
76882,2.920,0.000,578.620,-9999.000,-9999.000,-9999.000,244.200,2.300,-1.300,129.300,4234.000,41.725,-122.641
76883,2.930,0.000,578.520,-9999.000,-9999.000,-9999.000,244.200,2.300,-1.200,129.300,4234.000,41.725,-122.642
76884,2.960,0.000,578.720,-9999.000,-9999.000,-9999.000,244.200,2.300,-1.400,129.100,4234.000,41.725,-122.643
76885,2.990,0.000,578.920,-9999.000,-9999.000,-9999.000,244.300,2.200,-1.800,129.000,4234.000,41.724,-122.644
76886,3.020,0.000,579.260,-9999.000,-9999.000,-9999.000,244.300,2.300,-1.900,128.500,4234.000,41.724,-122.644
76887,3.050,0.000,579.480,-9999.000,-9999.000,-9999.000,244.100,2.300,-2.200,128.300,4234.000,41.724,-122.645
76888,2.970,0.000,578.860,-9999.000,-9999.000,-9999.000,243.900,2.300,-2.100,129.000,4234.000,41.724,-122.646
76889,2.990,0.000,578.940,-9999.000,-9999.000,-9999.000,243.700,2.300,-2.000,128.800,4234.000,41.723,-122.647
76890,2.980,0.000,578.860,-9999.000,-9999.000,-9999.000,243.600,2.300,-1.900,128.800,4234.000,41.723,-122.647
76891,3.000,0.000,579.100,-9999.000,-9999.000,-9999.000,243.600,2.300,-1.600,128.600,4234.000,41.723,-122.648
76892,3.000,0.000,579.140,-9999.000,-9999.000,-9999.000,243.500,2.300,-1.600,128.600,4234.000,41.723,-122.649
76893,2.960,0.000,578.820,-9999.000,-9999.000,-9999.000,243.500,2.300,-1.600,129.000,4234.000,41.722,-122.649
76894,2.990,0.000,579.000,-9999.000,-9999.000,-9999.000,243.400,2.300,-1.500,128.800,4234.000,41.722,-122.650
76895,3.010,0.000,579.180,-9999.000,-9999.000,-9999.000,243.500,2.300,-1.400,128.400,4234.000,41.722,-122.651
76896,3.010,0.000,579.200,-9999.000,-9999.000,-9999.000,243.400,2.300,-1.400,128.500,4234.000,41.721,-122.652
76897,2.980,0.000,578.900,-9999.000,-9999.000,-9999.000,243.300,2.300,-1.500,128.800,4233.000,41.721,-122.652
76898,3.040,0.000,579.380,-9999.000,-9999.000,-9999.000,243.400,2.300,-1.300,128.200,4233.000,41.721,-122.653
76899,3.060,0.000,579.480,-9999.000,-9999.000,-9999.000,243.300,2.300,-1.200,128.100,4233.000,41.721,-122.654
76900,3.030,0.000,579.320,-9999.000,-9999.000,-9999.000,243.200,2.400,-1.400,128.400,4233.000,41.720,-122.654
76901,3.020,0.000,579.200,-9999.000,-9999.000,-9999.000,243.200,2.300,-1.200,128.500,4233.000,41.720,-122.655
76902,3.010,0.000,579.020,-9999.000,-9999.000,-9999.000,243.200,2.400,-1.200,128.600,4233.000,41.720,-122.656
76903,3.080,0.000,579.640,-9999.000,-9999.000,-9999.000,243.300,2.300,-1.100,128.000,4233.000,41.720,-122.657
76904,3.090,0.000,579.700,-9999.000,-9999.000,-9999.000,243.200,2.400,-1.200,127.900,4233.000,41.719,-122.657
76905,3.050,0.000,579.360,-9999.000,-9999.000,-9999.000,243.100,2.400,-1.400,128.300,4233.000,41.719,-122.658
76906,3.060,0.000,579.440,-9999.000,-9999.000,-9999.000,243.100,2.400,-1.100,128.200,4232.000,41.719,-122.659
76907,3.090,0.000,579.680,-9999.000,-9999.000,-9999.000,243.100,2.400,-1.100,127.900,4232.000,41.719,-122.659
76908,3.100,0.000,579.760,-9999.000,-9999.000,-9999.000,243.100,2.400,-1.100,127.800,4232.000,41.718,-122.660
76909,3.120,0.000,579.940,-9999.000,-9999.000,-9999.000,243.100,2.400,-1.000,127.600,4232.000,41.718,-122.661
76910,3.130,0.000,579.920,-9999.000,-9999.000,-9999.000,243.000,2.500,-1.100,127.500,4232.000,41.718,-122.662
76911,3.070,0.000,579.460,-9999.000,-9999.000,-9999.000,242.900,2.500,-1.100,128.100,4232.000,41.718,-122.662
76912,3.090,0.000,579.700,-9999.000,-9999.000,-9999.000,243.000,2.500,-1.000,127.900,4232.000,41.717,-122.663
76913,3.150,0.000,580.080,-9999.000,-9999.000,-9999.000,243.100,2.400,-0.800,127.400,4232.000,41.717,-122.664
76914,3.160,0.000,580.200,-9999.000,-9999.000,-9999.000,243.100,2.500,-1.600,127.300,4232.000,41.717,-122.664
76915,3.260,0.000,580.940,-9999.000,-9999.000,-9999.000,243.100,2.500,-3.700,126.500,4232.000,41.717,-122.665
76916,3.370,0.000,582.000,-9999.000,-9999.000,-9999.000,243.000,2.500,-6.900,125.400,4231.000,41.716,-122.666
76917,3.460,0.000,582.660,-9999.000,-9999.000,-9999.000,242.300,2.500,-11.000,124.600,4231.000,41.716,-122.666
76918,3.530,0.000,583.320,-9999.000,-9999.000,-9999.000,241.100,2.300,-15.600,124.000,4230.000,41.716,-122.667
76919,3.610,0.000,583.940,-9999.000,-9999.000,-9999.000,239.000,2.100,-20.000,123.300,4229.000,41.715,-122.668
76920,3.530,0.000,583.400,-9999.000,-9999.000,-9999.000,236.100,2.000,-22.800,124.000,4228.000,41.715,-122.669
76921,3.440,0.000,582.860,-9999.000,-9999.000,-9999.000,232.700,2.100,-24.500,124.700,4226.000,41.715,-122.669
76922,3.360,0.000,582.500,-9999.000,-9999.000,-9999.000,229.200,2.300,-25.500,125.500,4224.000,41.714,-122.670
76923,3.280,0.000,582.020,-9999.000,-9999.000,-9999.000,225.500,2.700,-26.000,126.200,4222.000,41.714,-122.670
76924,3.280,0.000,582.140,-9999.000,-9999.000,-9999.000,222.000,3.100,-26.100,126.300,4221.000,41.714,-122.671
76925,3.330,0.000,582.560,-9999.000,-9999.000,-9999.000,218.600,3.400,-26.100,125.900,4220.000,41.713,-122.671
76926,3.330,0.000,582.540,-9999.000,-9999.000,-9999.000,215.200,3.500,-26.100,125.900,4220.000,41.713,-122.672
76927,3.310,0.000,582.420,-9999.000,-9999.000,-9999.000,211.700,3.700,-26.200,126.000,4220.000,41.712,-122.672
76928,3.320,0.000,582.360,-9999.000,-9999.000,-9999.000,208.300,3.700,-26.000,125.900,4220.000,41.712,-122.673
76929,3.340,0.000,582.520,-9999.000,-9999.000,-9999.000,205.000,3.700,-25.900,125.600,4221.000,41.711,-122.673
76930,3.360,0.000,582.520,-9999.000,-9999.000,-9999.000,201.500,3.700,-26.000,125.500,4221.000,41.710,-122.673
76931,3.360,0.000,582.600,-9999.000,-9999.000,-9999.000,198.100,3.700,-26.000,125.300,4221.000,41.710,-122.673
76932,3.360,0.000,582.640,-9999.000,-9999.000,-9999.000,194.800,3.700,-25.900,125.200,4222.000,41.709,-122.674
76933,3.410,0.000,582.900,-9999.000,-9999.000,-9999.000,191.500,3.600,-25.900,124.800,4222.000,41.709,-122.674
76934,3.420,0.000,582.900,-9999.000,-9999.000,-9999.000,188.100,3.600,-25.900,124.700,4222.000,41.708,-122.674
76935,3.430,0.000,583.040,-9999.000,-9999.000,-9999.000,184.600,3.600,-25.900,124.500,4223.000,41.707,-122.674
76936,3.440,0.000,583.080,-9999.000,-9999.000,-9999.000,181.300,3.600,-25.400,124.400,4223.000,41.707,-122.674
76937,3.340,0.000,582.100,-9999.000,-9999.000,-9999.000,177.700,3.700,-23.000,125.300,4223.000,41.706,-122.674
76938,3.150,0.000,580.420,-9999.000,-9999.000,-9999.000,174.300,4.000,-19.300,127.000,4224.000,41.705,-122.674
76939,3.050,0.000,579.320,-9999.000,-9999.000,-9999.000,171.800,4.400,-15.000,128.000,4225.000,41.705,-122.673
76940,2.930,0.000,578.200,-9999.000,-9999.000,-9999.000,170.200,4.600,-10.200,128.900,4227.000,41.704,-122.673
76941,2.820,0.000,577.220,-9999.000,-9999.000,-9999.000,169.100,4.500,-5.600,129.600,4230.000,41.704,-122.673
76942,2.820,0.000,576.960,-9999.000,-9999.000,-9999.000,168.800,4.200,-2.600,129.600,4232.000,41.703,-122.673
76943,2.950,0.000,577.900,-9999.000,-9999.000,-9999.000,169.100,3.700,-0.900,128.300,4234.000,41.702,-122.672
76944,3.090,0.000,578.900,-9999.000,-9999.000,-9999.000,169.500,3.300,-0.500,127.100,4236.000,41.702,-122.672
76945,3.270,0.000,580.160,-9999.000,-9999.000,-9999.000,169.800,3.000,-1.800,125.600,4237.000,41.701,-122.672
76946,3.330,0.000,580.620,-9999.000,-9999.000,-9999.000,169.600,2.800,-2.900,125.100,4238.000,41.701,-122.671
76947,3.310,0.000,580.440,-9999.000,-9999.000,-9999.000,169.100,2.700,-3.500,125.300,4238.000,41.700,-122.671
76948,3.260,0.000,580.140,-9999.000,-9999.000,-9999.000,168.500,2.700,-3.600,125.800,4238.000,41.699,-122.671
76949,3.180,0.000,579.580,-9999.000,-9999.000,-9999.000,168.000,2.700,-3.300,126.400,4238.000,41.699,-122.670
76950,3.160,0.000,579.400,-9999.000,-9999.000,-9999.000,167.500,2.700,-2.900,126.700,4237.000,41.698,-122.670
76951,3.140,0.000,579.300,-9999.000,-9999.000,-9999.000,167.100,2.800,-2.400,126.800,4237.000,41.698,-122.670
76952,3.170,0.000,579.520,-9999.000,-9999.000,-9999.000,167.000,2.800,-2.400,126.600,4238.000,41.697,-122.669
76953,3.220,0.000,579.840,-9999.000,-9999.000,-9999.000,166.800,2.800,-3.000,126.300,4238.000,41.696,-122.669
76954,3.190,0.000,579.760,-9999.000,-9999.000,-9999.000,166.300,2.700,-3.500,126.400,4238.000,41.696,-122.669
76955,3.250,0.000,580.280,-9999.000,-9999.000,-9999.000,165.900,2.700,-4.800,125.800,4238.000,41.695,-122.668
76956,3.260,0.000,580.500,-9999.000,-9999.000,-9999.000,165.300,2.600,-5.100,125.600,4238.000,41.695,-122.668
76957,3.170,0.000,580.000,-9999.000,-9999.000,-9999.000,164.500,2.500,-5.100,126.200,4238.000,41.694,-122.668
76958,3.090,0.000,579.340,-9999.000,-9999.000,-9999.000,163.800,2.500,-4.700,126.900,4238.000,41.693,-122.667
76959,3.070,0.000,579.260,-9999.000,-9999.000,-9999.000,163.300,2.500,-4.800,127.000,4238.000,41.693,-122.667
76960,3.110,0.000,579.500,-9999.000,-9999.000,-9999.000,162.800,2.400,-4.800,126.800,4238.000,41.692,-122.667
76961,3.070,0.000,579.220,-9999.000,-9999.000,-9999.000,162.100,2.500,-4.700,127.000,4238.000,41.692,-122.666
76962,3.090,0.000,579.380,-9999.000,-9999.000,-9999.000,161.600,2.400,-5.700,127.000,4237.000,41.691,-122.666
76963,3.230,0.000,580.560,-9999.000,-9999.000,-9999.000,161.200,2.400,-8.500,125.800,4237.000,41.691,-122.665
76964,3.370,0.000,581.900,-9999.000,-9999.000,-9999.000,160.500,2.200,-12.100,124.500,4237.000,41.690,-122.665
76965,3.490,0.000,582.900,-9999.000,-9999.000,-9999.000,159.200,2.000,-16.500,123.500,4236.000,41.689,-122.665
76966,3.520,0.000,583.160,-9999.000,-9999.000,-9999.000,157.000,1.700,-20.500,123.200,4235.000,41.689,-122.664
76967,3.470,0.000,582.960,-9999.000,-9999.000,-9999.000,154.100,1.600,-23.000,123.700,4233.000,41.688,-122.664
76968,3.400,0.000,582.680,-9999.000,-9999.000,-9999.000,150.600,1.700,-24.600,124.300,4231.000,41.688,-122.663
76969,3.340,0.000,582.480,-9999.000,-9999.000,-9999.000,147.000,2.100,-25.400,124.900,4229.000,41.687,-122.662
76970,3.270,0.000,582.220,-9999.000,-9999.000,-9999.000,143.400,2.400,-24.700,125.700,4227.000,41.687,-122.662
76971,3.150,0.000,581.260,-9999.000,-9999.000,-9999.000,139.700,2.900,-22.200,126.800,4226.000,41.686,-122.661
76972,2.900,0.000,579.360,-9999.000,-9999.000,-9999.000,136.200,3.500,-18.400,128.900,4225.000,41.686,-122.660
76973,2.750,0.000,578.180,-9999.000,-9999.000,-9999.000,133.900,4.000,-14.100,130.300,4226.000,41.685,-122.660
76974,2.670,0.000,577.220,-9999.000,-9999.000,-9999.000,132.400,4.200,-9.900,130.700,4228.000,41.685,-122.659
76975,2.630,0.000,576.960,-9999.000,-9999.000,-9999.000,131.500,4.000,-6.100,130.600,4230.000,41.684,-122.658
76976,2.570,0.000,576.300,-9999.000,-9999.000,-9999.000,130.900,3.800,-2.300,131.000,4232.000,41.684,-122.657
76977,2.480,0.000,575.460,-9999.000,-9999.000,-9999.000,130.800,3.300,1.300,131.600,4234.000,41.684,-122.656
76978,2.510,0.000,575.760,-9999.000,-9999.000,-9999.000,131.200,2.900,3.100,131.200,4235.000,41.683,-122.656
76979,2.620,0.000,576.800,-9999.000,-9999.000,-9999.000,132.000,2.600,3.600,130.000,4236.000,41.683,-122.655
76980,2.740,0.000,577.700,-9999.000,-9999.000,-9999.000,132.700,2.300,3.400,129.100,4237.000,41.683,-122.654
76981,2.760,0.000,577.960,-9999.000,-9999.000,-9999.000,133.100,2.300,2.800,128.800,4237.000,41.682,-122.653
76982,2.760,0.000,577.980,-9999.000,-9999.000,-9999.000,133.400,2.300,2.000,128.800,4237.000,41.682,-122.653
76983,2.770,0.000,578.120,-9999.000,-9999.000,-9999.000,133.700,2.300,1.600,128.700,4237.000,41.681,-122.652
76984,2.770,0.000,578.160,-9999.000,-9999.000,-9999.000,133.900,2.300,1.200,128.700,4237.000,41.681,-122.651
76985,2.710,0.000,577.780,-9999.000,-9999.000,-9999.000,134.000,2.400,1.500,129.200,4236.000,41.681,-122.650
76986,2.570,0.000,576.720,-9999.000,-9999.000,-9999.000,134.000,2.400,3.800,130.300,4236.000,41.680,-122.649
76987,2.360,0.000,575.180,-9999.000,-9999.000,-9999.000,134.200,2.300,7.100,131.900,4236.000,41.680,-122.649
76988,2.220,0.000,573.980,-9999.000,-9999.000,-9999.000,135.000,2.200,11.200,133.200,4236.000,41.679,-122.648
76989,2.160,0.000,573.580,-9999.000,-9999.000,-9999.000,136.500,2.000,13.700,133.500,4236.000,41.679,-122.647
76990,2.320,0.000,575.080,-9999.000,-9999.000,-9999.000,138.700,1.900,14.200,132.100,4235.000,41.678,-122.646
76991,2.560,0.000,576.860,-9999.000,-9999.000,-9999.000,140.900,2.100,13.300,130.300,4234.000,41.678,-122.646
76992,2.650,0.000,577.680,-9999.000,-9999.000,-9999.000,142.700,2.300,11.500,129.600,4234.000,41.677,-122.645
76993,2.720,0.000,578.160,-9999.000,-9999.000,-9999.000,144.100,2.500,9.500,129.200,4234.000,41.677,-122.644
76994,2.770,0.000,578.520,-9999.000,-9999.000,-9999.000,145.300,2.600,6.300,128.800,4234.000,41.676,-122.644
76995,2.930,0.000,579.780,-9999.000,-9999.000,-9999.000,146.200,2.700,2.500,127.400,4234.000,41.676,-122.643
76996,3.000,0.000,580.260,-9999.000,-9999.000,-9999.000,146.500,2.700,-1.800,126.800,4235.000,41.675,-122.642
76997,3.140,0.000,581.260,-9999.000,-9999.000,-9999.000,146.500,2.500,-6.400,125.600,4235.000,41.675,-122.642
76998,3.280,0.000,582.300,-9999.000,-9999.000,-9999.000,146.000,2.200,-11.200,124.400,4235.000,41.674,-122.641
76999,3.320,0.000,582.620,-9999.000,-9999.000,-9999.000,144.600,2.000,-15.400,124.000,4235.000,41.674,-122.640
77000,3.250,0.000,581.960,-9999.000,-9999.000,-9999.000,142.200,1.700,-17.200,124.800,4234.000,41.674,-122.640
77001,3.110,0.000,580.880,-9999.000,-9999.000,-9999.000,139.500,1.800,-17.000,126.100,4233.000,41.673,-122.639
77002,3.000,0.000,580.020,-9999.000,-9999.000,-9999.000,137.000,2.200,-15.400,127.300,4231.000,41.673,-122.638
77003,2.870,0.000,579.120,-9999.000,-9999.000,-9999.000,134.800,2.500,-13.100,128.500,4230.000,41.672,-122.638
77004,2.850,0.000,578.920,-9999.000,-9999.000,-9999.000,133.300,2.900,-10.800,128.800,4230.000,41.672,-122.637
77005,2.840,0.000,578.660,-9999.000,-9999.000,-9999.000,132.100,3.000,-8.600,129.000,4230.000,41.671,-122.636
77006,2.850,0.000,578.780,-9999.000,-9999.000,-9999.000,131.200,3.000,-7.100,128.800,4231.000,41.671,-122.635
77007,2.870,0.000,578.840,-9999.000,-9999.000,-9999.000,130.500,3.000,-6.000,128.500,4231.000,41.671,-122.634
77008,2.900,0.000,578.940,-9999.000,-9999.000,-9999.000,129.800,2.900,-5.100,128.300,4232.000,41.670,-122.634
77009,2.900,0.000,578.940,-9999.000,-9999.000,-9999.000,129.300,2.700,-4.400,128.200,4232.000,41.670,-122.633
77010,2.900,0.000,578.940,-9999.000,-9999.000,-9999.000,128.900,2.700,-3.900,128.100,4233.000,41.669,-122.632
77011,2.910,0.000,578.940,-9999.000,-9999.000,-9999.000,128.500,2.600,-3.400,128.100,4233.000,41.669,-122.631
77012,2.950,0.000,579.140,-9999.000,-9999.000,-9999.000,128.100,2.600,-2.900,127.900,4233.000,41.669,-122.630
77013,2.970,0.000,579.260,-9999.000,-9999.000,-9999.000,127.900,2.600,-2.700,127.800,4233.000,41.668,-122.629
77014,2.980,0.000,579.280,-9999.000,-9999.000,-9999.000,127.600,2.600,-2.400,127.700,4233.000,41.668,-122.629
