data/rawdat/flt20220904/JNO2_N57_20220904_RA.ict
36, 1001
Michael A. Robinson, Patrick Veres, Ken Aikin
NOAA Chemical Sciences Laboratory
Filter Radiometer (NO2)
CalFiDE
1, 1
2022, 09, 04, 2022, 09, 17
0
TO_Time_UTC, seconds_past_midnight, Time_Start
3
1, 1, 1
-9999, -9999, -9999
jNO2_up, 1/s, GasJvalue_jNO2_InSitu_Downwelling_Full_NO2-O3P
jNO2_down, 1/s, GasJvalue_jNO2_InSitu_Upwelling_Full_NO2-O3P
jNO2_total, 1/s, GasJvalue_jNO2_InSitu_Total_Full_NO2-O3P
1
SPECIAL COMMENTS: N/A
18
PI_CONTACT_INFO: Address: 325 Broadway, Boulder CO 80305
PLATFORM: N57RF Twin Otter
LOCATION: California and Oregon
ASSOCIATED_DATA: N/A
INSTRUMENT_INFO: Filter radiometers
DATA_INFO: Units: 1/s 
UNCERTAINTY: ± 10%
ULOD_FLAG: -7777
ULOD_VALUE: N/A
LLOD_FLAG: -8888
LLOD_VALUE: N/A
DM_CONTACT_INFO: Data Manager: Ken Aikin
PROJECT_INFO: CalFiDE dates of study: August-September, 2022
STIPULATIONS_ON_USE: Users are strongly encouraged to contact the PI for proper data usage.
OTHER_COMMENTS: up means upward looking, down means downward looking, total is the sum of up and down. Calibration done by intercomparison with NCAR HARP instrument.
REVISION: RA
RA: Preliminary data
TO_Time_UTC, jNO2_up, jNO2_down, jNO2_total
[from data line 5321]
75641,1.218e-02,3.918e-03,1.609e-02
75642,1.221e-02,3.875e-03,1.609e-02
75643,1.226e-02,3.944e-03,1.621e-02
75644,1.236e-02,3.944e-03,1.631e-02
75645,1.243e-02,4.021e-03,1.645e-02
75646,1.250e-02,4.013e-03,1.651e-02
75647,1.251e-02,4.039e-03,1.655e-02
75648,1.250e-02,4.056e-03,1.656e-02
75649,1.245e-02,4.064e-03,1.651e-02
75650,1.239e-02,4.090e-03,1.648e-02
75651,1.236e-02,4.073e-03,1.643e-02
75652,1.230e-02,4.099e-03,1.640e-02
75653,1.227e-02,4.073e-03,1.634e-02
75654,1.225e-02,4.099e-03,1.635e-02
75655,1.225e-02,4.090e-03,1.634e-02
75656,1.226e-02,4.108e-03,1.637e-02
75657,1.221e-02,4.151e-03,1.636e-02
75658,1.222e-02,4.133e-03,1.635e-02
75659,1.220e-02,4.151e-03,1.635e-02
75660,1.221e-02,4.168e-03,1.638e-02
75661,1.220e-02,4.177e-03,1.638e-02
75662,1.218e-02,4.185e-03,1.636e-02
75663,1.222e-02,4.202e-03,1.642e-02
75664,1.219e-02,4.220e-03,1.641e-02
75665,1.216e-02,4.220e-03,1.638e-02
75666,1.216e-02,4.271e-03,1.643e-02
75667,1.216e-02,4.280e-03,1.644e-02
75668,1.217e-02,4.220e-03,1.639e-02
75669,1.211e-02,4.332e-03,1.644e-02
75670,1.209e-02,4.306e-03,1.640e-02
75671,1.209e-02,4.409e-03,1.650e-02
75672,1.209e-02,4.323e-03,1.641e-02
75673,1.212e-02,4.323e-03,1.644e-02
75674,1.212e-02,4.366e-03,1.648e-02
75675,1.211e-02,4.383e-03,1.649e-02
75676,1.210e-02,4.358e-03,1.646e-02
75677,1.210e-02,4.392e-03,1.649e-02
75678,1.209e-02,4.392e-03,1.648e-02
75679,1.213e-02,4.409e-03,1.654e-02
75680,1.209e-02,4.418e-03,1.651e-02
75681,1.215e-02,4.452e-03,1.660e-02
75682,1.213e-02,4.418e-03,1.655e-02
75683,1.214e-02,4.470e-03,1.661e-02
75684,1.215e-02,4.478e-03,1.663e-02
75685,1.213e-02,4.547e-03,1.668e-02
75686,1.213e-02,4.478e-03,1.660e-02
75687,1.214e-02,4.470e-03,1.661e-02
75688,1.217e-02,4.521e-03,1.669e-02
75689,1.214e-02,4.539e-03,1.668e-02
75690,1.215e-02,4.530e-03,1.668e-02
75691,1.213e-02,4.565e-03,1.670e-02
75692,1.214e-02,4.547e-03,1.669e-02
75693,1.216e-02,4.539e-03,1.670e-02
75694,1.217e-02,4.565e-03,1.673e-02
75695,1.216e-02,4.513e-03,1.667e-02
75696,1.219e-02,4.530e-03,1.672e-02
75697,1.216e-02,4.530e-03,1.669e-02
75698,1.218e-02,4.565e-03,1.674e-02
75699,1.216e-02,4.565e-03,1.673e-02
75700,1.222e-02,4.565e-03,1.679e-02
75701,1.219e-02,4.565e-03,1.675e-02
75702,1.215e-02,4.590e-03,1.674e-02
75703,1.217e-02,4.565e-03,1.673e-02
75704,1.217e-02,4.565e-03,1.673e-02
75705,1.220e-02,4.547e-03,1.675e-02
75706,1.218e-02,4.573e-03,1.675e-02
75707,1.217e-02,4.590e-03,1.676e-02
75708,1.218e-02,4.565e-03,1.674e-02
75709,1.217e-02,4.590e-03,1.676e-02
75710,1.219e-02,4.616e-03,1.680e-02
75711,1.221e-02,4.599e-03,1.681e-02
75712,1.215e-02,4.582e-03,1.673e-02
75713,1.220e-02,4.599e-03,1.680e-02
75714,1.219e-02,4.634e-03,1.682e-02
75715,1.221e-02,4.608e-03,1.682e-02
75716,1.220e-02,4.659e-03,1.686e-02
75717,1.219e-02,4.599e-03,1.679e-02
75718,1.217e-02,4.659e-03,1.683e-02
75719,1.219e-02,4.625e-03,1.682e-02
75720,1.218e-02,4.634e-03,1.681e-02
75721,1.219e-02,4.556e-03,1.675e-02
75722,1.219e-02,4.634e-03,1.683e-02
75723,1.219e-02,4.616e-03,1.681e-02
75724,1.220e-02,4.616e-03,1.682e-02
75725,1.216e-02,4.668e-03,1.683e-02
75726,1.217e-02,4.685e-03,1.685e-02
75727,1.219e-02,4.651e-03,1.684e-02
75728,1.217e-02,4.659e-03,1.683e-02
75729,1.218e-02,4.608e-03,1.679e-02
75730,1.219e-02,4.668e-03,1.685e-02
75731,1.219e-02,4.625e-03,1.681e-02
75732,1.219e-02,4.651e-03,1.684e-02
75733,1.219e-02,4.634e-03,1.683e-02
75734,1.219e-02,4.590e-03,1.678e-02
75735,1.221e-02,4.616e-03,1.683e-02
75736,1.218e-02,4.642e-03,1.682e-02
75737,1.219e-02,4.642e-03,1.683e-02
75738,1.219e-02,4.616e-03,1.681e-02
75739,1.219e-02,4.625e-03,1.682e-02
75740,1.220e-02,4.659e-03,1.686e-02
75741,1.219e-02,4.599e-03,1.679e-02
75742,1.219e-02,4.634e-03,1.683e-02
75743,1.219e-02,4.582e-03,1.678e-02
75744,1.219e-02,4.599e-03,1.679e-02
75745,1.217e-02,4.547e-03,1.672e-02
75746,1.218e-02,4.616e-03,1.679e-02
75747,1.219e-02,4.539e-03,1.673e-02
75748,1.221e-02,4.599e-03,1.681e-02
75749,1.219e-02,4.616e-03,1.681e-02
75750,1.221e-02,4.565e-03,1.678e-02
75751,1.220e-02,4.590e-03,1.679e-02
75752,1.220e-02,4.565e-03,1.677e-02
75753,1.220e-02,4.590e-03,1.679e-02
75754,1.220e-02,4.547e-03,1.675e-02
75755,1.219e-02,4.539e-03,1.673e-02
75756,1.220e-02,4.539e-03,1.674e-02
75757,1.219e-02,4.487e-03,1.668e-02
75758,1.221e-02,4.556e-03,1.677e-02
75759,1.220e-02,4.539e-03,1.674e-02
75760,1.218e-02,4.496e-03,1.667e-02
75761,1.218e-02,4.496e-03,1.667e-02
75762,1.221e-02,4.487e-03,1.670e-02
75763,1.219e-02,4.461e-03,1.665e-02
75764,1.217e-02,4.496e-03,1.666e-02
75765,1.221e-02,4.504e-03,1.672e-02
75766,1.218e-02,4.513e-03,1.669e-02
75767,1.219e-02,4.496e-03,1.668e-02
75768,1.217e-02,4.496e-03,1.666e-02
75769,1.219e-02,4.487e-03,1.668e-02
75770,1.221e-02,4.461e-03,1.667e-02
75771,1.219e-02,4.478e-03,1.667e-02
75772,1.218e-02,4.444e-03,1.662e-02
75773,1.222e-02,4.478e-03,1.670e-02
75774,1.219e-02,4.496e-03,1.669e-02
75775,1.219e-02,4.487e-03,1.668e-02
75776,1.218e-02,4.487e-03,1.666e-02
75777,1.219e-02,4.461e-03,1.665e-02
75778,1.219e-02,4.478e-03,1.667e-02
75779,1.219e-02,4.461e-03,1.665e-02
75780,1.220e-02,4.452e-03,1.665e-02
75781,1.218e-02,4.478e-03,1.665e-02
75782,1.221e-02,4.487e-03,1.670e-02
75783,1.219e-02,4.452e-03,1.665e-02
75784,1.219e-02,4.452e-03,1.665e-02
75785,1.218e-02,4.452e-03,1.663e-02
75786,1.219e-02,4.478e-03,1.666e-02
75787,1.219e-02,4.478e-03,1.666e-02
75788,1.218e-02,4.452e-03,1.663e-02
75789,1.219e-02,4.461e-03,1.665e-02
75790,1.215e-02,4.444e-03,1.660e-02
75791,1.218e-02,4.496e-03,1.667e-02
75792,1.219e-02,4.409e-03,1.659e-02
75793,1.214e-02,4.461e-03,1.660e-02
75794,1.219e-02,4.427e-03,1.662e-02
75795,1.221e-02,4.435e-03,1.665e-02
75796,1.220e-02,4.470e-03,1.667e-02
75797,1.219e-02,4.383e-03,1.657e-02
75798,1.221e-02,4.418e-03,1.663e-02
75799,1.219e-02,4.435e-03,1.662e-02
75800,1.221e-02,4.444e-03,1.665e-02
75801,1.217e-02,4.444e-03,1.661e-02
75802,1.216e-02,4.435e-03,1.659e-02
75803,1.217e-02,4.418e-03,1.659e-02
75804,1.217e-02,4.392e-03,1.656e-02
75805,1.217e-02,4.409e-03,1.658e-02
75806,1.216e-02,4.427e-03,1.659e-02
75807,1.218e-02,4.366e-03,1.654e-02
75808,1.219e-02,4.375e-03,1.656e-02
75809,1.217e-02,4.418e-03,1.659e-02
75810,1.216e-02,4.332e-03,1.649e-02
75811,1.217e-02,4.306e-03,1.648e-02
75812,1.217e-02,4.358e-03,1.653e-02
75813,1.219e-02,4.358e-03,1.655e-02
75814,1.219e-02,4.358e-03,1.655e-02
75815,1.219e-02,4.271e-03,1.646e-02
75816,1.215e-02,4.254e-03,1.641e-02
75817,1.218e-02,4.263e-03,1.644e-02
75818,1.219e-02,4.289e-03,1.648e-02
75819,1.217e-02,4.271e-03,1.644e-02
75820,1.216e-02,4.263e-03,1.642e-02
75821,1.216e-02,4.220e-03,1.638e-02
75822,1.216e-02,4.254e-03,1.641e-02
75823,1.219e-02,4.228e-03,1.642e-02
75824,1.223e-02,4.211e-03,1.644e-02
75825,1.220e-02,4.211e-03,1.641e-02
75826,1.219e-02,4.168e-03,1.636e-02
75827,1.218e-02,4.202e-03,1.638e-02
75828,1.214e-02,4.142e-03,1.629e-02
75829,1.214e-02,4.133e-03,1.628e-02
75830,1.216e-02,4.151e-03,1.631e-02
75831,1.216e-02,4.082e-03,1.624e-02
75832,1.215e-02,4.073e-03,1.622e-02
75833,1.211e-02,4.090e-03,1.620e-02
75834,1.213e-02,4.073e-03,1.621e-02
75835,1.215e-02,4.047e-03,1.620e-02
75836,1.212e-02,4.021e-03,1.614e-02
75837,1.214e-02,4.021e-03,1.616e-02
75838,1.216e-02,4.013e-03,1.617e-02
75839,1.214e-02,3.995e-03,1.614e-02
75840,1.215e-02,3.952e-03,1.610e-02
75841,1.213e-02,3.918e-03,1.604e-02
75842,1.212e-02,3.918e-03,1.604e-02
75843,1.215e-02,3.909e-03,1.606e-02
75844,1.214e-02,3.944e-03,1.609e-02
75845,1.211e-02,3.901e-03,1.601e-02
75846,1.213e-02,3.857e-03,1.599e-02
75847,1.213e-02,3.866e-03,1.599e-02
75848,1.211e-02,3.840e-03,1.595e-02
75849,1.212e-02,3.832e-03,1.595e-02
75850,1.213e-02,3.806e-03,1.594e-02
75851,1.213e-02,3.814e-03,1.595e-02
75852,1.215e-02,3.823e-03,1.597e-02
75853,1.214e-02,3.788e-03,1.593e-02
75854,1.214e-02,3.771e-03,1.591e-02
75855,1.212e-02,3.788e-03,1.590e-02
75856,1.212e-02,3.719e-03,1.584e-02
75857,1.216e-02,3.737e-03,1.590e-02
75858,1.213e-02,3.745e-03,1.587e-02
75859,1.211e-02,3.737e-03,1.585e-02
75860,1.213e-02,3.668e-03,1.580e-02
75861,1.211e-02,3.659e-03,1.577e-02
75862,1.211e-02,3.702e-03,1.581e-02
75863,1.209e-02,3.650e-03,1.574e-02
75864,1.213e-02,3.676e-03,1.580e-02
75865,1.212e-02,3.625e-03,1.574e-02
75866,1.212e-02,3.685e-03,1.580e-02
75867,1.213e-02,3.625e-03,1.575e-02
75868,1.212e-02,3.625e-03,1.574e-02
75869,1.212e-02,3.633e-03,1.575e-02
75870,1.212e-02,3.668e-03,1.579e-02
75871,1.212e-02,3.625e-03,1.574e-02
75872,1.210e-02,3.590e-03,1.569e-02
75873,1.213e-02,3.581e-03,1.572e-02
75874,1.213e-02,3.616e-03,1.574e-02
75875,1.213e-02,3.581e-03,1.571e-02
75876,1.211e-02,3.616e-03,1.572e-02
75877,1.211e-02,3.556e-03,1.566e-02
75878,1.209e-02,3.538e-03,1.563e-02
75879,1.211e-02,3.573e-03,1.568e-02
75880,1.213e-02,3.547e-03,1.567e-02
75881,1.212e-02,3.599e-03,1.572e-02
75882,1.211e-02,3.556e-03,1.566e-02
75883,1.208e-02,3.590e-03,1.567e-02
75884,1.208e-02,3.564e-03,1.565e-02
75885,1.206e-02,3.521e-03,1.558e-02
75886,1.209e-02,3.581e-03,1.567e-02
75887,1.206e-02,3.556e-03,1.561e-02
75888,1.200e-02,3.495e-03,1.549e-02
75889,1.190e-02,3.530e-03,1.543e-02
75890,1.186e-02,3.530e-03,1.539e-02
75891,1.178e-02,3.556e-03,1.533e-02
75892,1.176e-02,3.538e-03,1.530e-02
75893,1.176e-02,3.521e-03,1.528e-02
75894,1.184e-02,3.530e-03,1.537e-02
75895,1.190e-02,3.556e-03,1.545e-02
75896,1.195e-02,3.547e-03,1.549e-02
75897,1.199e-02,3.530e-03,1.552e-02
75898,1.201e-02,3.564e-03,1.557e-02
75899,1.205e-02,3.599e-03,1.565e-02
75900,1.203e-02,3.547e-03,1.558e-02
75901,1.206e-02,3.547e-03,1.560e-02
75902,1.208e-02,3.607e-03,1.568e-02
75903,1.206e-02,3.547e-03,1.560e-02
75904,1.208e-02,3.573e-03,1.565e-02
75905,1.206e-02,3.581e-03,1.564e-02
75906,1.206e-02,3.573e-03,1.563e-02
75907,1.209e-02,3.530e-03,1.562e-02
75908,1.209e-02,3.530e-03,1.562e-02
75909,1.212e-02,3.564e-03,1.568e-02
75910,1.209e-02,3.590e-03,1.568e-02
75911,1.209e-02,3.581e-03,1.567e-02
75912,1.212e-02,3.650e-03,1.577e-02
75913,1.210e-02,3.590e-03,1.569e-02
75914,1.212e-02,3.590e-03,1.571e-02
75915,1.210e-02,3.633e-03,1.573e-02
75916,1.212e-02,3.599e-03,1.572e-02
75917,1.211e-02,3.642e-03,1.575e-02
75918,1.210e-02,3.607e-03,1.571e-02
75919,1.210e-02,3.642e-03,1.574e-02
75920,1.212e-02,3.650e-03,1.577e-02
75921,1.209e-02,3.616e-03,1.571e-02
75922,1.212e-02,3.633e-03,1.575e-02
75923,1.210e-02,3.668e-03,1.577e-02
75924,1.212e-02,3.676e-03,1.579e-02
75925,1.213e-02,3.676e-03,1.580e-02
75926,1.213e-02,3.685e-03,1.582e-02
75927,1.210e-02,3.685e-03,1.579e-02
75928,1.211e-02,3.685e-03,1.579e-02
75929,1.214e-02,3.728e-03,1.587e-02
75930,1.211e-02,3.702e-03,1.581e-02
75931,1.213e-02,3.668e-03,1.579e-02
75932,1.208e-02,3.702e-03,1.578e-02
75933,1.212e-02,3.702e-03,1.582e-02
75934,1.212e-02,3.737e-03,1.585e-02
75935,1.213e-02,3.694e-03,1.583e-02
75936,1.212e-02,3.711e-03,1.583e-02
75937,1.212e-02,3.719e-03,1.584e-02
75938,1.213e-02,3.771e-03,1.590e-02
75939,1.213e-02,3.737e-03,1.586e-02
75940,1.211e-02,3.728e-03,1.584e-02
75941,1.213e-02,3.745e-03,1.587e-02
75942,1.212e-02,3.745e-03,1.586e-02
75943,1.213e-02,3.763e-03,1.589e-02
75944,1.213e-02,3.737e-03,1.586e-02
75945,1.210e-02,3.763e-03,1.586e-02
75946,1.209e-02,3.771e-03,1.586e-02
75947,1.214e-02,3.771e-03,1.591e-02
75948,1.219e-02,3.797e-03,1.599e-02
75949,1.225e-02,3.823e-03,1.608e-02
75950,1.230e-02,3.866e-03,1.617e-02
75951,1.238e-02,3.909e-03,1.629e-02
75952,1.247e-02,3.875e-03,1.634e-02
75953,1.254e-02,3.909e-03,1.645e-02
75954,1.260e-02,3.952e-03,1.656e-02
75955,1.267e-02,3.995e-03,1.667e-02
75956,1.269e-02,3.978e-03,1.667e-02
75957,1.274e-02,4.021e-03,1.676e-02
75958,1.273e-02,4.021e-03,1.675e-02
75959,1.276e-02,4.082e-03,1.684e-02
75960,1.279e-02,4.064e-03,1.686e-02
75961,1.278e-02,4.073e-03,1.686e-02
75962,1.274e-02,4.082e-03,1.682e-02
75963,1.275e-02,4.082e-03,1.683e-02
75964,1.273e-02,4.099e-03,1.683e-02
75965,1.271e-02,4.099e-03,1.681e-02
75966,1.272e-02,4.116e-03,1.684e-02
75967,1.273e-02,4.133e-03,1.687e-02
75968,1.270e-02,4.108e-03,1.681e-02
75969,1.271e-02,4.108e-03,1.682e-02
75970,1.269e-02,4.073e-03,1.676e-02
75971,1.267e-02,4.056e-03,1.673e-02
75972,1.267e-02,4.116e-03,1.679e-02
75973,1.268e-02,4.125e-03,1.681e-02
75974,1.264e-02,4.116e-03,1.675e-02
75975,1.262e-02,4.082e-03,1.670e-02
75976,1.261e-02,4.047e-03,1.666e-02
75977,1.256e-02,4.082e-03,1.664e-02
75978,1.254e-02,4.030e-03,1.657e-02
75979,1.247e-02,4.013e-03,1.648e-02
75980,1.243e-02,4.004e-03,1.644e-02
75981,1.235e-02,3.978e-03,1.633e-02
75982,1.229e-02,3.935e-03,1.622e-02
75983,1.223e-02,3.935e-03,1.616e-02
75984,1.218e-02,3.875e-03,1.605e-02
75985,1.208e-02,3.883e-03,1.596e-02
75986,1.207e-02,3.857e-03,1.592e-02
75987,1.199e-02,3.857e-03,1.585e-02
75988,1.193e-02,3.797e-03,1.573e-02
75989,1.187e-02,3.823e-03,1.569e-02
75990,1.180e-02,3.797e-03,1.560e-02
75991,1.175e-02,3.788e-03,1.554e-02
75992,1.167e-02,3.763e-03,1.544e-02
75993,1.166e-02,3.737e-03,1.539e-02
75994,1.167e-02,3.745e-03,1.541e-02
75995,1.170e-02,3.737e-03,1.544e-02
75996,1.175e-02,3.754e-03,1.550e-02
75997,1.184e-02,3.763e-03,1.560e-02
75998,1.185e-02,3.737e-03,1.559e-02
75999,1.193e-02,3.754e-03,1.568e-02
76000,1.194e-02,3.780e-03,1.572e-02
76001,1.200e-02,3.763e-03,1.576e-02
76002,1.196e-02,3.771e-03,1.573e-02
76003,1.196e-02,3.737e-03,1.569e-02
76004,1.196e-02,3.737e-03,1.569e-02
76005,1.192e-02,3.685e-03,1.561e-02
76006,1.190e-02,3.711e-03,1.561e-02
76007,1.185e-02,3.702e-03,1.556e-02
76008,1.184e-02,3.668e-03,1.551e-02
76009,1.183e-02,3.633e-03,1.546e-02
76010,1.180e-02,3.676e-03,1.548e-02
76011,1.178e-02,3.650e-03,1.543e-02
76012,1.178e-02,3.659e-03,1.544e-02
76013,1.178e-02,3.650e-03,1.543e-02
76014,1.176e-02,3.685e-03,1.544e-02
76015,1.175e-02,3.633e-03,1.538e-02
76016,1.171e-02,3.599e-03,1.531e-02
76017,1.171e-02,3.599e-03,1.531e-02
76018,1.168e-02,3.581e-03,1.526e-02
76019,1.168e-02,3.599e-03,1.528e-02
76020,1.172e-02,3.625e-03,1.534e-02
76021,1.172e-02,3.590e-03,1.531e-02
76022,1.174e-02,3.581e-03,1.532e-02
76023,1.179e-02,3.573e-03,1.536e-02
76024,1.179e-02,3.599e-03,1.539e-02
76025,1.180e-02,3.573e-03,1.537e-02
76026,1.180e-02,3.564e-03,1.537e-02
76027,1.180e-02,3.512e-03,1.531e-02
76028,1.178e-02,3.573e-03,1.535e-02
76029,1.184e-02,3.564e-03,1.540e-02
76030,1.179e-02,3.530e-03,1.532e-02
76031,1.181e-02,3.556e-03,1.537e-02
76032,1.182e-02,3.521e-03,1.534e-02
76033,1.188e-02,3.538e-03,1.542e-02
76034,1.184e-02,3.547e-03,1.538e-02
76035,1.183e-02,3.530e-03,1.536e-02
76036,1.188e-02,3.538e-03,1.542e-02
76037,1.183e-02,3.547e-03,1.537e-02
76038,1.184e-02,3.530e-03,1.537e-02
76039,1.185e-02,3.504e-03,1.536e-02
76040,1.184e-02,3.530e-03,1.537e-02
76041,1.186e-02,3.478e-03,1.534e-02
76042,1.186e-02,3.452e-03,1.531e-02
76043,1.186e-02,3.461e-03,1.532e-02
76044,1.184e-02,3.452e-03,1.530e-02
76045,1.185e-02,3.452e-03,1.531e-02
76046,1.185e-02,3.504e-03,1.536e-02
76047,1.184e-02,3.478e-03,1.532e-02
76048,1.185e-02,3.469e-03,1.532e-02
76049,1.188e-02,3.478e-03,1.536e-02
76050,1.184e-02,3.444e-03,1.529e-02
76051,1.186e-02,3.452e-03,1.531e-02
76052,1.185e-02,3.461e-03,1.531e-02
76053,1.184e-02,3.400e-03,1.524e-02
76054,1.184e-02,3.426e-03,1.526e-02
76055,1.185e-02,3.383e-03,1.524e-02
76056,1.184e-02,3.426e-03,1.527e-02
76057,1.182e-02,3.444e-03,1.526e-02
76058,1.183e-02,3.435e-03,1.526e-02
76059,1.182e-02,3.418e-03,1.524e-02
76060,1.184e-02,3.435e-03,1.527e-02
76061,1.184e-02,3.426e-03,1.526e-02
76062,1.185e-02,3.392e-03,1.525e-02
76063,1.184e-02,3.392e-03,1.523e-02
76064,1.184e-02,3.435e-03,1.527e-02
76065,1.185e-02,3.418e-03,1.527e-02
76066,1.182e-02,3.409e-03,1.523e-02
76067,1.182e-02,3.426e-03,1.524e-02
76068,1.184e-02,3.392e-03,1.523e-02
76069,1.183e-02,3.444e-03,1.527e-02
76070,1.184e-02,3.375e-03,1.521e-02
76071,1.184e-02,3.383e-03,1.523e-02
76072,1.184e-02,3.409e-03,1.524e-02
76073,1.184e-02,3.418e-03,1.526e-02
76074,1.187e-02,3.426e-03,1.530e-02
76075,1.184e-02,3.383e-03,1.523e-02
76076,1.183e-02,3.400e-03,1.523e-02
76077,1.184e-02,3.400e-03,1.524e-02
76078,1.183e-02,3.392e-03,1.522e-02
76079,1.181e-02,3.409e-03,1.522e-02
76080,1.182e-02,3.383e-03,1.520e-02
76081,1.183e-02,3.366e-03,1.519e-02
76082,1.183e-02,3.392e-03,1.522e-02
76083,1.182e-02,3.392e-03,1.521e-02
