data/rawdat/flt20220904/JNO2_N57_20220904_RA.ict
36, 1001
Michael A. Robinson, Patrick Veres, Ken Aikin
NOAA Chemical Sciences Laboratory
Filter Radiometer (NO2)
CalFiDE
1, 1
2022, 09, 04, 2022, 09, 17
0
TO_Time_UTC, seconds_past_midnight, Time_Start
3
1, 1, 1
-9999, -9999, -9999
jNO2_up, 1/s, GasJvalue_jNO2_InSitu_Downwelling_Full_NO2-O3P
jNO2_down, 1/s, GasJvalue_jNO2_InSitu_Upwelling_Full_NO2-O3P
jNO2_total, 1/s, GasJvalue_jNO2_InSitu_Total_Full_NO2-O3P
1
SPECIAL COMMENTS: N/A
18
PI_CONTACT_INFO: Address: 325 Broadway, Boulder CO 80305
PLATFORM: N57RF Twin Otter
LOCATION: California and Oregon
ASSOCIATED_DATA: N/A
INSTRUMENT_INFO: Filter radiometers
DATA_INFO: Units: 1/s 
UNCERTAINTY: ± 10%
ULOD_FLAG: -7777
ULOD_VALUE: N/A
LLOD_FLAG: -8888
LLOD_VALUE: N/A
DM_CONTACT_INFO: Data Manager: Ken Aikin
PROJECT_INFO: CalFiDE dates of study: August-September, 2022
STIPULATIONS_ON_USE: Users are strongly encouraged to contact the PI for proper data usage.
OTHER_COMMENTS: up means upward looking, down means downward looking, total is the sum of up and down. Calibration done by intercomparison with NCAR HARP instrument.
REVISION: RA
RA: Preliminary data
TO_Time_UTC, jNO2_up, jNO2_down, jNO2_total
[from data line 3099]
73419,1.114e-02,2.495e-03,1.364e-02
73420,1.103e-02,2.512e-03,1.354e-02
73421,1.098e-02,2.538e-03,1.352e-02
73422,1.101e-02,2.512e-03,1.352e-02
73423,1.093e-02,2.512e-03,1.344e-02
73424,1.103e-02,2.521e-03,1.355e-02
73425,1.125e-02,2.504e-03,1.376e-02
73426,1.097e-02,2.547e-03,1.352e-02
73427,1.081e-02,2.512e-03,1.332e-02
73428,1.097e-02,2.529e-03,1.349e-02
73429,1.092e-02,2.529e-03,1.345e-02
73430,1.079e-02,2.529e-03,1.332e-02
73431,1.079e-02,2.512e-03,1.331e-02
73432,1.083e-02,2.521e-03,1.335e-02
73433,1.103e-02,2.555e-03,1.359e-02
73434,1.124e-02,2.529e-03,1.377e-02
73435,1.118e-02,2.504e-03,1.368e-02
73436,1.105e-02,2.529e-03,1.358e-02
73437,1.101e-02,2.529e-03,1.354e-02
73438,1.102e-02,2.521e-03,1.354e-02
73439,1.117e-02,2.521e-03,1.369e-02
73440,1.124e-02,2.529e-03,1.377e-02
73441,1.123e-02,2.512e-03,1.374e-02
73442,1.131e-02,2.486e-03,1.379e-02
73443,1.130e-02,2.504e-03,1.380e-02
73444,1.140e-02,2.495e-03,1.390e-02
73445,1.148e-02,2.504e-03,1.398e-02
73446,1.152e-02,2.529e-03,1.405e-02
73447,1.134e-02,2.521e-03,1.386e-02
73448,1.124e-02,2.547e-03,1.378e-02
73449,1.150e-02,2.504e-03,1.401e-02
73450,1.150e-02,2.504e-03,1.401e-02
73451,1.143e-02,2.495e-03,1.392e-02
73452,1.124e-02,2.486e-03,1.372e-02
73453,1.105e-02,2.486e-03,1.354e-02
73454,1.107e-02,2.495e-03,1.356e-02
73455,1.066e-02,2.529e-03,1.319e-02
73456,1.080e-02,2.504e-03,1.331e-02
73457,1.066e-02,2.495e-03,1.315e-02
73458,1.057e-02,2.529e-03,1.310e-02
73459,1.079e-02,2.504e-03,1.330e-02
73460,1.095e-02,2.495e-03,1.344e-02
73461,1.115e-02,2.521e-03,1.367e-02
73462,1.097e-02,2.538e-03,1.351e-02
73463,1.100e-02,2.504e-03,1.350e-02
73464,1.103e-02,2.486e-03,1.351e-02
73465,1.095e-02,2.504e-03,1.345e-02
73466,1.091e-02,2.486e-03,1.340e-02
73467,1.102e-02,2.478e-03,1.349e-02
73468,1.097e-02,2.486e-03,1.345e-02
73469,1.094e-02,2.460e-03,1.340e-02
73470,1.105e-02,2.521e-03,1.357e-02
73471,1.110e-02,2.512e-03,1.361e-02
73472,1.101e-02,2.521e-03,1.353e-02
73473,1.106e-02,2.521e-03,1.358e-02
73474,1.111e-02,2.495e-03,1.360e-02
73475,1.114e-02,2.495e-03,1.364e-02
73476,1.105e-02,2.512e-03,1.356e-02
73477,1.106e-02,2.495e-03,1.355e-02
73478,1.122e-02,2.521e-03,1.374e-02
73479,1.138e-02,2.529e-03,1.391e-02
73480,1.149e-02,2.504e-03,1.399e-02
73481,1.148e-02,2.512e-03,1.399e-02
73482,1.143e-02,2.529e-03,1.396e-02
73483,1.149e-02,2.495e-03,1.399e-02
73484,1.153e-02,2.495e-03,1.402e-02
73485,1.159e-02,2.529e-03,1.412e-02
73486,1.161e-02,2.529e-03,1.413e-02
73487,1.165e-02,2.512e-03,1.416e-02
73488,1.171e-02,2.504e-03,1.421e-02
73489,1.170e-02,2.529e-03,1.423e-02
73490,1.170e-02,2.521e-03,1.422e-02
73491,1.163e-02,2.529e-03,1.416e-02
73492,1.168e-02,2.538e-03,1.422e-02
73493,1.168e-02,2.547e-03,1.423e-02
73494,1.167e-02,2.521e-03,1.419e-02
73495,1.172e-02,2.521e-03,1.425e-02
73496,1.169e-02,2.547e-03,1.424e-02
73497,1.174e-02,2.529e-03,1.427e-02
73498,1.176e-02,2.547e-03,1.431e-02
73499,1.176e-02,2.529e-03,1.429e-02
73500,1.175e-02,2.555e-03,1.431e-02
73501,1.174e-02,2.529e-03,1.427e-02
73502,1.175e-02,2.529e-03,1.428e-02
73503,1.176e-02,2.538e-03,1.430e-02
73504,1.177e-02,2.486e-03,1.425e-02
73505,1.176e-02,2.555e-03,1.431e-02
73506,1.176e-02,2.547e-03,1.431e-02
73507,1.175e-02,2.504e-03,1.425e-02
73508,1.177e-02,2.547e-03,1.431e-02
73509,1.179e-02,2.529e-03,1.431e-02
73510,1.181e-02,2.521e-03,1.433e-02
73511,1.180e-02,2.564e-03,1.437e-02
73512,1.179e-02,2.555e-03,1.434e-02
73513,1.180e-02,2.521e-03,1.432e-02
73514,1.178e-02,2.555e-03,1.433e-02
73515,1.179e-02,2.573e-03,1.436e-02
73516,1.179e-02,2.547e-03,1.434e-02
73517,1.177e-02,2.547e-03,1.431e-02
73518,1.179e-02,2.512e-03,1.430e-02
73519,1.175e-02,2.547e-03,1.430e-02
73520,1.178e-02,2.547e-03,1.432e-02
73521,1.178e-02,2.529e-03,1.431e-02
73522,1.178e-02,2.538e-03,1.431e-02
73523,1.177e-02,2.529e-03,1.430e-02
73524,1.178e-02,2.512e-03,1.429e-02
73525,1.176e-02,2.504e-03,1.426e-02
73526,1.178e-02,2.547e-03,1.432e-02
73527,1.178e-02,2.495e-03,1.427e-02
73528,1.174e-02,2.512e-03,1.425e-02
73529,1.175e-02,2.521e-03,1.427e-02
73530,1.178e-02,2.529e-03,1.431e-02
73531,1.175e-02,2.529e-03,1.428e-02
73532,1.175e-02,2.495e-03,1.425e-02
73533,1.178e-02,2.529e-03,1.431e-02
73534,1.174e-02,2.512e-03,1.425e-02
73535,1.174e-02,2.521e-03,1.426e-02
73536,1.174e-02,2.555e-03,1.430e-02
73537,1.177e-02,2.529e-03,1.430e-02
73538,1.176e-02,2.547e-03,1.431e-02
73539,1.177e-02,2.512e-03,1.428e-02
73540,1.173e-02,2.538e-03,1.427e-02
73541,1.177e-02,2.538e-03,1.431e-02
73542,1.175e-02,2.495e-03,1.425e-02
73543,1.173e-02,2.521e-03,1.425e-02
73544,1.174e-02,2.538e-03,1.428e-02
73545,1.174e-02,2.547e-03,1.429e-02
73546,1.173e-02,2.529e-03,1.426e-02
73547,1.178e-02,2.521e-03,1.430e-02
73548,1.176e-02,2.529e-03,1.429e-02
73549,1.172e-02,2.555e-03,1.428e-02
73550,1.172e-02,2.529e-03,1.425e-02
73551,1.174e-02,2.555e-03,1.430e-02
73552,1.174e-02,2.486e-03,1.423e-02
73553,1.173e-02,2.504e-03,1.424e-02
73554,1.175e-02,2.478e-03,1.423e-02
73555,1.174e-02,2.495e-03,1.424e-02
73556,1.172e-02,2.564e-03,1.428e-02
73557,1.173e-02,2.529e-03,1.426e-02
73558,1.172e-02,2.512e-03,1.423e-02
73559,1.173e-02,2.564e-03,1.430e-02
73560,1.172e-02,2.529e-03,1.425e-02
73561,1.172e-02,2.512e-03,1.423e-02
73562,1.173e-02,2.529e-03,1.426e-02
73563,1.175e-02,2.547e-03,1.430e-02
73564,1.172e-02,2.529e-03,1.425e-02
73565,1.172e-02,2.547e-03,1.427e-02
73566,1.171e-02,2.547e-03,1.426e-02
73567,1.171e-02,2.504e-03,1.421e-02
73568,1.174e-02,2.529e-03,1.427e-02
73569,1.170e-02,2.504e-03,1.420e-02
73570,1.175e-02,2.504e-03,1.425e-02
73571,1.172e-02,2.555e-03,1.427e-02
73572,1.172e-02,2.495e-03,1.421e-02
73573,1.171e-02,2.529e-03,1.424e-02
73574,1.172e-02,2.512e-03,1.423e-02
73575,1.170e-02,2.521e-03,1.422e-02
73576,1.168e-02,2.495e-03,1.418e-02
73577,1.172e-02,2.529e-03,1.425e-02
73578,1.173e-02,2.512e-03,1.425e-02
73579,1.170e-02,2.529e-03,1.423e-02
73580,1.172e-02,2.529e-03,1.425e-02
73581,1.172e-02,2.538e-03,1.425e-02
73582,1.171e-02,2.547e-03,1.426e-02
73583,1.171e-02,2.547e-03,1.426e-02
73584,1.173e-02,2.529e-03,1.426e-02
73585,1.171e-02,2.529e-03,1.424e-02
73586,1.172e-02,2.521e-03,1.425e-02
73587,1.170e-02,2.504e-03,1.420e-02
73588,1.171e-02,2.547e-03,1.426e-02
73589,1.170e-02,2.504e-03,1.420e-02
73590,1.170e-02,2.529e-03,1.423e-02
73591,1.170e-02,2.538e-03,1.424e-02
73592,1.169e-02,2.486e-03,1.418e-02
73593,1.172e-02,2.521e-03,1.424e-02
73594,1.170e-02,2.504e-03,1.420e-02
73595,1.173e-02,2.581e-03,1.431e-02
73596,1.172e-02,2.555e-03,1.428e-02
73597,1.171e-02,2.504e-03,1.421e-02
73598,1.171e-02,2.504e-03,1.421e-02
73599,1.172e-02,2.529e-03,1.425e-02
73600,1.172e-02,2.547e-03,1.426e-02
73601,1.172e-02,2.504e-03,1.422e-02
73602,1.171e-02,2.512e-03,1.422e-02
73603,1.172e-02,2.547e-03,1.426e-02
73604,1.170e-02,2.564e-03,1.426e-02
73605,1.172e-02,2.521e-03,1.425e-02
73606,1.170e-02,2.495e-03,1.419e-02
73607,1.171e-02,2.469e-03,1.418e-02
73608,1.169e-02,2.529e-03,1.422e-02
73609,1.171e-02,2.521e-03,1.423e-02
73610,1.171e-02,2.495e-03,1.420e-02
73611,1.173e-02,2.504e-03,1.424e-02
73612,1.171e-02,2.495e-03,1.420e-02
73613,1.168e-02,2.495e-03,1.418e-02
73614,1.169e-02,2.529e-03,1.422e-02
73615,1.172e-02,2.512e-03,1.423e-02
73616,1.171e-02,2.495e-03,1.420e-02
73617,1.169e-02,2.512e-03,1.420e-02
73618,1.170e-02,2.478e-03,1.418e-02
73619,1.167e-02,2.495e-03,1.417e-02
73620,1.168e-02,2.486e-03,1.417e-02
73621,1.168e-02,2.495e-03,1.418e-02
73622,1.169e-02,2.512e-03,1.420e-02
73623,1.169e-02,2.504e-03,1.419e-02
73624,1.171e-02,2.495e-03,1.420e-02
73625,1.167e-02,2.486e-03,1.415e-02
73626,1.169e-02,2.495e-03,1.419e-02
73627,1.170e-02,2.521e-03,1.422e-02
73628,1.171e-02,2.512e-03,1.422e-02
73629,1.171e-02,2.521e-03,1.423e-02
73630,1.168e-02,2.504e-03,1.419e-02
73631,1.167e-02,2.504e-03,1.418e-02
73632,1.166e-02,2.495e-03,1.415e-02
73633,1.165e-02,2.495e-03,1.414e-02
73634,1.165e-02,2.486e-03,1.413e-02
73635,1.167e-02,2.504e-03,1.417e-02
73636,1.166e-02,2.486e-03,1.414e-02
73637,1.168e-02,2.495e-03,1.418e-02
73638,1.168e-02,2.478e-03,1.416e-02
73639,1.167e-02,2.495e-03,1.417e-02
73640,1.168e-02,2.504e-03,1.419e-02
73641,1.168e-02,2.478e-03,1.416e-02
73642,1.170e-02,2.504e-03,1.420e-02
73643,1.166e-02,2.443e-03,1.410e-02
73644,1.169e-02,2.486e-03,1.418e-02
73645,1.162e-02,2.478e-03,1.410e-02
73646,1.164e-02,2.538e-03,1.418e-02
73647,1.166e-02,2.460e-03,1.412e-02
73648,1.166e-02,2.443e-03,1.410e-02
73649,1.167e-02,2.512e-03,1.418e-02
73650,1.167e-02,2.452e-03,1.412e-02
73651,1.171e-02,2.452e-03,1.416e-02
73652,1.170e-02,2.495e-03,1.419e-02
73653,1.167e-02,2.495e-03,1.417e-02
73654,1.167e-02,2.469e-03,1.413e-02
73655,1.162e-02,2.512e-03,1.413e-02
73656,1.163e-02,2.495e-03,1.413e-02
73657,1.161e-02,2.460e-03,1.407e-02
73658,1.164e-02,2.521e-03,1.416e-02
73659,1.167e-02,2.504e-03,1.418e-02
73660,1.167e-02,2.460e-03,1.413e-02
73661,1.172e-02,2.469e-03,1.418e-02
73662,1.171e-02,2.452e-03,1.416e-02
73663,1.168e-02,2.460e-03,1.414e-02
73664,1.168e-02,2.460e-03,1.414e-02
73665,1.169e-02,2.478e-03,1.417e-02
73666,1.169e-02,2.460e-03,1.415e-02
73667,1.166e-02,2.469e-03,1.412e-02
73668,1.164e-02,2.478e-03,1.412e-02
73669,1.144e-02,2.469e-03,1.391e-02
73670,1.154e-02,2.460e-03,1.401e-02
73671,1.154e-02,2.452e-03,1.399e-02
73672,1.164e-02,2.435e-03,1.407e-02
73673,1.163e-02,2.452e-03,1.408e-02
73674,1.166e-02,2.409e-03,1.406e-02
73675,1.162e-02,2.443e-03,1.407e-02
73676,1.158e-02,2.478e-03,1.406e-02
73677,1.161e-02,2.435e-03,1.405e-02
73678,1.162e-02,2.452e-03,1.407e-02
73679,1.163e-02,2.426e-03,1.406e-02
73680,1.165e-02,2.460e-03,1.411e-02
73681,1.167e-02,2.435e-03,1.410e-02
73682,1.167e-02,2.452e-03,1.413e-02
73683,1.167e-02,2.426e-03,1.410e-02
73684,1.168e-02,2.443e-03,1.412e-02
73685,1.167e-02,2.435e-03,1.411e-02
73686,1.165e-02,2.426e-03,1.407e-02
73687,1.167e-02,2.426e-03,1.409e-02
73688,1.171e-02,2.460e-03,1.417e-02
73689,1.167e-02,2.435e-03,1.410e-02
73690,1.167e-02,2.417e-03,1.408e-02
73691,1.168e-02,2.452e-03,1.413e-02
73692,1.170e-02,2.409e-03,1.411e-02
73693,1.168e-02,2.469e-03,1.415e-02
73694,1.167e-02,2.435e-03,1.410e-02
73695,1.171e-02,2.452e-03,1.416e-02
73696,1.169e-02,2.426e-03,1.412e-02
73697,1.165e-02,2.417e-03,1.407e-02
73698,1.168e-02,2.417e-03,1.410e-02
73699,1.167e-02,2.435e-03,1.410e-02
73700,1.168e-02,2.435e-03,1.412e-02
73701,1.166e-02,2.435e-03,1.409e-02
73702,1.165e-02,2.417e-03,1.407e-02
73703,1.165e-02,2.409e-03,1.406e-02
73704,1.165e-02,2.435e-03,1.408e-02
73705,1.165e-02,2.426e-03,1.407e-02
73706,1.162e-02,2.435e-03,1.406e-02
73707,1.162e-02,2.435e-03,1.406e-02
73708,1.158e-02,2.443e-03,1.402e-02
73709,1.161e-02,2.417e-03,1.403e-02
73710,1.160e-02,2.409e-03,1.401e-02
73711,1.159e-02,2.374e-03,1.396e-02
73712,1.165e-02,2.391e-03,1.404e-02
73713,1.165e-02,2.426e-03,1.407e-02
73714,1.167e-02,2.417e-03,1.408e-02
73715,1.165e-02,2.391e-03,1.404e-02
73716,1.164e-02,2.417e-03,1.406e-02
73717,1.165e-02,2.400e-03,1.405e-02
73718,1.163e-02,2.417e-03,1.405e-02
73719,1.165e-02,2.409e-03,1.406e-02
73720,1.168e-02,2.417e-03,1.410e-02
73721,1.164e-02,2.400e-03,1.404e-02
73722,1.162e-02,2.400e-03,1.402e-02
73723,1.161e-02,2.391e-03,1.400e-02
73724,1.159e-02,2.366e-03,1.395e-02
73725,1.151e-02,2.417e-03,1.393e-02
73726,1.146e-02,2.383e-03,1.384e-02
73727,1.156e-02,2.426e-03,1.399e-02
73728,1.156e-02,2.383e-03,1.395e-02
73729,1.151e-02,2.391e-03,1.390e-02
73730,1.154e-02,2.366e-03,1.390e-02
73731,1.145e-02,2.417e-03,1.387e-02
73732,1.138e-02,2.426e-03,1.381e-02
73733,1.150e-02,2.383e-03,1.389e-02
73734,1.153e-02,2.400e-03,1.393e-02
73735,1.158e-02,2.409e-03,1.399e-02
73736,1.160e-02,2.383e-03,1.398e-02
73737,1.160e-02,2.409e-03,1.401e-02
73738,1.161e-02,2.357e-03,1.396e-02
73739,1.160e-02,2.391e-03,1.399e-02
73740,1.157e-02,2.374e-03,1.394e-02
73741,1.153e-02,2.374e-03,1.390e-02
73742,1.151e-02,2.409e-03,1.392e-02
73743,1.151e-02,2.383e-03,1.389e-02
73744,1.151e-02,2.348e-03,1.386e-02
73745,1.154e-02,2.391e-03,1.394e-02
73746,1.157e-02,2.391e-03,1.396e-02
73747,1.154e-02,2.374e-03,1.391e-02
73748,1.157e-02,2.340e-03,1.391e-02
73749,1.161e-02,2.366e-03,1.397e-02
73750,1.164e-02,2.383e-03,1.402e-02
73751,1.165e-02,2.374e-03,1.402e-02
73752,1.166e-02,2.374e-03,1.403e-02
73753,1.163e-02,2.383e-03,1.401e-02
73754,1.164e-02,2.366e-03,1.401e-02
73755,1.164e-02,2.391e-03,1.403e-02
73756,1.165e-02,2.383e-03,1.403e-02
73757,1.167e-02,2.400e-03,1.406e-02
73758,1.161e-02,2.374e-03,1.399e-02
73759,1.158e-02,2.357e-03,1.394e-02
73760,1.161e-02,2.383e-03,1.399e-02
73761,1.156e-02,2.391e-03,1.395e-02
73762,1.153e-02,2.391e-03,1.392e-02
73763,1.161e-02,2.383e-03,1.400e-02
73764,1.161e-02,2.374e-03,1.399e-02
73765,1.161e-02,2.374e-03,1.399e-02
73766,1.160e-02,2.374e-03,1.397e-02
73767,1.158e-02,2.322e-03,1.390e-02
73768,1.151e-02,2.322e-03,1.383e-02
73769,1.161e-02,2.374e-03,1.399e-02
73770,1.146e-02,2.322e-03,1.378e-02
73771,1.151e-02,2.331e-03,1.384e-02
73772,1.144e-02,2.374e-03,1.382e-02
73773,1.149e-02,2.383e-03,1.387e-02
73774,1.155e-02,2.357e-03,1.391e-02
73775,1.155e-02,2.409e-03,1.396e-02
73776,1.154e-02,2.366e-03,1.391e-02
73777,1.153e-02,2.357e-03,1.388e-02
73778,1.154e-02,2.357e-03,1.390e-02
73779,1.154e-02,2.409e-03,1.395e-02
73780,1.158e-02,2.383e-03,1.396e-02
73781,1.158e-02,2.417e-03,1.400e-02
73782,1.163e-02,2.391e-03,1.402e-02
73783,1.167e-02,2.426e-03,1.409e-02
73784,1.158e-02,2.374e-03,1.395e-02
73785,1.154e-02,2.366e-03,1.391e-02
73786,1.156e-02,2.409e-03,1.397e-02
73787,1.152e-02,2.417e-03,1.394e-02
73788,1.157e-02,2.391e-03,1.396e-02
73789,1.157e-02,2.340e-03,1.391e-02
73790,1.153e-02,2.383e-03,1.391e-02
73791,1.148e-02,2.331e-03,1.381e-02
73792,1.155e-02,2.331e-03,1.388e-02
73793,1.154e-02,2.297e-03,1.384e-02
73794,1.159e-02,2.331e-03,1.392e-02
73795,1.163e-02,2.331e-03,1.396e-02
73796,1.162e-02,2.331e-03,1.395e-02
73797,1.161e-02,2.288e-03,1.389e-02
73798,1.161e-02,2.305e-03,1.392e-02
73799,1.161e-02,2.297e-03,1.390e-02
73800,1.159e-02,2.297e-03,1.388e-02
73801,1.158e-02,2.288e-03,1.387e-02
73802,1.161e-02,2.322e-03,1.393e-02
73803,1.161e-02,2.322e-03,1.394e-02
73804,1.166e-02,2.297e-03,1.395e-02
73805,1.164e-02,2.305e-03,1.394e-02
73806,1.162e-02,2.271e-03,1.389e-02
73807,1.162e-02,2.314e-03,1.394e-02
73808,1.161e-02,2.331e-03,1.394e-02
73809,1.161e-02,2.288e-03,1.390e-02
73810,1.162e-02,2.305e-03,1.393e-02
73811,1.161e-02,2.271e-03,1.388e-02
73812,1.161e-02,2.288e-03,1.389e-02
73813,1.162e-02,2.305e-03,1.393e-02
73814,1.160e-02,2.271e-03,1.387e-02
73815,1.158e-02,2.314e-03,1.389e-02
73816,1.155e-02,2.279e-03,1.383e-02
73817,1.149e-02,2.297e-03,1.379e-02
73818,1.149e-02,2.305e-03,1.380e-02
73819,1.154e-02,2.314e-03,1.386e-02
73820,1.161e-02,2.322e-03,1.394e-02
73821,1.155e-02,2.288e-03,1.384e-02
73822,1.159e-02,2.331e-03,1.392e-02
73823,1.158e-02,2.366e-03,1.395e-02
73824,1.156e-02,2.357e-03,1.392e-02
73825,1.149e-02,2.357e-03,1.385e-02
73826,1.144e-02,2.357e-03,1.380e-02
73827,1.134e-02,2.366e-03,1.371e-02
73828,1.137e-02,2.374e-03,1.374e-02
73829,1.147e-02,2.426e-03,1.390e-02
73830,1.149e-02,2.409e-03,1.389e-02
73831,1.147e-02,2.417e-03,1.389e-02
73832,1.146e-02,2.366e-03,1.383e-02
73833,1.152e-02,2.400e-03,1.392e-02
73834,1.154e-02,2.391e-03,1.393e-02
73835,1.153e-02,2.409e-03,1.394e-02
73836,1.154e-02,2.383e-03,1.392e-02
73837,1.154e-02,2.409e-03,1.395e-02
73838,1.152e-02,2.383e-03,1.390e-02
73839,1.154e-02,2.374e-03,1.392e-02
73840,1.154e-02,2.348e-03,1.388e-02
73841,1.154e-02,2.366e-03,1.390e-02
73842,1.154e-02,2.383e-03,1.392e-02
73843,1.155e-02,2.322e-03,1.388e-02
73844,1.156e-02,2.374e-03,1.394e-02
73845,1.154e-02,2.366e-03,1.391e-02
73846,1.153e-02,2.331e-03,1.386e-02
73847,1.153e-02,2.374e-03,1.390e-02
73848,1.153e-02,2.331e-03,1.386e-02
73849,1.154e-02,2.340e-03,1.388e-02
73850,1.154e-02,2.348e-03,1.389e-02
73851,1.153e-02,2.322e-03,1.385e-02
73852,1.153e-02,2.357e-03,1.388e-02
73853,1.153e-02,2.297e-03,1.383e-02
73854,1.154e-02,2.322e-03,1.386e-02
73855,1.151e-02,2.279e-03,1.379e-02
73856,1.153e-02,2.305e-03,1.383e-02
73857,1.153e-02,2.288e-03,1.382e-02
73858,1.154e-02,2.305e-03,1.385e-02
73859,1.154e-02,2.314e-03,1.385e-02
73860,1.154e-02,2.340e-03,1.388e-02
73861,1.153e-02,2.322e-03,1.385e-02
