data/rawdat/flt20220904/JNO2_N57_20220904_RA.ict
36, 1001
Michael A. Robinson, Patrick Veres, Ken Aikin
NOAA Chemical Sciences Laboratory
Filter Radiometer (NO2)
CalFiDE
1, 1
2022, 09, 04, 2022, 09, 17
0
TO_Time_UTC, seconds_past_midnight, Time_Start
3
1, 1, 1
-9999, -9999, -9999
jNO2_up, 1/s, GasJvalue_jNO2_InSitu_Downwelling_Full_NO2-O3P
jNO2_down, 1/s, GasJvalue_jNO2_InSitu_Upwelling_Full_NO2-O3P
jNO2_total, 1/s, GasJvalue_jNO2_InSitu_Total_Full_NO2-O3P
1
SPECIAL COMMENTS: N/A
18
PI_CONTACT_INFO: Address: 325 Broadway, Boulder CO 80305
PLATFORM: N57RF Twin Otter
LOCATION: California and Oregon
ASSOCIATED_DATA: N/A
INSTRUMENT_INFO: Filter radiometers
DATA_INFO: Units: 1/s 
UNCERTAINTY: ± 10%
ULOD_FLAG: -7777
ULOD_VALUE: N/A
LLOD_FLAG: -8888
LLOD_VALUE: N/A
DM_CONTACT_INFO: Data Manager: Ken Aikin
PROJECT_INFO: CalFiDE dates of study: August-September, 2022
STIPULATIONS_ON_USE: Users are strongly encouraged to contact the PI for proper data usage.
OTHER_COMMENTS: up means upward looking, down means downward looking, total is the sum of up and down. Calibration done by intercomparison with NCAR HARP instrument.
REVISION: RA
RA: Preliminary data
TO_Time_UTC, jNO2_up, jNO2_down, jNO2_total
[from data line 11099]
81419,1.177e-02,3.694e-03,1.546e-02
81420,1.177e-02,3.676e-03,1.544e-02
81421,1.178e-02,3.737e-03,1.551e-02
81422,1.179e-02,3.702e-03,1.549e-02
81423,1.176e-02,3.711e-03,1.547e-02
81424,1.178e-02,3.676e-03,1.545e-02
81425,1.179e-02,3.728e-03,1.551e-02
81426,1.176e-02,3.728e-03,1.549e-02
81427,1.177e-02,3.702e-03,1.547e-02
81428,1.177e-02,3.702e-03,1.547e-02
81429,1.176e-02,3.668e-03,1.543e-02
81430,1.179e-02,3.754e-03,1.554e-02
81431,1.179e-02,3.702e-03,1.549e-02
81432,1.177e-02,3.728e-03,1.550e-02
81433,1.177e-02,3.694e-03,1.546e-02
81434,1.177e-02,3.728e-03,1.550e-02
81435,1.178e-02,3.711e-03,1.549e-02
81436,1.181e-02,3.719e-03,1.553e-02
81437,1.180e-02,3.711e-03,1.551e-02
81438,1.178e-02,3.711e-03,1.549e-02
81439,1.179e-02,3.719e-03,1.550e-02
81440,1.181e-02,3.676e-03,1.549e-02
81441,1.178e-02,3.676e-03,1.545e-02
81442,1.178e-02,3.676e-03,1.545e-02
81443,1.179e-02,3.685e-03,1.547e-02
81444,1.179e-02,3.737e-03,1.553e-02
81445,1.177e-02,3.702e-03,1.547e-02
81446,1.175e-02,3.668e-03,1.542e-02
81447,1.177e-02,3.711e-03,1.548e-02
81448,1.179e-02,3.737e-03,1.553e-02
81449,1.176e-02,3.702e-03,1.546e-02
81450,1.180e-02,3.771e-03,1.557e-02
81451,1.181e-02,3.737e-03,1.555e-02
81452,1.186e-02,3.797e-03,1.566e-02
81453,1.189e-02,3.814e-03,1.570e-02
81454,1.190e-02,3.814e-03,1.571e-02
81455,1.192e-02,3.909e-03,1.583e-02
81456,1.192e-02,3.901e-03,1.582e-02
81457,1.193e-02,3.909e-03,1.584e-02
81458,1.192e-02,3.926e-03,1.585e-02
81459,1.191e-02,3.875e-03,1.579e-02
81460,1.189e-02,3.892e-03,1.578e-02
81461,1.189e-02,3.814e-03,1.570e-02
81462,1.184e-02,3.814e-03,1.566e-02
81463,1.182e-02,3.771e-03,1.559e-02
81464,1.179e-02,3.737e-03,1.552e-02
81465,1.180e-02,3.763e-03,1.556e-02
81466,1.178e-02,3.754e-03,1.553e-02
81467,1.178e-02,3.763e-03,1.554e-02
81468,1.176e-02,3.719e-03,1.548e-02
81469,1.172e-02,3.737e-03,1.545e-02
81470,1.171e-02,3.754e-03,1.546e-02
81471,1.171e-02,3.771e-03,1.548e-02
81472,1.170e-02,3.745e-03,1.544e-02
81473,1.170e-02,3.745e-03,1.544e-02
81474,1.172e-02,3.763e-03,1.548e-02
81475,1.171e-02,3.771e-03,1.548e-02
81476,1.171e-02,3.788e-03,1.550e-02
81477,1.168e-02,3.719e-03,1.540e-02
81478,1.165e-02,3.763e-03,1.541e-02
81479,1.167e-02,3.737e-03,1.540e-02
81480,1.167e-02,3.771e-03,1.545e-02
81481,1.170e-02,3.797e-03,1.550e-02
81482,1.168e-02,3.771e-03,1.545e-02
81483,1.168e-02,3.780e-03,1.546e-02
81484,1.167e-02,3.771e-03,1.545e-02
81485,1.167e-02,3.745e-03,1.542e-02
81486,1.167e-02,3.771e-03,1.545e-02
81487,1.168e-02,3.754e-03,1.544e-02
81488,1.171e-02,3.771e-03,1.548e-02
81489,1.168e-02,3.745e-03,1.543e-02
81490,1.167e-02,3.754e-03,1.543e-02
81491,1.157e-02,3.728e-03,1.530e-02
81492,1.147e-02,3.719e-03,1.519e-02
81493,1.140e-02,3.702e-03,1.510e-02
81494,1.131e-02,3.702e-03,1.501e-02
81495,1.131e-02,3.737e-03,1.504e-02
81496,1.130e-02,3.685e-03,1.498e-02
81497,1.129e-02,3.737e-03,1.503e-02
81498,1.131e-02,3.702e-03,1.501e-02
81499,1.137e-02,3.745e-03,1.511e-02
81500,1.142e-02,3.737e-03,1.515e-02
81501,1.143e-02,3.737e-03,1.516e-02
81502,1.148e-02,3.711e-03,1.519e-02
81503,1.149e-02,3.719e-03,1.521e-02
81504,1.158e-02,3.754e-03,1.533e-02
81505,1.165e-02,3.728e-03,1.538e-02
81506,1.172e-02,3.797e-03,1.552e-02
81507,1.178e-02,3.823e-03,1.560e-02
81508,1.184e-02,3.823e-03,1.566e-02
81509,1.187e-02,3.823e-03,1.569e-02
81510,1.190e-02,3.823e-03,1.573e-02
81511,1.196e-02,3.857e-03,1.582e-02
81512,1.200e-02,3.866e-03,1.586e-02
81513,1.202e-02,3.892e-03,1.592e-02
81514,1.205e-02,3.892e-03,1.594e-02
81515,1.206e-02,3.978e-03,1.604e-02
81516,1.209e-02,3.970e-03,1.606e-02
81517,1.206e-02,3.970e-03,1.603e-02
81518,1.206e-02,3.944e-03,1.600e-02
81519,1.210e-02,3.961e-03,1.606e-02
81520,1.209e-02,3.987e-03,1.608e-02
81521,1.214e-02,3.987e-03,1.613e-02
81522,1.211e-02,4.039e-03,1.615e-02
81523,1.214e-02,4.021e-03,1.616e-02
81524,1.201e-02,4.047e-03,1.606e-02
81525,1.216e-02,4.013e-03,1.617e-02
81526,1.212e-02,4.021e-03,1.614e-02
81527,1.221e-02,4.039e-03,1.625e-02
81528,1.205e-02,4.073e-03,1.612e-02
81529,1.203e-02,4.030e-03,1.606e-02
81530,1.220e-02,4.039e-03,1.624e-02
81531,1.208e-02,4.013e-03,1.609e-02
81532,1.204e-02,4.013e-03,1.605e-02
81533,1.201e-02,4.021e-03,1.604e-02
81534,1.202e-02,4.013e-03,1.604e-02
81535,1.196e-02,4.056e-03,1.601e-02
81536,1.190e-02,4.056e-03,1.596e-02
81537,1.183e-02,4.047e-03,1.587e-02
81538,1.179e-02,4.013e-03,1.581e-02
81539,1.174e-02,4.064e-03,1.581e-02
81540,1.178e-02,4.039e-03,1.581e-02
81541,1.179e-02,4.082e-03,1.587e-02
81542,1.186e-02,4.056e-03,1.592e-02
81543,1.196e-02,3.961e-03,1.592e-02
81544,1.196e-02,3.926e-03,1.588e-02
81545,1.192e-02,3.918e-03,1.584e-02
81546,1.189e-02,3.840e-03,1.573e-02
81547,1.184e-02,3.857e-03,1.569e-02
81548,1.179e-02,3.814e-03,1.560e-02
81549,1.173e-02,3.788e-03,1.552e-02
81550,1.173e-02,3.780e-03,1.551e-02
81551,1.161e-02,3.745e-03,1.536e-02
81552,1.157e-02,3.745e-03,1.532e-02
81553,1.154e-02,3.702e-03,1.525e-02
81554,1.151e-02,3.711e-03,1.522e-02
81555,1.148e-02,3.728e-03,1.520e-02
81556,1.146e-02,3.659e-03,1.512e-02
81557,1.145e-02,3.702e-03,1.515e-02
81558,1.145e-02,3.676e-03,1.513e-02
81559,1.147e-02,3.694e-03,1.516e-02
81560,1.147e-02,3.694e-03,1.516e-02
81561,1.144e-02,3.676e-03,1.512e-02
81562,1.149e-02,3.694e-03,1.519e-02
81563,1.153e-02,3.685e-03,1.521e-02
81564,1.151e-02,3.685e-03,1.520e-02
81565,1.152e-02,3.685e-03,1.520e-02
81566,1.151e-02,3.737e-03,1.525e-02
81567,1.151e-02,3.719e-03,1.523e-02
81568,1.154e-02,3.719e-03,1.526e-02
81569,1.157e-02,3.745e-03,1.532e-02
81570,1.165e-02,3.763e-03,1.541e-02
81571,1.172e-02,3.780e-03,1.550e-02
81572,1.172e-02,3.763e-03,1.548e-02
81573,1.170e-02,3.797e-03,1.550e-02
81574,1.166e-02,3.745e-03,1.540e-02
81575,1.167e-02,3.797e-03,1.546e-02
81576,1.164e-02,3.754e-03,1.539e-02
81577,1.163e-02,3.719e-03,1.535e-02
81578,1.162e-02,3.745e-03,1.537e-02
81579,1.160e-02,3.745e-03,1.534e-02
81580,1.165e-02,3.737e-03,1.538e-02
81581,1.164e-02,3.728e-03,1.537e-02
81582,1.161e-02,3.711e-03,1.532e-02
81583,1.161e-02,3.719e-03,1.533e-02
81584,1.161e-02,3.737e-03,1.534e-02
81585,1.158e-02,3.719e-03,1.530e-02
81586,1.159e-02,3.702e-03,1.529e-02
81587,1.160e-02,3.719e-03,1.532e-02
81588,1.158e-02,3.702e-03,1.528e-02
81589,1.160e-02,3.728e-03,1.533e-02
81590,1.158e-02,3.737e-03,1.532e-02
81591,1.160e-02,3.719e-03,1.532e-02
81592,1.155e-02,3.676e-03,1.523e-02
81593,1.158e-02,3.728e-03,1.531e-02
81594,1.161e-02,3.702e-03,1.531e-02
81595,1.161e-02,3.711e-03,1.532e-02
81596,1.163e-02,3.711e-03,1.534e-02
81597,1.161e-02,3.737e-03,1.535e-02
81598,1.163e-02,3.763e-03,1.539e-02
81599,1.168e-02,3.771e-03,1.545e-02
81600,1.167e-02,3.719e-03,1.538e-02
81601,1.167e-02,3.737e-03,1.540e-02
81602,1.167e-02,3.728e-03,1.539e-02
81603,1.167e-02,3.754e-03,1.542e-02
81604,1.165e-02,3.737e-03,1.538e-02
81605,1.168e-02,3.694e-03,1.538e-02
81606,1.168e-02,3.737e-03,1.542e-02
81607,1.168e-02,3.719e-03,1.540e-02
81608,1.169e-02,3.754e-03,1.545e-02
81609,1.170e-02,3.788e-03,1.549e-02
81610,1.166e-02,3.711e-03,1.537e-02
81611,1.169e-02,3.711e-03,1.540e-02
81612,1.170e-02,3.780e-03,1.548e-02
81613,1.168e-02,3.763e-03,1.545e-02
81614,1.167e-02,3.702e-03,1.537e-02
81615,1.166e-02,3.754e-03,1.541e-02
81616,1.162e-02,3.754e-03,1.538e-02
81617,1.164e-02,3.763e-03,1.540e-02
81618,1.164e-02,3.719e-03,1.536e-02
81619,1.162e-02,3.737e-03,1.536e-02
81620,1.163e-02,3.763e-03,1.539e-02
81621,1.163e-02,3.728e-03,1.536e-02
81622,1.163e-02,3.771e-03,1.540e-02
81623,1.164e-02,3.702e-03,1.534e-02
81624,1.163e-02,3.771e-03,1.540e-02
81625,1.163e-02,3.763e-03,1.539e-02
81626,1.166e-02,3.719e-03,1.537e-02
81627,1.167e-02,3.737e-03,1.540e-02
81628,1.164e-02,3.711e-03,1.535e-02
81629,1.165e-02,3.719e-03,1.537e-02
81630,1.165e-02,3.694e-03,1.534e-02
81631,1.165e-02,3.685e-03,1.533e-02
81632,1.165e-02,3.685e-03,1.533e-02
81633,1.163e-02,3.668e-03,1.530e-02
81634,1.163e-02,3.650e-03,1.528e-02
81635,1.162e-02,3.650e-03,1.527e-02
81636,1.166e-02,3.659e-03,1.531e-02
81637,1.167e-02,3.685e-03,1.536e-02
81638,1.165e-02,3.702e-03,1.535e-02
81639,1.166e-02,3.616e-03,1.527e-02
81640,1.162e-02,3.659e-03,1.528e-02
81641,1.164e-02,3.676e-03,1.532e-02
81642,1.164e-02,3.633e-03,1.527e-02
81643,1.165e-02,3.590e-03,1.524e-02
81644,1.163e-02,3.650e-03,1.528e-02
81645,1.163e-02,3.642e-03,1.527e-02
81646,1.161e-02,3.599e-03,1.521e-02
81647,1.163e-02,3.668e-03,1.530e-02
81648,1.165e-02,3.642e-03,1.529e-02
81649,1.167e-02,3.607e-03,1.528e-02
81650,1.166e-02,3.633e-03,1.529e-02
81651,1.165e-02,3.616e-03,1.526e-02
81652,1.166e-02,3.581e-03,1.524e-02
81653,1.166e-02,3.633e-03,1.529e-02
81654,1.167e-02,3.607e-03,1.527e-02
81655,1.167e-02,3.650e-03,1.532e-02
81656,1.166e-02,3.607e-03,1.526e-02
81657,1.163e-02,3.625e-03,1.526e-02
81658,1.165e-02,3.659e-03,1.531e-02
81659,1.165e-02,3.668e-03,1.532e-02
81660,1.167e-02,3.633e-03,1.531e-02
81661,1.165e-02,3.668e-03,1.532e-02
81662,1.161e-02,3.650e-03,1.526e-02
81663,1.167e-02,3.676e-03,1.534e-02
81664,1.165e-02,3.650e-03,1.530e-02
81665,1.164e-02,3.694e-03,1.533e-02
81666,1.164e-02,3.668e-03,1.531e-02
81667,1.167e-02,3.668e-03,1.533e-02
81668,1.166e-02,3.659e-03,1.531e-02
81669,1.167e-02,3.659e-03,1.532e-02
81670,1.166e-02,3.650e-03,1.531e-02
81671,1.166e-02,3.702e-03,1.536e-02
81672,1.167e-02,3.659e-03,1.532e-02
81673,1.165e-02,3.711e-03,1.536e-02
81674,1.165e-02,3.745e-03,1.539e-02
81675,1.165e-02,3.771e-03,1.542e-02
81676,1.167e-02,3.694e-03,1.536e-02
81677,1.167e-02,3.659e-03,1.533e-02
81678,1.166e-02,3.659e-03,1.531e-02
81679,1.164e-02,3.668e-03,1.531e-02
81680,1.162e-02,3.659e-03,1.528e-02
81681,1.165e-02,3.616e-03,1.526e-02
81682,1.163e-02,3.590e-03,1.522e-02
81683,1.164e-02,3.564e-03,1.520e-02
81684,1.161e-02,3.521e-03,1.513e-02
81685,1.167e-02,3.469e-03,1.513e-02
81686,1.165e-02,3.504e-03,1.515e-02
81687,1.164e-02,3.444e-03,1.508e-02
81688,1.163e-02,3.530e-03,1.516e-02
81689,1.166e-02,3.478e-03,1.513e-02
81690,1.166e-02,3.512e-03,1.517e-02
81691,1.165e-02,3.538e-03,1.519e-02
81692,1.163e-02,3.556e-03,1.519e-02
81693,1.162e-02,3.556e-03,1.518e-02
81694,1.164e-02,3.607e-03,1.525e-02
81695,1.163e-02,3.625e-03,1.526e-02
81696,1.162e-02,3.650e-03,1.527e-02
81697,1.163e-02,3.685e-03,1.532e-02
81698,1.164e-02,3.676e-03,1.532e-02
81699,1.167e-02,3.711e-03,1.538e-02
81700,1.165e-02,3.737e-03,1.538e-02
81701,1.165e-02,3.788e-03,1.544e-02
81702,1.166e-02,3.771e-03,1.543e-02
81703,1.163e-02,3.771e-03,1.540e-02
81704,1.165e-02,3.814e-03,1.546e-02
81705,1.165e-02,3.788e-03,1.544e-02
81706,1.164e-02,3.788e-03,1.543e-02
81707,1.165e-02,3.797e-03,1.545e-02
81708,1.161e-02,3.797e-03,1.541e-02
81709,1.163e-02,3.788e-03,1.542e-02
81710,1.165e-02,3.823e-03,1.547e-02
81711,1.164e-02,3.840e-03,1.548e-02
81712,1.164e-02,3.788e-03,1.543e-02
81713,1.164e-02,3.797e-03,1.544e-02
81714,1.164e-02,3.788e-03,1.543e-02
81715,1.159e-02,3.788e-03,1.538e-02
81716,1.161e-02,3.737e-03,1.535e-02
81717,1.161e-02,3.754e-03,1.537e-02
81718,1.161e-02,3.754e-03,1.536e-02
81719,1.158e-02,3.745e-03,1.533e-02
81720,1.160e-02,3.737e-03,1.533e-02
81721,1.161e-02,3.728e-03,1.533e-02
81722,1.160e-02,3.685e-03,1.528e-02
81723,1.161e-02,3.685e-03,1.529e-02
81724,1.161e-02,3.685e-03,1.530e-02
81725,1.160e-02,3.659e-03,1.526e-02
81726,1.162e-02,3.694e-03,1.532e-02
81727,1.161e-02,3.650e-03,1.526e-02
81728,1.161e-02,3.633e-03,1.525e-02
81729,1.161e-02,3.659e-03,1.527e-02
81730,1.161e-02,3.625e-03,1.524e-02
81731,1.161e-02,3.633e-03,1.525e-02
81732,1.167e-02,3.616e-03,1.528e-02
81733,1.163e-02,3.633e-03,1.526e-02
81734,1.162e-02,3.607e-03,1.523e-02
81735,1.164e-02,3.607e-03,1.525e-02
81736,1.165e-02,3.633e-03,1.528e-02
81737,1.165e-02,3.668e-03,1.532e-02
81738,1.161e-02,3.650e-03,1.526e-02
81739,1.163e-02,3.599e-03,1.523e-02
81740,1.163e-02,3.599e-03,1.523e-02
81741,1.165e-02,3.599e-03,1.525e-02
81742,1.162e-02,3.599e-03,1.522e-02
81743,1.163e-02,3.616e-03,1.525e-02
81744,1.160e-02,3.607e-03,1.520e-02
81745,1.162e-02,3.659e-03,1.528e-02
81746,1.161e-02,3.625e-03,1.524e-02
81747,1.160e-02,3.650e-03,1.525e-02
81748,1.157e-02,3.625e-03,1.520e-02
81749,1.160e-02,3.616e-03,1.521e-02
81750,1.161e-02,3.590e-03,1.520e-02
81751,1.157e-02,3.556e-03,1.513e-02
81752,1.159e-02,3.581e-03,1.517e-02
81753,1.158e-02,3.590e-03,1.517e-02
81754,1.157e-02,3.564e-03,1.513e-02
81755,1.160e-02,3.581e-03,1.518e-02
81756,1.159e-02,3.530e-03,1.512e-02
81757,1.158e-02,3.564e-03,1.514e-02
81758,1.160e-02,3.530e-03,1.513e-02
81759,1.157e-02,3.547e-03,1.512e-02
81760,1.161e-02,3.504e-03,1.511e-02
81761,1.159e-02,3.556e-03,1.514e-02
81762,1.161e-02,3.564e-03,1.518e-02
81763,1.161e-02,3.564e-03,1.517e-02
81764,1.162e-02,3.573e-03,1.520e-02
81765,1.160e-02,3.556e-03,1.515e-02
81766,1.159e-02,3.599e-03,1.519e-02
81767,1.161e-02,3.581e-03,1.520e-02
81768,1.164e-02,3.581e-03,1.522e-02
81769,1.161e-02,3.599e-03,1.521e-02
81770,1.162e-02,3.581e-03,1.520e-02
81771,1.165e-02,3.607e-03,1.526e-02
81772,1.163e-02,3.590e-03,1.522e-02
81773,1.162e-02,3.590e-03,1.521e-02
81774,1.161e-02,3.607e-03,1.521e-02
81775,1.162e-02,3.599e-03,1.522e-02
81776,1.160e-02,3.650e-03,1.525e-02
81777,1.157e-02,3.564e-03,1.513e-02
81778,1.148e-02,3.616e-03,1.509e-02
81779,1.140e-02,3.599e-03,1.500e-02
81780,1.127e-02,3.581e-03,1.485e-02
81781,1.123e-02,3.538e-03,1.477e-02
81782,1.116e-02,3.581e-03,1.474e-02
81783,1.117e-02,3.556e-03,1.473e-02
81784,1.114e-02,3.547e-03,1.469e-02
81785,1.120e-02,3.547e-03,1.475e-02
81786,1.126e-02,3.487e-03,1.475e-02
81787,1.132e-02,3.487e-03,1.480e-02
81788,1.140e-02,3.495e-03,1.490e-02
81789,1.146e-02,3.469e-03,1.493e-02
81790,1.149e-02,3.495e-03,1.498e-02
81791,1.154e-02,3.512e-03,1.506e-02
81792,1.156e-02,3.504e-03,1.507e-02
81793,1.161e-02,3.461e-03,1.507e-02
81794,1.161e-02,3.495e-03,1.510e-02
81795,1.163e-02,3.444e-03,1.508e-02
81796,1.163e-02,3.452e-03,1.508e-02
81797,1.164e-02,3.444e-03,1.508e-02
81798,1.166e-02,3.426e-03,1.508e-02
81799,1.167e-02,3.461e-03,1.513e-02
81800,1.168e-02,3.409e-03,1.509e-02
81801,1.168e-02,3.392e-03,1.507e-02
81802,1.169e-02,3.400e-03,1.509e-02
81803,1.170e-02,3.331e-03,1.503e-02
81804,1.169e-02,3.392e-03,1.508e-02
81805,1.170e-02,3.349e-03,1.505e-02
81806,1.170e-02,3.288e-03,1.499e-02
81807,1.173e-02,3.297e-03,1.503e-02
81808,1.175e-02,3.306e-03,1.506e-02
81809,1.176e-02,3.331e-03,1.509e-02
81810,1.172e-02,3.219e-03,1.494e-02
81811,1.171e-02,3.254e-03,1.496e-02
81812,1.170e-02,3.245e-03,1.494e-02
81813,1.170e-02,3.219e-03,1.492e-02
81814,1.174e-02,3.254e-03,1.500e-02
81815,1.179e-02,3.245e-03,1.503e-02
81816,1.182e-02,3.306e-03,1.512e-02
81817,1.188e-02,3.306e-03,1.518e-02
81818,1.190e-02,3.297e-03,1.519e-02
81819,1.190e-02,3.331e-03,1.524e-02
81820,1.191e-02,3.392e-03,1.530e-02
81821,1.195e-02,3.392e-03,1.534e-02
81822,1.190e-02,3.392e-03,1.530e-02
81823,1.189e-02,3.461e-03,1.535e-02
81824,1.189e-02,3.409e-03,1.530e-02
81825,1.184e-02,3.478e-03,1.531e-02
81826,1.180e-02,3.452e-03,1.525e-02
81827,1.179e-02,3.478e-03,1.526e-02
81828,1.177e-02,3.512e-03,1.528e-02
81829,1.179e-02,3.487e-03,1.527e-02
81830,1.175e-02,3.495e-03,1.524e-02
81831,1.176e-02,3.487e-03,1.525e-02
81832,1.177e-02,3.469e-03,1.524e-02
81833,1.170e-02,3.469e-03,1.517e-02
81834,1.172e-02,3.495e-03,1.521e-02
81835,1.172e-02,3.452e-03,1.517e-02
81836,1.171e-02,3.435e-03,1.514e-02
81837,1.164e-02,3.409e-03,1.505e-02
81838,1.161e-02,3.383e-03,1.499e-02
81839,1.154e-02,3.340e-03,1.488e-02
81840,1.148e-02,3.357e-03,1.483e-02
81841,1.141e-02,3.297e-03,1.471e-02
81842,1.133e-02,3.297e-03,1.463e-02
81843,1.126e-02,3.297e-03,1.456e-02
81844,1.119e-02,3.254e-03,1.444e-02
81845,1.115e-02,3.245e-03,1.440e-02
81846,1.107e-02,3.254e-03,1.432e-02
81847,1.103e-02,3.254e-03,1.428e-02
81848,1.097e-02,3.254e-03,1.422e-02
81849,1.094e-02,3.262e-03,1.420e-02
81850,1.085e-02,3.271e-03,1.413e-02
81851,1.081e-02,3.262e-03,1.407e-02
81852,1.075e-02,3.245e-03,1.400e-02
81853,1.069e-02,3.280e-03,1.397e-02
81854,1.069e-02,3.331e-03,1.402e-02
81855,1.066e-02,3.357e-03,1.401e-02
81856,1.067e-02,3.375e-03,1.404e-02
81857,1.068e-02,3.418e-03,1.410e-02
81858,1.074e-02,3.418e-03,1.416e-02
81859,1.082e-02,3.392e-03,1.421e-02
81860,1.088e-02,3.418e-03,1.430e-02
81861,1.094e-02,3.426e-03,1.437e-02
