data/rawdat/flt20220904/JNO2_N57_20220904_RA.ict
36, 1001
Michael A. Robinson, Patrick Veres, Ken Aikin
NOAA Chemical Sciences Laboratory
Filter Radiometer (NO2)
CalFiDE
1, 1
2022, 09, 04, 2022, 09, 17
0
TO_Time_UTC, seconds_past_midnight, Time_Start
3
1, 1, 1
-9999, -9999, -9999
jNO2_up, 1/s, GasJvalue_jNO2_InSitu_Downwelling_Full_NO2-O3P
jNO2_down, 1/s, GasJvalue_jNO2_InSitu_Upwelling_Full_NO2-O3P
jNO2_total, 1/s, GasJvalue_jNO2_InSitu_Total_Full_NO2-O3P
1
SPECIAL COMMENTS: N/A
18
PI_CONTACT_INFO: Address: 325 Broadway, Boulder CO 80305
PLATFORM: N57RF Twin Otter
LOCATION: California and Oregon
ASSOCIATED_DATA: N/A
INSTRUMENT_INFO: Filter radiometers
DATA_INFO: Units: 1/s 
UNCERTAINTY: ± 10%
ULOD_FLAG: -7777
ULOD_VALUE: N/A
LLOD_FLAG: -8888
LLOD_VALUE: N/A
DM_CONTACT_INFO: Data Manager: Ken Aikin
PROJECT_INFO: CalFiDE dates of study: August-September, 2022
STIPULATIONS_ON_USE: Users are strongly encouraged to contact the PI for proper data usage.
OTHER_COMMENTS: up means upward looking, down means downward looking, total is the sum of up and down. Calibration done by intercomparison with NCAR HARP instrument.
REVISION: RA
RA: Preliminary data
TO_Time_UTC, jNO2_up, jNO2_down, jNO2_total
[from data line 24287]
98986,-3.240e-05,-5.976e-06,-3.838e-05
98987,-3.240e-05,4.577e-05,1.336e-05
98988,-2.386e-05,2.648e-06,-2.122e-05
98989,-4.094e-05,-2.322e-05,-6.416e-05
98990,1.750e-06,-5.976e-06,-4.226e-06
98991,-2.386e-05,-2.322e-05,-4.709e-05
98992,-3.240e-05,4.577e-05,1.336e-05
98993,-4.094e-05,1.127e-05,-2.967e-05
98994,-6.788e-06,-1.460e-05,-2.139e-05
98995,-3.240e-05,-2.322e-05,-5.563e-05
98996,-4.094e-05,-2.322e-05,-6.416e-05
98997,-2.386e-05,-5.976e-06,-2.984e-05
98998,-6.788e-06,-5.976e-06,-1.276e-05
98999,-1.533e-05,-5.976e-06,-2.130e-05
99000,-2.386e-05,-2.322e-05,-4.709e-05
99001,1.029e-05,1.127e-05,2.156e-05
99002,-2.386e-05,-1.460e-05,-3.846e-05
99003,-6.788e-06,-2.322e-05,-3.001e-05
99004,-4.094e-05,-1.460e-05,-5.554e-05
99005,-1.533e-05,1.990e-05,4.569e-06
99006,-4.094e-05,-2.322e-05,-6.416e-05
99007,-2.386e-05,1.127e-05,-1.259e-05
99008,-3.240e-05,2.648e-06,-2.976e-05
99009,-2.386e-05,-3.185e-05,-5.571e-05
99010,-6.788e-06,-5.772e-05,-6.451e-05
99011,-3.240e-05,-3.185e-05,-6.425e-05
99012,1.750e-06,-4.047e-05,-3.872e-05
99013,-2.386e-05,2.648e-06,-2.122e-05
99014,-1.533e-05,1.990e-05,4.569e-06
99015,-1.533e-05,-2.322e-05,-3.855e-05
99016,1.750e-06,1.990e-05,2.165e-05
99017,-2.386e-05,-5.976e-06,-2.984e-05
99018,1.883e-05,-2.322e-05,-4.397e-06
99019,-6.788e-06,-1.460e-05,-2.139e-05
99020,-6.788e-06,-4.909e-05,-5.588e-05
99021,-3.240e-05,2.648e-06,-2.976e-05
99022,-1.533e-05,1.127e-05,-4.055e-06
99023,1.750e-06,-2.322e-05,-2.147e-05
99024,1.029e-05,-5.976e-06,4.312e-06
99025,1.750e-06,-1.460e-05,-1.285e-05
99026,-1.533e-05,1.127e-05,-4.055e-06
99027,-1.533e-05,-5.976e-06,-2.130e-05
99028,-2.386e-05,1.990e-05,-3.969e-06
99029,-6.788e-06,2.648e-06,-4.140e-06
99030,-3.240e-05,2.852e-05,-3.884e-06
99031,-1.533e-05,1.127e-05,-4.055e-06
99032,-6.788e-06,2.648e-06,-4.140e-06
99033,-1.533e-05,4.577e-05,3.044e-05
99034,-6.788e-06,1.127e-05,4.483e-06
99035,-1.533e-05,1.990e-05,4.569e-06
99036,-2.386e-05,-2.322e-05,-4.709e-05
99037,-2.386e-05,-3.185e-05,-5.571e-05
99038,-4.094e-05,-3.185e-05,-7.279e-05
99039,-1.533e-05,-2.322e-05,-3.855e-05
99040,-3.240e-05,-1.460e-05,-4.700e-05
99041,-3.240e-05,-5.976e-06,-3.838e-05
99042,-2.386e-05,-3.185e-05,-5.571e-05
99043,-2.386e-05,1.127e-05,-1.259e-05
99044,1.750e-06,1.127e-05,1.302e-05
99045,-6.788e-06,-2.322e-05,-3.001e-05
99046,-6.788e-06,-5.976e-06,-1.276e-05
99047,-2.386e-05,-2.322e-05,-4.709e-05
99048,-3.240e-05,-5.976e-06,-3.838e-05
99049,-1.533e-05,2.648e-06,-1.268e-05
99050,-6.788e-06,-3.185e-05,-3.864e-05
99051,-3.240e-05,-3.185e-05,-6.425e-05
99052,-2.386e-05,-3.185e-05,-5.571e-05
99053,-2.386e-05,2.648e-06,-2.122e-05
99054,1.750e-06,-4.047e-05,-3.872e-05
99055,-2.386e-05,-3.185e-05,-5.571e-05
99056,-6.788e-06,2.852e-05,2.173e-05
99057,-6.788e-06,2.648e-06,-4.140e-06
99058,1.750e-06,1.990e-05,2.165e-05
99059,-3.240e-05,1.127e-05,-2.113e-05
99060,1.750e-06,-2.322e-05,-2.147e-05
99061,-6.788e-06,1.990e-05,1.311e-05
99062,-1.533e-05,-4.047e-05,-5.580e-05
99063,-1.533e-05,-2.322e-05,-3.855e-05
99064,-1.533e-05,-5.976e-06,-2.130e-05
99065,-4.094e-05,-4.047e-05,-8.141e-05
99066,-6.788e-06,3.714e-05,3.035e-05
99067,2.736e-05,2.648e-06,3.001e-05
99068,-6.788e-06,-2.322e-05,-3.001e-05
99069,-2.386e-05,-3.185e-05,-5.571e-05
99070,-1.533e-05,-1.460e-05,-2.993e-05
99071,1.883e-05,-4.047e-05,-2.164e-05
99072,1.750e-06,-5.976e-06,-4.226e-06
99073,-4.948e-05,-5.976e-06,-5.546e-05
99074,-3.240e-05,-1.460e-05,-4.700e-05
99075,-1.533e-05,-2.322e-05,-3.855e-05
99076,-6.788e-06,-5.976e-06,-1.276e-05
99077,-4.948e-05,2.852e-05,-2.096e-05
99078,-4.094e-05,-1.460e-05,-5.554e-05
99079,-3.240e-05,-5.976e-06,-3.838e-05
99080,-1.533e-05,1.990e-05,4.569e-06
99081,-2.386e-05,2.648e-06,-2.122e-05
99082,-3.240e-05,2.648e-06,-2.976e-05
99083,-2.386e-05,2.648e-06,-2.122e-05
99084,-6.788e-06,-2.322e-05,-3.001e-05
99085,-6.788e-06,-2.322e-05,-3.001e-05
99086,-2.386e-05,-3.185e-05,-5.571e-05
99087,-2.386e-05,1.127e-05,-1.259e-05
99088,-1.533e-05,-5.976e-06,-2.130e-05
99089,-6.788e-06,1.990e-05,1.311e-05
99090,-4.094e-05,-5.976e-06,-4.692e-05
99091,-2.386e-05,-3.185e-05,-5.571e-05
99092,-2.386e-05,-2.322e-05,-4.709e-05
99093,-1.533e-05,3.714e-05,2.182e-05
99094,1.750e-06,-6.634e-05,-6.459e-05
99095,1.750e-06,-2.322e-05,-2.147e-05
99096,-2.386e-05,2.648e-06,-2.122e-05
99097,2.736e-05,-1.460e-05,1.277e-05
99098,-6.788e-06,1.990e-05,1.311e-05
99099,-2.386e-05,-3.185e-05,-5.571e-05
99100,-2.386e-05,-5.772e-05,-8.158e-05
99101,-3.240e-05,2.648e-06,-2.976e-05
99102,-1.533e-05,-3.185e-05,-4.717e-05
99103,-1.533e-05,2.648e-06,-1.268e-05
99104,-1.533e-05,-2.322e-05,-3.855e-05
99105,-2.386e-05,2.648e-06,-2.122e-05
99106,-1.533e-05,1.127e-05,-4.055e-06
99107,-6.788e-06,-2.322e-05,-3.001e-05
99108,-3.240e-05,2.648e-06,-2.976e-05
99109,-1.533e-05,1.990e-05,4.569e-06
99110,-1.533e-05,-2.322e-05,-3.855e-05
99111,-1.533e-05,2.648e-06,-1.268e-05
99112,-1.533e-05,-4.047e-05,-5.580e-05
99113,-6.788e-06,2.648e-06,-4.140e-06
99114,-1.533e-05,1.990e-05,4.569e-06
99115,-1.533e-05,-1.460e-05,-2.993e-05
99116,-2.386e-05,1.127e-05,-1.259e-05
99117,-3.240e-05,1.127e-05,-2.113e-05
99118,-4.094e-05,-1.460e-05,-5.554e-05
99119,-6.656e-05,2.648e-06,-6.391e-05
99120,-2.386e-05,-5.976e-06,-2.984e-05
99121,-3.240e-05,-2.322e-05,-5.563e-05
99122,-3.240e-05,2.648e-06,-2.976e-05
99123,-1.533e-05,-2.322e-05,-3.855e-05
99124,1.883e-05,-3.185e-05,-1.302e-05
99125,-1.533e-05,-4.047e-05,-5.580e-05
99126,-2.386e-05,-4.909e-05,-7.296e-05
99127,-2.386e-05,1.127e-05,-1.259e-05
99128,-2.386e-05,-3.185e-05,-5.571e-05
99129,-1.533e-05,-2.322e-05,-3.855e-05
99130,-3.240e-05,-4.909e-05,-8.150e-05
99131,-2.386e-05,-1.460e-05,-3.846e-05
99132,-2.386e-05,-5.976e-06,-2.984e-05
99133,-6.788e-06,2.648e-06,-4.140e-06
99134,-1.533e-05,-2.322e-05,-3.855e-05
99135,-6.788e-06,-5.976e-06,-1.276e-05
99136,-2.386e-05,1.990e-05,-3.969e-06
99137,1.029e-05,2.852e-05,3.881e-05
99138,-4.094e-05,-2.322e-05,-6.416e-05
99139,-2.386e-05,2.648e-06,-2.122e-05
99140,1.883e-05,1.990e-05,3.872e-05
99141,-6.788e-06,1.990e-05,1.311e-05
99142,-2.386e-05,-4.047e-05,-6.434e-05
99143,-4.094e-05,-2.322e-05,-6.416e-05
99144,-1.533e-05,-3.185e-05,-4.717e-05
99145,-6.788e-06,1.127e-05,4.483e-06
99146,-1.533e-05,-5.976e-06,-2.130e-05
99147,-2.386e-05,-2.322e-05,-4.709e-05
99148,-3.240e-05,-3.185e-05,-6.425e-05
99149,-1.533e-05,-1.460e-05,-2.993e-05
99150,-3.240e-05,-2.322e-05,-5.563e-05
99151,-6.788e-06,-5.976e-06,-1.276e-05
99152,1.750e-06,-2.322e-05,-2.147e-05
99153,-1.533e-05,-1.460e-05,-2.993e-05
99154,-1.533e-05,-2.322e-05,-3.855e-05
99155,-6.788e-06,2.852e-05,2.173e-05
99156,-2.386e-05,-5.976e-06,-2.984e-05
99157,1.029e-05,1.990e-05,3.018e-05
99158,-6.788e-06,-4.909e-05,-5.588e-05
99159,-1.533e-05,-2.322e-05,-3.855e-05
99160,-4.094e-05,2.648e-06,-3.829e-05
99161,-1.533e-05,-2.322e-05,-3.855e-05
99162,-1.533e-05,-5.976e-06,-2.130e-05
99163,-1.533e-05,2.648e-06,-1.268e-05
99164,-1.533e-05,-1.460e-05,-2.993e-05
99165,-3.240e-05,2.648e-06,-2.976e-05
99166,-2.386e-05,-4.909e-05,-7.296e-05
99167,-6.788e-06,-5.976e-06,-1.276e-05
99168,-1.533e-05,-1.460e-05,-2.993e-05
99169,-2.386e-05,-5.976e-06,-2.984e-05
99170,-3.240e-05,1.127e-05,-2.113e-05
99171,-1.533e-05,-3.185e-05,-4.717e-05
99172,-6.788e-06,1.990e-05,1.311e-05
99173,1.750e-06,1.127e-05,1.302e-05
99174,-6.788e-06,-4.047e-05,-4.726e-05
99175,-1.533e-05,-5.976e-06,-2.130e-05
99176,-2.386e-05,2.648e-06,-2.122e-05
99177,-6.788e-06,-4.047e-05,-4.726e-05
99178,-4.094e-05,-2.322e-05,-6.416e-05
99179,-2.386e-05,2.852e-05,4.654e-06
99180,-1.533e-05,1.127e-05,-4.055e-06
99181,-1.533e-05,-5.976e-06,-2.130e-05
99182,-6.788e-06,2.648e-06,-4.140e-06
99183,-6.788e-06,1.127e-05,4.483e-06
99184,-4.948e-05,1.127e-05,-3.821e-05
99185,-2.386e-05,2.648e-06,-2.122e-05
99186,-2.386e-05,-3.185e-05,-5.571e-05
99187,-4.094e-05,-5.976e-06,-4.692e-05
99188,-1.533e-05,-1.460e-05,-2.993e-05
99189,-1.533e-05,2.648e-06,-1.268e-05
99190,-1.533e-05,-1.460e-05,-2.993e-05
99191,-2.386e-05,1.127e-05,-1.259e-05
99192,-1.533e-05,-5.772e-05,-7.304e-05
99193,-3.240e-05,-5.976e-06,-3.838e-05
99194,-1.533e-05,-5.976e-06,-2.130e-05
99195,-1.533e-05,2.648e-06,-1.268e-05
99196,-1.533e-05,-2.322e-05,-3.855e-05
99197,-3.240e-05,4.577e-05,1.336e-05
99198,-6.788e-06,1.127e-05,4.483e-06
99199,-1.533e-05,1.127e-05,-4.055e-06
99200,-2.386e-05,-5.772e-05,-8.158e-05
99201,-2.386e-05,-2.322e-05,-4.709e-05
99202,-6.788e-06,-2.322e-05,-3.001e-05
99203,-1.533e-05,-2.322e-05,-3.855e-05
99204,-1.533e-05,1.127e-05,-4.055e-06
99205,-3.240e-05,-1.460e-05,-4.700e-05
99206,-1.533e-05,2.648e-06,-1.268e-05
99207,-2.386e-05,-3.185e-05,-5.571e-05
99208,-1.533e-05,1.127e-05,-4.055e-06
99209,-2.386e-05,-5.976e-06,-2.984e-05
99210,-2.386e-05,1.127e-05,-1.259e-05
99211,2.736e-05,-3.185e-05,-4.482e-06
99212,1.029e-05,1.127e-05,2.156e-05
99213,-3.240e-05,-4.909e-05,-8.150e-05
99214,1.750e-06,-5.976e-06,-4.226e-06
99215,1.750e-06,-2.322e-05,-2.147e-05
99216,-3.240e-05,2.648e-06,-2.976e-05
99217,-2.386e-05,-1.460e-05,-3.846e-05
99218,-1.533e-05,1.990e-05,4.569e-06
99219,-6.788e-06,-2.322e-05,-3.001e-05
99220,-1.533e-05,1.127e-05,-4.055e-06
99221,-2.386e-05,1.127e-05,-1.259e-05
99222,-1.533e-05,1.127e-05,-4.055e-06
99223,-1.533e-05,2.648e-06,-1.268e-05
99224,1.029e-05,-2.322e-05,-1.294e-05
99225,-1.533e-05,-3.185e-05,-4.717e-05
99226,-4.948e-05,-3.185e-05,-8.133e-05
99227,-1.533e-05,2.648e-06,-1.268e-05
99228,-3.240e-05,-3.185e-05,-6.425e-05
99229,-4.094e-05,-4.047e-05,-8.141e-05
99230,-6.788e-06,-2.322e-05,-3.001e-05
99231,-1.533e-05,-3.185e-05,-4.717e-05
99232,-2.386e-05,-1.460e-05,-3.846e-05
99233,-1.960e-05,-1.664e-06,-2.126e-05
99234,-2.386e-05,-2.322e-05,-4.709e-05
99235,-1.533e-05,1.127e-05,-4.055e-06
99236,-4.094e-05,-3.185e-05,-7.279e-05
99237,-1.533e-05,-2.322e-05,-3.855e-05
99238,-1.533e-05,2.648e-06,-1.268e-05
99239,-2.386e-05,1.127e-05,-1.259e-05
99240,-1.533e-05,-3.185e-05,-4.717e-05
99241,-6.788e-06,-2.322e-05,-3.001e-05
99242,-6.788e-06,-2.322e-05,-3.001e-05
99243,-2.386e-05,2.648e-06,-2.122e-05
99244,-2.386e-05,-3.185e-05,-5.571e-05
99245,-3.240e-05,-2.322e-05,-5.563e-05
99246,-2.386e-05,-1.460e-05,-3.846e-05
99247,-1.533e-05,-5.772e-05,-7.304e-05
99248,-6.788e-06,-1.460e-05,-2.139e-05
99249,-1.533e-05,1.127e-05,-4.055e-06
99250,1.029e-05,1.990e-05,3.018e-05
99251,-3.240e-05,1.990e-05,-1.251e-05
99252,-5.802e-05,-1.460e-05,-7.262e-05
99253,-2.386e-05,-2.322e-05,-4.709e-05
99254,-6.788e-06,2.648e-06,-4.140e-06
99255,-4.094e-05,2.648e-06,-3.829e-05
99256,-4.094e-05,-5.976e-06,-4.692e-05
99257,-2.386e-05,3.714e-05,1.328e-05
99258,1.029e-05,-1.460e-05,-4.311e-06
99259,-1.533e-05,1.127e-05,-4.055e-06
99260,-2.386e-05,-5.976e-06,-2.984e-05
99261,-1.533e-05,1.127e-05,-4.055e-06
99262,-2.386e-05,2.648e-06,-2.122e-05
99263,-2.386e-05,-5.976e-06,-2.984e-05
99264,-3.240e-05,-2.322e-05,-5.563e-05
99265,-4.094e-05,-5.976e-06,-4.692e-05
99266,-4.094e-05,2.852e-05,-1.242e-05
99267,-6.788e-06,-1.460e-05,-2.139e-05
99268,-1.533e-05,4.577e-05,3.044e-05
99269,-2.386e-05,2.648e-06,-2.122e-05
99270,-3.240e-05,-4.909e-05,-8.150e-05
99271,-6.788e-06,-1.460e-05,-2.139e-05
99272,-4.948e-05,-1.460e-05,-6.408e-05
99273,-2.386e-05,2.648e-06,-2.122e-05
99274,-2.386e-05,-5.772e-05,-8.158e-05
99275,-1.533e-05,-2.322e-05,-3.855e-05
99276,-4.094e-05,1.127e-05,-2.967e-05
99277,-6.788e-06,-5.976e-06,-1.276e-05
99278,-3.240e-05,-3.185e-05,-6.425e-05
99279,-1.533e-05,-2.322e-05,-3.855e-05
99280,-6.788e-06,1.127e-05,4.483e-06
99281,1.750e-06,-5.976e-06,-4.226e-06
99282,-3.240e-05,-1.460e-05,-4.700e-05
99283,-3.240e-05,-4.909e-05,-8.150e-05
99284,-6.788e-06,-5.976e-06,-1.276e-05
99285,-6.788e-06,-2.322e-05,-3.001e-05
99286,-2.386e-05,-2.322e-05,-4.709e-05
99287,-1.533e-05,1.127e-05,-4.055e-06
99288,-6.788e-06,-4.909e-05,-5.588e-05
99289,1.029e-05,-5.772e-05,-4.743e-05
99290,-3.240e-05,2.648e-06,-2.976e-05
99291,-4.948e-05,-5.976e-06,-5.546e-05
99292,-3.240e-05,-1.460e-05,-4.700e-05
99293,-1.533e-05,1.127e-05,-4.055e-06
99294,-6.788e-06,1.127e-05,4.483e-06
99295,-2.386e-05,2.852e-05,4.654e-06
99296,-2.386e-05,-2.322e-05,-4.709e-05
99297,-2.386e-05,1.127e-05,-1.259e-05
99298,-1.533e-05,-2.322e-05,-3.855e-05
99299,-1.533e-05,2.648e-06,-1.268e-05
99300,-6.788e-06,1.990e-05,1.311e-05
99301,-6.788e-06,-5.976e-06,-1.276e-05
99302,-1.533e-05,1.127e-05,-4.055e-06
99303,-6.788e-06,-5.976e-06,-1.276e-05
99304,-1.533e-05,2.648e-06,-1.268e-05
99305,-2.386e-05,-5.976e-06,-2.984e-05
99306,-6.788e-06,-2.322e-05,-3.001e-05
99307,-2.386e-05,-1.460e-05,-3.846e-05
99308,-1.533e-05,-2.322e-05,-3.855e-05
99309,-1.533e-05,1.990e-05,4.569e-06
99310,-3.240e-05,-5.772e-05,-9.012e-05
99311,-6.788e-06,-1.460e-05,-2.139e-05
99312,-1.533e-05,-5.976e-06,-2.130e-05
99313,-6.788e-06,-2.322e-05,-3.001e-05
99314,-6.788e-06,1.990e-05,1.311e-05
99315,-6.788e-06,-5.976e-06,-1.276e-05
99316,-1.533e-05,-4.047e-05,-5.580e-05
99317,-4.094e-05,-5.976e-06,-4.692e-05
99318,-2.386e-05,1.127e-05,-1.259e-05
99319,-6.788e-06,-3.185e-05,-3.864e-05
99320,-1.533e-05,-4.047e-05,-5.580e-05
99321,-2.386e-05,-5.976e-06,-2.984e-05
99322,1.029e-05,-5.976e-06,4.312e-06
99323,-6.788e-06,2.852e-05,2.173e-05
99324,-3.240e-05,2.648e-06,-2.976e-05
99325,-2.386e-05,-2.322e-05,-4.709e-05
99326,-4.094e-05,-2.322e-05,-6.416e-05
99327,-1.533e-05,1.990e-05,4.569e-06
99328,-2.386e-05,2.648e-06,-2.122e-05
99329,-6.788e-06,2.648e-06,-4.140e-06
99330,-1.533e-05,-2.322e-05,-3.855e-05
99331,-3.240e-05,-1.460e-05,-4.700e-05
99332,-1.533e-05,1.990e-05,4.569e-06
99333,-6.788e-06,1.127e-05,4.483e-06
99334,-2.386e-05,1.127e-05,-1.259e-05
99335,-2.386e-05,-5.976e-06,-2.984e-05
99336,-6.788e-06,2.648e-06,-4.140e-06
99337,-2.386e-05,-1.460e-05,-3.846e-05
99338,-1.533e-05,-2.322e-05,-3.855e-05
99339,-2.386e-05,-4.047e-05,-6.434e-05
99340,-3.240e-05,2.648e-06,-2.976e-05
99341,-1.533e-05,-5.976e-06,-2.130e-05
99342,-6.788e-06,-1.460e-05,-2.139e-05
99343,-6.788e-06,2.648e-06,-4.140e-06
99344,-1.533e-05,-3.185e-05,-4.717e-05
99345,1.750e-06,-5.976e-06,-4.226e-06
99346,-1.533e-05,-5.976e-06,-2.130e-05
99347,1.750e-06,1.990e-05,2.165e-05
99348,-4.094e-05,1.990e-05,-2.105e-05
99349,-6.788e-06,-3.185e-05,-3.864e-05
99350,-1.533e-05,1.127e-05,-4.055e-06
99351,-1.533e-05,1.990e-05,4.569e-06
99352,-2.386e-05,1.127e-05,-1.259e-05
99353,-2.386e-05,1.990e-05,-3.969e-06
99354,-2.386e-05,1.127e-05,-1.259e-05
99355,-2.386e-05,-3.185e-05,-5.571e-05
99356,1.029e-05,-3.185e-05,-2.156e-05
99357,-2.386e-05,-5.976e-06,-2.984e-05
99358,-6.788e-06,-5.976e-06,-1.276e-05
99359,-6.788e-06,-1.460e-05,-2.139e-05
99360,-2.386e-05,-3.185e-05,-5.571e-05
99361,-6.788e-06,-5.976e-06,-1.276e-05
99362,-1.533e-05,2.648e-06,-1.268e-05
99363,-6.788e-06,1.127e-05,4.483e-06
99364,-3.240e-05,-1.460e-05,-4.700e-05
99365,-3.240e-05,-4.909e-05,-8.150e-05
99366,1.029e-05,-4.047e-05,-3.018e-05
99367,-1.533e-05,2.648e-06,-1.268e-05
99368,-1.533e-05,2.648e-06,-1.268e-05
99369,-2.386e-05,-1.460e-05,-3.846e-05
99370,-3.240e-05,1.127e-05,-2.113e-05
99371,-3.240e-05,-5.976e-06,-3.838e-05
99372,-1.533e-05,2.648e-06,-1.268e-05
99373,-3.240e-05,-1.460e-05,-4.700e-05
99374,1.750e-06,-4.047e-05,-3.872e-05
99375,-1.533e-05,2.648e-06,-1.268e-05
99376,-3.240e-05,1.127e-05,-2.113e-05
99377,-6.788e-06,-3.185e-05,-3.864e-05
99378,-6.788e-06,2.852e-05,2.173e-05
99379,-4.094e-05,-2.322e-05,-6.416e-05
99380,1.750e-06,-3.185e-05,-3.010e-05
99381,1.750e-06,-5.976e-06,-4.226e-06
99382,-1.533e-05,-5.976e-06,-2.130e-05
99383,-3.240e-05,-2.322e-05,-5.563e-05
99384,-2.386e-05,-5.976e-06,-2.984e-05
99385,-2.386e-05,1.127e-05,-1.259e-05
99386,-4.948e-05,2.648e-06,-4.683e-05
99387,-2.386e-05,-1.460e-05,-3.846e-05
99388,-1.533e-05,1.127e-05,-4.055e-06
99389,-2.386e-05,-5.976e-06,-2.984e-05
99390,-4.094e-05,2.852e-05,-1.242e-05
99391,-2.386e-05,2.648e-06,-2.122e-05
99392,-1.533e-05,-2.322e-05,-3.855e-05
99393,1.750e-06,-1.460e-05,-1.285e-05
99394,1.750e-06,1.127e-05,1.302e-05
99395,-6.788e-06,-5.976e-06,-1.276e-05
99396,-1.533e-05,2.648e-06,-1.268e-05
99397,-6.788e-06,-5.976e-06,-1.276e-05
99398,-6.788e-06,-4.047e-05,-4.726e-05
99399,-3.240e-05,2.852e-05,-3.884e-06
99400,-4.094e-05,-5.976e-06,-4.692e-05
99401,-6.788e-06,3.714e-05,3.035e-05
