data/rawdat/flt20220904/NOAAPicarro-CO2-CH4-CO-H2O_N57_20220904_R0.ict
42, 1001
Jeff Peischl
NOAA ESRL Chemical Sciences Laboratory
Picarro 2401-m CO2/CH4/CO/H2O Analyzer
CalFiDE
1, 1
2022, 09, 04, 2023, 02, 15
1
TO_Time_UTC, seconds, UTC, seconds_past_midnight
8
1, 1, 1, 1, 1, 1, 1, 1
-9999, -9999, -9999, -9999, -9999, -9999, -9999, -9999
CO2_ppm, ppm, Gas_CO2_InSitu_S_DMF
CO2_i_ppm, ppm, Gas_CO2_InSitu_S_DMF
CH4_ppb, ppb, Gas_CH4_InSitu_S_DMF
CH4_i_ppb, ppb, Gas_CH4_InSitu_S_DMF
CO_ppb, ppb, Gas_CO_InSitu_S_DMF
CO_i_ppb, ppb, Gas_CO_InSitu_S_DMF
H2O_pct, percent, Gas_H2O_InSitu_S_DMF
H2O_i_pct, percent, Gas_H2O_InSitu_S_DMF
1
SPECIAL COMMENTS: N/A
19
PI_CONTACT_INFO: Address: NOAA Chemical Sciences Laboratory, Mail Stop R/CSL7, 325 Broadway, Boulder, CO  80305, email: jeff.peischl@noaa.gov
PLATFORM: NOAA Twin Otter N57RF
LOCATION: The aircraft was stationed in Sacramento, CA, and Redding, CA
ASSOCIATED_DATA: N/A
INSTRUMENT_INFO: Wavelength-Scanned Cavity Ringdown Spectrometry
DATA_INFO: Units: ppm: parts per million dry air mole fraction; ppb: parts per billion dry air mole fraction; pct: percent by volume 
UNCERTAINTY: CO2: ±(0.4 ppm + 1%), CH4: ±(0.4 ppb + 1%), CO: ±(6 ppb + 1%), H2O: ±(0.1 pct + 1%).
ULOD_FLAG: -7777
ULOD_VALUE: N/A
LLOD_FLAG: -8888
LLOD_VALUE: N/A
DM_CONTACT_INFO: Data Manager: Ken Aikin, kenneth.c.aikin@noaa.gov
PROJECT_INFO: CalFiDE dates of study: August 28 - September 26, 2022
STIPULATIONS_ON_USE: According to the NOAA data protocol. Users are should contact the PI for proper data usage.
OTHER_COMMENTS: Data are measured at irregular intervals. Data without _i_ in the header are rounded to the nearest second. Data with _i_ are interpolated onto each second.
REVISION: R0
R0: final data
RA: preliminary data
TO_Time_UTC, CO2_ppm, CO2_i_ppm, CH4_ppb, CH4_i_ppb, CO_ppb, CO_i_ppb, H2O_pct, H2O_i_pct
[from data line 3554]
73874.0, 416.08, 416.10, 1924.1, 1924.1, -9999.0, 58.7, -9999.000, 0.196
73875.0, -9999.00, 416.14, -9999.0, 1924.1, 58.6, 58.6, -9999.000, 0.195
73876.0, 416.19, 416.18, -9999.0, 1924.2, -9999.0, 61.5, 0.194, 0.194
73877.0, -9999.00, 416.21, 1924.2, 1924.3, 66.1, 64.7, -9999.000, 0.194
73878.0, 416.24, 416.23, -9999.0, 1924.5, -9999.0, 66.6, 0.193, 0.193
73879.0, -9999.00, 416.24, 1924.7, 1924.7, -9999.0, 67.4, -9999.000, 0.192
73880.0, -9999.00, 416.24, -9999.0, 1924.8, 68.0, 68.2, 0.192, 0.192
73881.0, 416.24, 416.25, 1924.9, 1924.9, -9999.0, 68.8, -9999.000, 0.191
73882.0, -9999.00, 416.28, -9999.0, 1925.0, 69.4, 69.4, -9999.000, 0.189
73883.0, 416.32, 416.32, -9999.0, 1925.0, -9999.0, 70.3, 0.188, 0.188
73884.0, -9999.00, 416.29, 1925.1, 1925.1, 71.6, 71.2, -9999.000, 0.187
73885.0, 416.26, 416.27, -9999.0, 1925.2, -9999.0, 70.5, 0.187, 0.187
73886.0, -9999.00, 416.27, 1925.2, 1925.2, -9999.0, 68.6, -9999.000, 0.186
73887.0, -9999.00, 416.29, -9999.0, 1925.3, 67.2, 66.7, 0.185, 0.186
73888.0, 416.30, 416.30, 1925.3, 1925.3, -9999.0, 64.8, -9999.000, 0.185
73889.0, -9999.00, 416.32, -9999.0, 1925.4, 62.8, 62.9, -9999.000, 0.185
73890.0, 416.33, 416.33, 1925.5, 1925.4, -9999.0, 64.4, 0.184, 0.184
73891.0, -9999.00, 416.31, -9999.0, 1925.5, 66.9, 66.2, -9999.000, 0.184
73892.0, 416.29, 416.30, -9999.0, 1925.5, -9999.0, 66.6, 0.184, 0.184
73893.0, -9999.00, 416.29, 1925.6, 1925.6, -9999.0, 66.3, -9999.000, 0.183
73894.0, -9999.00, 416.28, -9999.0, 1926.0, 66.0, 67.2, 0.183, 0.183
73895.0, 416.28, 416.27, 1926.4, 1926.3, -9999.0, 71.9, -9999.000, 0.182
73896.0, -9999.00, 416.27, -9999.0, 1926.6, 76.8, 76.6, -9999.000, 0.181
73897.0, 416.26, 416.26, 1926.9, 1926.8, -9999.0, 71.6, 0.180, 0.180
73898.0, -9999.00, 416.24, -9999.0, 1926.9, 63.8, 66.0, -9999.000, 0.181
73899.0, 416.21, 416.21, -9999.0, 1927.1, -9999.0, 64.2, 0.181, 0.181
73900.0, -9999.00, 416.20, 1927.2, 1927.2, -9999.0, 64.9, -9999.000, 0.181
73901.0, -9999.00, 416.18, -9999.0, 1927.5, 65.4, 66.0, 0.181, 0.181
73902.0, 416.17, 416.17, 1927.8, 1927.8, -9999.0, 68.0, -9999.000, 0.181
73903.0, -9999.00, 416.16, -9999.0, 1927.9, 70.3, 70.1, -9999.000, 0.180
73904.0, 416.15, 416.15, 1928.0, 1928.0, -9999.0, 70.2, 0.180, 0.180
73905.0, -9999.00, 416.11, -9999.0, 1928.2, 70.1, 70.2, -9999.000, 0.180
73906.0, 416.05, 416.07, -9999.0, 1928.7, -9999.0, 68.3, 0.179, 0.179
73907.0, -9999.00, 416.02, 1929.0, 1929.0, -9999.0, 65.1, -9999.000, 0.179
73908.0, -9999.00, 415.97, -9999.0, 1929.3, 62.7, 62.8, 0.180, 0.180
73909.0, 415.93, 415.93, 1929.6, 1929.6, -9999.0, 63.4, -9999.000, 0.180
73910.0, -9999.00, 415.92, -9999.0, 1929.5, 64.0, 63.9, -9999.000, 0.180
73911.0, 415.91, 415.91, -9999.0, 1929.4, -9999.0, 65.9, 0.180, 0.180
73912.0, -9999.00, 415.88, 1929.4, 1929.5, 68.8, 67.9, -9999.000, 0.180
73913.0, 415.83, 415.84, -9999.0, 1929.6, -9999.0, 68.7, 0.181, 0.181
73914.0, -9999.00, 415.83, 1929.8, 1929.8, -9999.0, 68.5, -9999.000, 0.180
73915.0, -9999.00, 415.83, -9999.0, 1929.8, 68.3, 67.9, 0.180, 0.180
73916.0, 415.83, 415.83, 1929.8, 1929.8, -9999.0, 66.1, -9999.000, 0.180
73917.0, -9999.00, 415.82, -9999.0, 1930.0, 64.1, 64.2, -9999.000, 0.180
73918.0, 415.82, 415.82, 1930.3, 1930.2, -9999.0, 65.9, 0.181, 0.181
73919.0, -9999.00, 415.82, -9999.0, 1930.3, 68.7, 67.9, -9999.000, 0.181
73920.0, 415.83, 415.83, -9999.0, 1930.4, -9999.0, 71.9, 0.181, 0.181
73921.0, -9999.00, 415.81, 1930.4, 1930.4, -9999.0, 77.3, -9999.000, 0.181
73922.0, -9999.00, 415.78, -9999.0, 1930.6, 81.3, 80.4, 0.181, 0.181
73923.0, 415.76, 415.76, 1930.9, 1930.8, -9999.0, 76.8, -9999.000, 0.181
73924.0, -9999.00, 415.76, -9999.0, 1930.9, 73.0, 73.2, -9999.000, 0.181
73925.0, 415.77, 415.77, 1930.8, 1930.8, -9999.0, 69.3, 0.181, 0.180
73926.0, -9999.00, 415.78, -9999.0, 1930.8, 63.8, 65.4, -9999.000, 0.179
73927.0, 415.81, 415.80, -9999.0, 1930.8, -9999.0, 65.3, 0.177, 0.177
73928.0, -9999.00, 415.80, 1930.8, 1930.8, -9999.0, 67.7, -9999.000, 0.177
73929.0, -9999.00, 415.78, -9999.0, 1930.9, 69.5, 69.1, 0.177, 0.177
73930.0, 415.76, 415.75, 1930.9, 1930.9, -9999.0, 67.7, -9999.000, 0.177
73931.0, -9999.00, 415.70, -9999.0, 1931.9, 66.2, 66.3, -9999.000, 0.177
73932.0, 415.66, 415.65, 1933.6, 1933.1, -9999.0, 68.9, 0.178, 0.179
73933.0, -9999.00, 415.53, -9999.0, 1934.1, 72.9, 71.8, -9999.000, 0.183
73934.0, 415.37, 415.41, -9999.0, 1935.1, -9999.0, 70.4, 0.187, 0.187
73935.0, -9999.00, 415.33, 1935.9, 1935.9, -9999.0, 66.0, -9999.000, 0.191
73936.0, -9999.00, 415.27, -9999.0, 1936.2, 62.8, 63.6, 0.198, 0.196
73937.0, 415.22, 415.22, 1936.6, 1936.5, -9999.0, 67.0, -9999.000, 0.200
73938.0, -9999.00, 415.21, -9999.0, 1936.4, 70.6, 70.3, -9999.000, 0.203
73939.0, 415.20, 415.20, -9999.0, 1936.1, -9999.0, 70.3, 0.206, 0.206
73940.0, -9999.00, 415.18, 1936.0, 1936.1, 69.9, 70.0, -9999.000, 0.206
73941.0, 415.14, 415.15, -9999.0, 1936.4, -9999.0, 70.2, 0.206, 0.206
73942.0, -9999.00, 415.13, 1936.6, 1936.6, -9999.0, 70.7, -9999.000, 0.208
73943.0, -9999.00, 415.10, -9999.0, 1937.0, 71.2, 71.3, 0.211, 0.210
73944.0, 415.08, 415.08, 1937.4, 1937.3, -9999.0, 71.6, -9999.000, 0.213
73945.0, -9999.00, 415.06, -9999.0, 1937.3, 72.1, 72.0, -9999.000, 0.216
73946.0, 415.05, 415.05, -9999.0, 1937.2, -9999.0, 72.6, 0.219, 0.219
73947.0, -9999.00, 415.04, 1937.1, 1937.1, 73.5, 73.3, -9999.000, 0.221
73948.0, 415.02, 415.03, -9999.0, 1937.0, -9999.0, 72.9, 0.222, 0.222
73949.0, -9999.00, 415.04, 1936.9, 1936.9, -9999.0, 71.8, -9999.000, 0.221
73950.0, -9999.00, 415.06, -9999.0, 1936.8, 70.9, 71.0, 0.220, 0.221
73951.0, 415.08, 415.09, 1936.6, 1936.7, -9999.0, 71.0, -9999.000, 0.220
73952.0, -9999.00, 415.10, -9999.0, 1936.8, 71.1, 71.1, -9999.000, 0.220
73953.0, 415.11, 415.11, -9999.0, 1937.1, -9999.0, 70.6, 0.220, 0.221
73954.0, -9999.00, 415.09, 1937.3, 1937.2, 69.8, 70.1, -9999.000, 0.224
73955.0, 415.07, 415.08, -9999.0, 1936.9, -9999.0, 69.3, 0.227, 0.227
73956.0, -9999.00, 415.08, 1936.7, 1936.7, -9999.0, 68.2, -9999.000, 0.226
73957.0, -9999.00, 415.09, -9999.0, 1936.9, 67.4, 67.6, -9999.000, 0.225
73958.0, 415.10, 415.09, 1937.1, 1937.1, -9999.0, 69.0, 0.224, 0.226
73959.0, -9999.00, 415.06, -9999.0, 1937.4, 70.7, 70.5, -9999.000, 0.229
73960.0, 415.03, 415.03, -9999.0, 1937.8, -9999.0, 70.9, 0.232, 0.232
73961.0, -9999.00, 415.02, 1938.0, 1938.0, -9999.0, 71.1, -9999.000, 0.237
73962.0, 414.99, 415.00, -9999.0, 1938.1, 71.3, 72.3, 0.242, 0.241
73963.0, -9999.00, 415.01, 1938.1, 1938.1, -9999.0, 74.5, -9999.000, 0.243
73964.0, -9999.00, 415.04, -9999.0, 1937.8, 76.4, 76.3, -9999.000, 0.244
73965.0, 415.06, 415.08, 1937.3, 1937.4, -9999.0, 75.7, 0.244, 0.242
73966.0, -9999.00, 415.15, -9999.0, 1937.1, 74.9, 75.0, -9999.000, 0.239
73967.0, 415.24, 415.23, -9999.0, 1936.8, -9999.0, 73.9, 0.236, 0.236
73968.0, -9999.00, 415.23, 1936.7, 1936.8, 72.2, 72.8, -9999.000, 0.233
73969.0, 415.22, 415.22, -9999.0, 1937.0, -9999.0, 71.0, 0.230, 0.230
73970.0, -9999.00, 415.18, 1937.3, 1937.3, -9999.0, 68.8, -9999.000, 0.231
73971.0, -9999.00, 415.10, -9999.0, 1937.3, 66.9, 67.4, 0.232, 0.231
73972.0, 415.05, 415.04, 1937.4, 1937.4, -9999.0, 70.0, -9999.000, 0.233
73973.0, -9999.00, 415.01, -9999.0, 1937.4, 72.9, 72.6, -9999.000, 0.235
73974.0, 414.98, 414.98, -9999.0, 1937.5, -9999.0, 70.4, 0.236, 0.236
73975.0, -9999.00, 414.96, 1937.5, 1937.5, 66.2, 67.6, -9999.000, 0.237
73976.0, 414.94, 414.94, -9999.0, 1937.4, -9999.0, 68.3, 0.239, 0.239
73977.0, -9999.00, 414.92, 1937.3, 1937.3, -9999.0, 72.2, -9999.000, 0.239
73978.0, -9999.00, 414.90, -9999.0, 1937.3, 75.3, 74.8, 0.239, 0.239
73979.0, 414.89, 414.88, 1937.2, 1937.2, -9999.0, 72.0, -9999.000, 0.239
73980.0, -9999.00, 414.85, -9999.0, 1937.2, 68.8, 69.2, -9999.000, 0.239
73981.0, 414.82, 414.82, -9999.0, 1937.2, -9999.0, 69.4, 0.240, 0.240
73982.0, -9999.00, 414.79, 1937.2, 1937.2, 70.4, 70.1, -9999.000, 0.240
73983.0, 414.73, 414.75, -9999.0, 1937.2, -9999.0, 69.2, 0.240, 0.240
73984.0, -9999.00, 414.72, 1937.2, 1937.2, -9999.0, 66.8, -9999.000, 0.239
73985.0, -9999.00, 414.71, -9999.0, 1937.1, 64.8, 65.4, -9999.000, 0.237
73986.0, 414.69, 414.70, 1936.9, 1936.9, -9999.0, 68.3, 0.237, 0.237
73987.0, -9999.00, 414.71, -9999.0, 1936.9, 71.6, 71.2, -9999.000, 0.236
73988.0, 414.72, 414.72, -9999.0, 1936.9, -9999.0, 73.4, 0.236, 0.235
73989.0, -9999.00, 414.71, 1936.9, 1936.9, 76.4, 75.5, -9999.000, 0.233
73990.0, 414.69, 414.70, -9999.0, 1936.9, -9999.0, 75.9, 0.231, 0.231
73991.0, -9999.00, 414.74, 1936.9, 1936.9, -9999.0, 74.8, -9999.000, 0.231
73992.0, -9999.00, 414.81, -9999.0, 1937.1, 73.9, 73.5, 0.231, 0.231
73993.0, 414.85, 414.82, 1937.4, 1937.3, -9999.0, 71.3, -9999.000, 0.231
73994.0, -9999.00, 414.71, -9999.0, 1936.8, 69.0, 69.2, -9999.000, 0.233
73995.0, 414.59, 414.59, -9999.0, 1936.2, -9999.0, 69.3, 0.234, 0.232
73996.0, -9999.00, 414.51, 1935.9, 1935.7, 69.8, 69.6, -9999.000, 0.224
73997.0, 414.39, 414.42, -9999.0, 1935.5, -9999.0, 70.1, 0.215, 0.216
73998.0, -9999.00, 414.38, 1935.2, 1935.1, -9999.0, 70.6, -9999.000, 0.211
73999.0, -9999.00, 414.36, -9999.0, 1934.5, 71.0, 70.6, 0.203, 0.205
74000.0, 414.35, 414.35, 1933.7, 1933.9, -9999.0, 68.7, -9999.000, 0.198
74001.0, -9999.00, 414.36, -9999.0, 1933.9, 66.6, 66.8, -9999.000, 0.189
74002.0, 414.36, 414.36, -9999.0, 1934.0, -9999.0, 67.5, 0.182, 0.181
74003.0, -9999.00, 414.40, 1934.1, 1934.1, 68.8, 68.4, -9999.000, 0.178
74004.0, 414.46, 414.44, -9999.0, 1934.2, -9999.0, 69.6, 0.175, 0.175
74005.0, -9999.00, 414.43, 1934.2, 1934.2, -9999.0, 70.9, -9999.000, 0.172
74006.0, -9999.00, 414.39, -9999.0, 1934.0, 71.9, 71.2, 0.168, 0.169
74007.0, 414.36, 414.35, 1933.9, 1933.9, -9999.0, 67.8, -9999.000, 0.165
74008.0, -9999.00, 414.29, -9999.0, 1933.4, 63.8, 64.3, -9999.000, 0.158
74009.0, 414.23, 414.23, -9999.0, 1932.8, -9999.0, 65.0, 0.152, 0.151
74010.0, -9999.00, 414.26, 1932.5, 1932.5, 67.0, 66.4, -9999.000, 0.144
74011.0, 414.32, 414.30, -9999.0, 1932.5, -9999.0, 67.0, 0.136, 0.137
74012.0, -9999.00, 414.34, 1932.5, 1932.5, -9999.0, 67.0, -9999.000, 0.133
74013.0, -9999.00, 414.37, -9999.0, 1932.6, 67.0, 67.2, -9999.000, 0.130
74014.0, 414.39, 414.40, 1932.7, 1932.7, -9999.0, 68.3, 0.128, 0.126
74015.0, -9999.00, 414.42, -9999.0, 1932.8, 69.7, 69.5, -9999.000, 0.123
74016.0, 414.45, 414.45, -9999.0, 1932.9, -9999.0, 69.0, 0.120, 0.120
74017.0, -9999.00, 414.46, 1933.0, 1933.0, -9999.0, 68.0, -9999.000, 0.117
74018.0, 414.47, 414.47, -9999.0, 1933.0, 67.5, 66.4, 0.115, 0.115
74019.0, -9999.00, 414.49, 1933.0, 1933.0, -9999.0, 64.1, -9999.000, 0.113
74020.0, -9999.00, 414.52, -9999.0, 1933.0, 62.0, 62.1, -9999.000, 0.111
74021.0, 414.55, 414.55, 1933.1, 1933.1, -9999.0, 63.4, 0.110, 0.109
74022.0, -9999.00, 414.57, -9999.0, 1933.0, 65.0, 64.7, -9999.000, 0.107
74023.0, 414.59, 414.59, -9999.0, 1933.0, -9999.0, 66.7, 0.104, 0.104
74024.0, -9999.00, 414.58, 1932.9, 1933.0, -9999.0, 68.8, -9999.000, 0.102
74025.0, 414.55, 414.56, -9999.0, 1933.1, 69.9, 68.9, 0.100, 0.101
74026.0, -9999.00, 414.55, 1933.1, 1933.1, -9999.0, 66.6, -9999.000, 0.099
74027.0, -9999.00, 414.56, -9999.0, 1933.2, 64.6, 64.5, -9999.000, 0.098
74028.0, 414.56, 414.56, 1933.3, 1933.3, -9999.0, 63.9, 0.097, 0.097
74029.0, -9999.00, 414.54, -9999.0, 1933.3, 63.2, 63.3, -9999.000, 0.096
74030.0, 414.52, 414.52, -9999.0, 1933.2, -9999.0, 61.5, 0.095, 0.095
74031.0, -9999.00, 414.51, 1933.2, 1933.2, -9999.0, 59.4, -9999.000, 0.094
74032.0, 414.50, 414.51, -9999.0, 1933.2, 58.3, 59.3, 0.093, 0.093
74033.0, -9999.00, 414.53, 1933.2, 1933.2, -9999.0, 61.5, -9999.000, 0.092
74034.0, -9999.00, 414.57, -9999.0, 1933.1, 63.4, 63.4, -9999.000, 0.092
74035.0, 414.60, 414.60, 1933.1, 1933.1, -9999.0, 64.0, 0.091, 0.090
74036.0, -9999.00, 414.58, -9999.0, 1933.1, 64.8, 64.6, -9999.000, 0.089
74037.0, 414.55, 414.56, -9999.0, 1933.2, -9999.0, 63.2, 0.088, 0.087
74038.0, -9999.00, 414.55, 1933.3, 1933.3, -9999.0, 61.2, -9999.000, 0.087
74039.0, 414.54, 414.54, -9999.0, 1933.3, 60.1, 61.6, 0.087, 0.087
74040.0, -9999.00, 414.54, 1933.3, 1933.3, -9999.0, 64.7, -9999.000, 0.087
74041.0, -9999.00, 414.53, -9999.0, 1933.3, 67.4, 67.5, -9999.000, 0.087
74042.0, 414.53, 414.54, 1933.4, 1933.4, -9999.0, 68.5, 0.087, 0.087
74043.0, -9999.00, 414.57, -9999.0, 1933.4, 69.7, 69.5, -9999.000, 0.086
74044.0, 414.60, 414.60, -9999.0, 1933.4, -9999.0, 68.2, 0.086, 0.086
74045.0, -9999.00, 414.60, 1933.4, 1933.4, -9999.0, 66.4, -9999.000, 0.085
74046.0, 414.61, 414.61, -9999.0, 1933.4, 65.4, 64.6, 0.084, 0.084
74047.0, -9999.00, 414.62, 1933.4, 1933.4, -9999.0, 62.8, -9999.000, 0.084
74048.0, -9999.00, 414.66, -9999.0, 1933.3, 61.2, 61.4, -9999.000, 0.083
74049.0, 414.68, 414.68, 1933.2, 1933.3, -9999.0, 63.9, 0.083, 0.083
74050.0, -9999.00, 414.69, -9999.0, 1933.2, 67.0, 66.4, -9999.000, 0.082
74051.0, 414.70, 414.69, -9999.0, 1933.1, -9999.0, 65.7, 0.082, 0.081
74052.0, -9999.00, 414.73, 1933.1, 1933.1, -9999.0, 63.8, -9999.000, 0.081
74053.0, 414.80, 414.78, -9999.0, 1933.0, 62.7, 63.7, 0.080, 0.080
74054.0, -9999.00, 414.80, 1933.0, 1933.0, -9999.0, 65.9, -9999.000, 0.081
74055.0, -9999.00, 414.80, -9999.0, 1933.1, 67.9, 67.7, -9999.000, 0.081
74056.0, 414.81, 414.81, 1933.1, 1933.1, -9999.0, 65.7, 0.082, 0.081
74057.0, -9999.00, 414.81, -9999.0, 1933.1, 63.1, 63.6, -9999.000, 0.080
74058.0, 414.81, 414.81, -9999.0, 1932.9, -9999.0, 65.4, 0.079, 0.079
74059.0, -9999.00, 414.83, 1932.9, 1932.9, -9999.0, 68.6, -9999.000, 0.079
74060.0, -9999.00, 414.86, -9999.0, 1932.8, 70.5, 69.3, 0.079, 0.079
74061.0, 414.87, 414.86, 1932.8, 1932.8, -9999.0, 66.3, -9999.000, 0.078
74062.0, -9999.00, 414.85, -9999.0, 1932.7, 63.6, 63.7, -9999.000, 0.078
74063.0, 414.84, 414.85, 1932.5, 1932.6, -9999.0, 64.9, 0.077, 0.077
74064.0, -9999.00, 414.88, -9999.0, 1932.6, 66.4, 66.0, -9999.000, 0.077
74065.0, 414.92, 414.91, -9999.0, 1932.7, -9999.0, 66.1, 0.078, 0.077
74066.0, -9999.00, 414.94, 1932.7, 1932.7, -9999.0, 65.9, -9999.000, 0.077
74067.0, -9999.00, 414.95, -9999.0, 1932.8, 65.7, 65.2, 0.076, 0.076
74068.0, 414.96, 414.97, 1932.9, 1932.9, -9999.0, 64.1, -9999.000, 0.076
74069.0, -9999.00, 414.98, -9999.0, 1933.0, 62.9, 62.9, -9999.000, 0.075
74070.0, 414.99, 414.99, 1933.2, 1933.1, -9999.0, 63.7, 0.075, 0.075
74071.0, -9999.00, 415.00, -9999.0, 1933.2, 64.8, 64.5, -9999.000, 0.075
74072.0, 415.01, 415.01, -9999.0, 1933.3, -9999.0, 64.9, 0.075, 0.075
74073.0, -9999.00, 415.00, 1933.4, 1933.4, -9999.0, 65.1, -9999.000, 0.075
74074.0, -9999.00, 415.00, -9999.0, 1933.3, 65.2, 65.1, 0.074, 0.074
74075.0, 415.00, 414.99, 1933.2, 1933.2, -9999.0, 64.7, -9999.000, 0.074
74076.0, -9999.00, 414.96, -9999.0, 1933.2, 64.4, 64.4, -9999.000, 0.074
74077.0, 414.94, 414.94, 1933.2, 1933.2, -9999.0, 64.5, 0.074, 0.074
74078.0, -9999.00, 414.95, -9999.0, 1933.2, 64.6, 64.6, -9999.000, 0.074
74079.0, 414.96, 414.96, -9999.0, 1933.3, -9999.0, 66.1, 0.073, 0.073
74080.0, -9999.00, 414.97, 1933.3, 1933.3, -9999.0, 68.6, -9999.000, 0.073
74081.0, -9999.00, 414.99, -9999.0, 1933.4, 70.3, 69.4, 0.072, 0.073
74082.0, 415.00, 415.01, 1933.5, 1933.5, -9999.0, 66.6, -9999.000, 0.073
74083.0, -9999.00, 415.04, -9999.0, 1933.5, 63.6, 63.8, -9999.000, 0.073
74084.0, 415.07, 415.07, 1933.6, 1933.6, -9999.0, 66.0, 0.073, 0.073
74085.0, -9999.00, 415.12, -9999.0, 1933.7, 69.4, 68.4, -9999.000, 0.072
74086.0, 415.17, 415.16, -9999.0, 1933.7, -9999.0, 67.1, 0.072, 0.072
74087.0, -9999.00, 415.20, 1933.8, 1933.8, -9999.0, 63.5, -9999.000, 0.072
74088.0, -9999.00, 415.24, -9999.0, 1934.0, 60.9, 62.3, 0.072, 0.072
74089.0, 415.26, 415.26, 1934.2, 1934.2, -9999.0, 67.6, -9999.000, 0.072
74090.0, -9999.00, 415.24, -9999.0, 1934.1, 73.2, 72.8, -9999.000, 0.072
74091.0, 415.22, 415.22, 1933.9, 1934.0, -9999.0, 70.3, 0.072, 0.071
74092.0, -9999.00, 415.22, -9999.0, 1933.9, 65.9, 67.1, -9999.000, 0.071
74093.0, 415.22, 415.22, -9999.0, 1933.9, -9999.0, 66.5, 0.071, 0.071
74094.0, -9999.00, 415.24, 1933.9, 1933.9, -9999.0, 67.5, -9999.000, 0.071
74095.0, -9999.00, 415.28, -9999.0, 1934.1, 68.1, 68.9, 0.071, 0.071
