data/rawdat/flt20220904/NOAAPicarro-CO2-CH4-CO-H2O_N57_20220904_R0.ict
42, 1001
Jeff Peischl
NOAA ESRL Chemical Sciences Laboratory
Picarro 2401-m CO2/CH4/CO/H2O Analyzer
CalFiDE
1, 1
2022, 09, 04, 2023, 02, 15
1
TO_Time_UTC, seconds, UTC, seconds_past_midnight
8
1, 1, 1, 1, 1, 1, 1, 1
-9999, -9999, -9999, -9999, -9999, -9999, -9999, -9999
CO2_ppm, ppm, Gas_CO2_InSitu_S_DMF
CO2_i_ppm, ppm, Gas_CO2_InSitu_S_DMF
CH4_ppb, ppb, Gas_CH4_InSitu_S_DMF
CH4_i_ppb, ppb, Gas_CH4_InSitu_S_DMF
CO_ppb, ppb, Gas_CO_InSitu_S_DMF
CO_i_ppb, ppb, Gas_CO_InSitu_S_DMF
H2O_pct, percent, Gas_H2O_InSitu_S_DMF
H2O_i_pct, percent, Gas_H2O_InSitu_S_DMF
1
SPECIAL COMMENTS: N/A
19
PI_CONTACT_INFO: Address: NOAA Chemical Sciences Laboratory, Mail Stop R/CSL7, 325 Broadway, Boulder, CO  80305, email: jeff.peischl@noaa.gov
PLATFORM: NOAA Twin Otter N57RF
LOCATION: The aircraft was stationed in Sacramento, CA, and Redding, CA
ASSOCIATED_DATA: N/A
INSTRUMENT_INFO: Wavelength-Scanned Cavity Ringdown Spectrometry
DATA_INFO: Units: ppm: parts per million dry air mole fraction; ppb: parts per billion dry air mole fraction; pct: percent by volume 
UNCERTAINTY: CO2: ±(0.4 ppm + 1%), CH4: ±(0.4 ppb + 1%), CO: ±(6 ppb + 1%), H2O: ±(0.1 pct + 1%).
ULOD_FLAG: -7777
ULOD_VALUE: N/A
LLOD_FLAG: -8888
LLOD_VALUE: N/A
DM_CONTACT_INFO: Data Manager: Ken Aikin, kenneth.c.aikin@noaa.gov
PROJECT_INFO: CalFiDE dates of study: August 28 - September 26, 2022
STIPULATIONS_ON_USE: According to the NOAA data protocol. Users are should contact the PI for proper data usage.
OTHER_COMMENTS: Data are measured at irregular intervals. Data without _i_ in the header are rounded to the nearest second. Data with _i_ are interpolated onto each second.
REVISION: R0
R0: final data
RA: preliminary data
TO_Time_UTC, CO2_ppm, CO2_i_ppm, CH4_ppb, CH4_i_ppb, CO_ppb, CO_i_ppb, H2O_pct, H2O_i_pct
[from data line 19942]
94641.0, 415.74, 415.74, -9999.0, 1937.8, -9999.0, 72.6, 0.237, 0.237
94642.0, -9999.00, 415.75, 1937.8, 1937.8, -9999.0, 70.5, -9999.000, 0.238
94643.0, -9999.00, 415.77, -9999.0, 1937.7, 69.2, 70.2, 0.239, 0.239
94644.0, 415.78, 415.79, 1937.7, 1937.7, -9999.0, 72.8, -9999.000, 0.240
94645.0, -9999.00, 415.81, -9999.0, 1937.7, 75.2, 74.8, -9999.000, 0.240
94646.0, 415.83, 415.83, 1937.8, 1937.7, -9999.0, 71.2, 0.241, 0.241
94647.0, -9999.00, 415.85, -9999.0, 1937.9, 66.8, 67.6, -9999.000, 0.241
94648.0, 415.88, 415.87, -9999.0, 1938.1, -9999.0, 67.2, 0.240, 0.240
94649.0, -9999.00, 415.87, 1938.3, 1938.2, -9999.0, 67.7, -9999.000, 0.241
94650.0, 415.87, 415.87, -9999.0, 1938.0, 67.9, 68.7, 0.241, 0.241
94651.0, -9999.00, 415.89, 1937.8, 1937.8, -9999.0, 70.5, -9999.000, 0.240
94652.0, -9999.00, 415.93, -9999.0, 1937.7, 71.9, 71.8, -9999.000, 0.239
94653.0, 415.96, 415.96, 1937.5, 1937.5, -9999.0, 71.1, 0.238, 0.238
94654.0, -9999.00, 415.97, -9999.0, 1937.5, 70.3, 70.4, -9999.000, 0.236
94655.0, 415.99, 415.99, -9999.0, 1937.5, -9999.0, 71.4, 0.235, 0.235
94656.0, -9999.00, 415.98, 1937.5, 1937.6, 73.2, 72.6, -9999.000, 0.237
94657.0, 415.96, 415.97, -9999.0, 1938.0, -9999.0, 73.2, 0.240, 0.240
94658.0, -9999.00, 415.94, 1938.3, 1938.3, -9999.0, 73.3, -9999.000, 0.243
94659.0, -9999.00, 415.89, -9999.0, 1938.3, 73.4, 72.7, 0.248, 0.246
94660.0, 415.86, 415.85, 1938.4, 1938.4, -9999.0, 69.2, -9999.000, 0.249
94661.0, -9999.00, 415.84, -9999.0, 1938.5, 65.4, 65.8, -9999.000, 0.253
94662.0, 415.83, 415.83, -9999.0, 1938.7, -9999.0, 68.9, 0.255, 0.256
94663.0, -9999.00, 415.81, 1938.8, 1938.9, 74.4, 72.8, -9999.000, 0.258
94664.0, 415.78, 415.79, -9999.0, 1939.0, -9999.0, 73.6, 0.261, 0.260
94665.0, -9999.00, 415.76, 1939.1, 1939.1, -9999.0, 72.4, -9999.000, 0.262
94666.0, -9999.00, 415.72, -9999.0, 1938.9, 71.6, 72.2, 0.263, 0.263
94667.0, 415.69, 415.68, 1938.8, 1938.8, -9999.0, 74.3, -9999.000, 0.263
94668.0, -9999.00, 415.66, -9999.0, 1938.9, 76.3, 76.3, -9999.000, 0.263
94669.0, 415.64, 415.63, 1938.9, 1938.9, -9999.0, 74.8, 0.262, 0.263
94670.0, -9999.00, 415.61, -9999.0, 1938.8, 72.9, 73.3, -9999.000, 0.263
94671.0, 415.59, 415.60, -9999.0, 1938.7, -9999.0, 72.1, 0.264, 0.264
94672.0, -9999.00, 415.62, 1938.5, 1938.4, -9999.0, 71.0, -9999.000, 0.262
94673.0, -9999.00, 415.66, -9999.0, 1937.9, 70.3, 70.3, 0.260, 0.260
94674.0, 415.68, 415.69, 1937.3, 1937.3, -9999.0, 70.3, -9999.000, 0.257
94675.0, -9999.00, 415.72, -9999.0, 1937.3, 70.3, 70.2, -9999.000, 0.253
94676.0, 415.74, 415.74, 1937.3, 1937.3, -9999.0, 66.4, 0.251, 0.249
94677.0, -9999.00, 415.75, -9999.0, 1937.3, 61.6, 62.5, -9999.000, 0.246
94678.0, 415.77, 415.77, -9999.0, 1937.2, -9999.0, 65.0, 0.243, 0.243
94679.0, -9999.00, 415.79, 1937.1, 1937.2, -9999.0, 69.5, -9999.000, 0.242
94680.0, 415.83, 415.82, -9999.0, 1937.3, 71.8, 69.4, 0.240, 0.241
94681.0, -9999.00, 415.83, 1937.4, 1937.4, -9999.0, 64.3, -9999.000, 0.242
94682.0, -9999.00, 415.83, -9999.0, 1937.5, 60.2, 60.6, 0.246, 0.245
94683.0, 415.82, 415.83, 1937.5, 1937.5, -9999.0, 63.1, -9999.000, 0.246
94684.0, -9999.00, 415.85, -9999.0, 1937.6, 65.7, 65.5, -9999.000, 0.246
94685.0, 415.87, 415.87, -9999.0, 1937.6, -9999.0, 68.9, 0.246, 0.246
94686.0, -9999.00, 415.88, 1937.6, 1937.6, 73.9, 72.4, -9999.000, 0.247
94687.0, 415.89, 415.88, -9999.0, 1937.6, -9999.0, 72.2, 0.249, 0.249
94688.0, -9999.00, 415.90, 1937.6, 1937.6, -9999.0, 69.5, -9999.000, 0.249
94689.0, -9999.00, 415.93, -9999.0, 1937.9, 67.6, 68.0, 0.249, 0.249
94690.0, 415.94, 415.93, 1938.2, 1938.2, -9999.0, 69.4, -9999.000, 0.250
94691.0, -9999.00, 415.89, -9999.0, 1938.0, 70.8, 70.8, -9999.000, 0.252
94692.0, 415.85, 415.85, 1937.6, 1937.7, -9999.0, 69.0, 0.254, 0.253
94693.0, -9999.00, 415.87, -9999.0, 1937.6, 66.8, 67.3, -9999.000, 0.252
94694.0, 415.89, 415.89, -9999.0, 1937.5, -9999.0, 68.0, 0.251, 0.251
94695.0, -9999.00, 415.88, 1937.5, 1937.5, -9999.0, 69.7, -9999.000, 0.252
94696.0, 415.85, 415.86, -9999.0, 1937.7, 70.7, 70.6, 0.253, 0.253
94697.0, -9999.00, 415.84, 1937.8, 1937.8, -9999.0, 70.4, -9999.000, 0.254
94698.0, -9999.00, 415.83, -9999.0, 1937.9, 70.2, 70.2, -9999.000, 0.255
94699.0, 415.82, 415.81, 1938.1, 1938.1, -9999.0, 70.8, 0.256, 0.258
94700.0, -9999.00, 415.76, -9999.0, 1938.2, 71.5, 71.4, -9999.000, 0.261
94701.0, 415.71, 415.71, -9999.0, 1938.4, -9999.0, 70.0, 0.264, 0.265
94702.0, -9999.00, 415.68, 1938.5, 1938.5, 67.2, 68.1, -9999.000, 0.269
94703.0, 415.63, 415.65, -9999.0, 1938.6, -9999.0, 68.3, 0.273, 0.272
94704.0, -9999.00, 415.63, 1938.6, 1938.7, -9999.0, 70.5, -9999.000, 0.275
94705.0, -9999.00, 415.62, -9999.0, 1938.7, 72.2, 72.5, 0.278, 0.277
94706.0, 415.62, 415.61, 1938.8, 1938.8, -9999.0, 74.0, -9999.000, 0.280
94707.0, -9999.00, 415.61, -9999.0, 1938.9, 75.6, 75.5, -9999.000, 0.284
94708.0, 415.61, 415.61, 1939.0, 1939.0, -9999.0, 73.7, 0.287, 0.288
94709.0, -9999.00, 415.59, -9999.0, 1938.9, 70.9, 71.6, -9999.000, 0.291
94710.0, 415.57, 415.58, -9999.0, 1938.8, -9999.0, 69.5, 0.295, 0.295
94711.0, -9999.00, 415.54, 1938.7, 1938.7, -9999.0, 67.2, -9999.000, 0.298
94712.0, -9999.00, 415.48, -9999.0, 1938.7, 65.8, 67.3, 0.302, 0.301
94713.0, 415.46, 415.45, 1938.7, 1938.7, -9999.0, 71.8, -9999.000, 0.304
94714.0, -9999.00, 415.45, -9999.0, 1939.0, 76.0, 75.9, -9999.000, 0.307
94715.0, 415.45, 415.44, 1939.4, 1939.3, -9999.0, 74.7, 0.308, 0.309
94716.0, -9999.00, 415.42, -9999.0, 1939.4, 73.3, 73.5, -9999.000, 0.311
94717.0, 415.40, 415.40, -9999.0, 1939.6, -9999.0, 73.9, 0.313, 0.314
94718.0, -9999.00, 415.37, 1939.6, 1939.6, -9999.0, 74.7, -9999.000, 0.315
94719.0, 415.31, 415.33, -9999.0, 1939.6, 75.0, 76.5, 0.317, 0.317
94720.0, -9999.00, 415.30, 1939.6, 1939.6, -9999.0, 79.4, -9999.000, 0.318
94721.0, -9999.00, 415.27, -9999.0, 1939.5, 81.8, 81.2, 0.318, 0.318
94722.0, 415.26, 415.27, 1939.3, 1939.3, -9999.0, 78.3, -9999.000, 0.318
94723.0, -9999.00, 415.31, -9999.0, 1939.0, 75.1, 75.5, -9999.000, 0.317
94724.0, 415.35, 415.35, -9999.0, 1938.7, -9999.0, 74.8, 0.317, 0.317
94725.0, -9999.00, 415.37, 1938.5, 1938.5, 74.2, 74.4, -9999.000, 0.315
94726.0, 415.39, 415.39, -9999.0, 1938.4, -9999.0, 73.4, 0.313, 0.313
94727.0, -9999.00, 415.41, 1938.4, 1938.4, -9999.0, 71.9, -9999.000, 0.312
94728.0, -9999.00, 415.45, -9999.0, 1938.3, 70.9, 70.4, 0.312, 0.312
94729.0, 415.47, 415.50, 1938.1, 1938.1, -9999.0, 68.5, -9999.000, 0.309
94730.0, -9999.00, 415.59, -9999.0, 1938.0, 66.5, 66.6, -9999.000, 0.303
94731.0, 415.68, 415.68, 1937.7, 1937.8, -9999.0, 70.4, 0.299, 0.297
94732.0, -9999.00, 415.77, -9999.0, 1937.7, 75.7, 74.4, -9999.000, 0.290
94733.0, 415.87, 415.85, -9999.0, 1937.8, -9999.0, 74.6, 0.283, 0.283
94734.0, -9999.00, 415.92, 1937.8, 1937.8, -9999.0, 73.0, -9999.000, 0.278
94735.0, -9999.00, 415.98, -9999.0, 1937.7, 71.9, 71.1, 0.271, 0.272
94736.0, 416.02, 416.02, 1937.7, 1937.7, -9999.0, 68.9, -9999.000, 0.270
94737.0, -9999.00, 416.01, -9999.0, 1937.7, 66.9, 67.2, -9999.000, 0.268
94738.0, 416.01, 416.01, 1937.8, 1937.8, -9999.0, 70.2, 0.267, 0.266
94739.0, -9999.00, 416.01, -9999.0, 1937.9, 73.9, 73.3, -9999.000, 0.263
94740.0, 416.01, 416.01, -9999.0, 1937.9, -9999.0, 73.8, 0.261, 0.260
94741.0, -9999.00, 416.04, 1937.9, 1938.0, 73.7, 73.7, -9999.000, 0.258
94742.0, 416.10, 416.08, -9999.0, 1938.0, -9999.0, 73.1, 0.256, 0.256
94743.0, -9999.00, 416.07, 1938.1, 1938.1, -9999.0, 72.0, -9999.000, 0.256
94744.0, -9999.00, 416.03, -9999.0, 1938.1, 71.1, 71.4, 0.256, 0.256
94745.0, 416.00, 416.02, 1938.0, 1938.0, -9999.0, 73.1, -9999.000, 0.254
94746.0, -9999.00, 416.08, -9999.0, 1938.0, 74.8, 74.7, -9999.000, 0.249
94747.0, 416.14, 416.14, 1937.9, 1937.9, -9999.0, 72.4, 0.246, 0.245
94748.0, -9999.00, 416.18, -9999.0, 1937.9, 68.9, 69.8, -9999.000, 0.241
94749.0, 416.22, 416.21, -9999.0, 1937.8, -9999.0, 71.3, 0.238, 0.238
94750.0, -9999.00, 416.24, 1937.7, 1937.7, -9999.0, 75.1, -9999.000, 0.234
94751.0, -9999.00, 416.26, -9999.0, 1937.9, 77.6, 76.7, 0.229, 0.230
94752.0, 416.27, 416.25, 1938.1, 1938.0, -9999.0, 73.8, -9999.000, 0.231
94753.0, -9999.00, 416.22, -9999.0, 1938.0, 71.0, 71.0, -9999.000, 0.235
94754.0, 416.19, 416.19, 1937.9, 1937.9, -9999.0, 70.3, 0.237, 0.236
94755.0, -9999.00, 416.19, -9999.0, 1937.9, 69.4, 69.6, -9999.000, 0.232
94756.0, 416.20, 416.20, -9999.0, 1937.8, -9999.0, 71.0, 0.229, 0.229
94757.0, -9999.00, 416.24, 1937.8, 1937.8, -9999.0, 73.3, -9999.000, 0.227
94758.0, 416.30, 416.28, -9999.0, 1938.0, 74.6, 73.8, 0.224, 0.225
94759.0, -9999.00, 416.28, 1938.1, 1938.1, -9999.0, 71.8, -9999.000, 0.225
94760.0, -9999.00, 416.24, -9999.0, 1938.1, 70.0, 69.9, -9999.000, 0.226
94761.0, 416.20, 416.21, 1938.2, 1938.2, -9999.0, 69.3, 0.227, 0.227
94762.0, -9999.00, 416.22, -9999.0, 1938.1, 68.4, 68.6, -9999.000, 0.228
94763.0, 416.24, 416.24, -9999.0, 1938.1, -9999.0, 69.2, 0.228, 0.228
94764.0, -9999.00, 416.24, 1938.0, 1938.0, -9999.0, 70.3, -9999.000, 0.226
94765.0, 416.23, 416.23, -9999.0, 1938.1, 70.8, 70.8, 0.223, 0.224
94766.0, -9999.00, 416.20, 1938.1, 1938.1, -9999.0, 70.9, -9999.000, 0.223
94767.0, -9999.00, 416.15, -9999.0, 1938.4, 70.9, 71.5, -9999.000, 0.223
94768.0, 416.11, 416.10, 1938.7, 1938.6, -9999.0, 75.1, 0.223, 0.226
94769.0, -9999.00, 416.03, -9999.0, 1938.8, 79.2, 78.7, -9999.000, 0.231
94770.0, 415.95, 415.96, -9999.0, 1938.9, -9999.0, 75.3, 0.236, 0.237
94771.0, -9999.00, 415.95, 1938.9, 1938.9, 68.6, 70.7, -9999.000, 0.240
94772.0, 415.96, 415.95, -9999.0, 1938.8, -9999.0, 67.5, 0.243, 0.243
94773.0, -9999.00, 415.94, 1938.7, 1938.7, -9999.0, 65.6, -9999.000, 0.245
94774.0, -9999.00, 415.92, -9999.0, 1938.6, 64.1, 65.1, 0.247, 0.246
94775.0, 415.90, 415.90, 1938.5, 1938.5, -9999.0, 69.5, -9999.000, 0.248
94776.0, -9999.00, 415.90, -9999.0, 1938.6, 74.1, 73.9, -9999.000, 0.250
94777.0, 415.90, 415.89, 1938.8, 1938.7, -9999.0, 74.3, 0.251, 0.251
94778.0, -9999.00, 415.85, -9999.0, 1938.8, 74.7, 74.6, -9999.000, 0.253
94779.0, 415.80, 415.81, -9999.0, 1938.9, -9999.0, 74.0, 0.256, 0.256
94780.0, -9999.00, 415.78, 1938.9, 1938.9, -9999.0, 73.0, -9999.000, 0.257
94781.0, -9999.00, 415.75, -9999.0, 1938.9, 72.4, 72.1, 0.259, 0.259
94782.0, 415.73, 415.71, 1938.9, 1938.9, -9999.0, 71.5, -9999.000, 0.262
94783.0, -9999.00, 415.67, -9999.0, 1938.8, 70.9, 70.8, -9999.000, 0.266
94784.0, 415.63, 415.63, 1938.8, 1938.8, -9999.0, 69.0, 0.268, 0.269
94785.0, -9999.00, 415.63, -9999.0, 1938.7, 66.9, 67.3, -9999.000, 0.270
94786.0, 415.64, 415.64, -9999.0, 1938.6, -9999.0, 68.5, 0.272, 0.272
94787.0, -9999.00, 415.62, 1938.5, 1938.5, -9999.0, 70.6, -9999.000, 0.273
94788.0, 415.58, 415.59, -9999.0, 1938.6, 71.7, 70.6, 0.274, 0.274
94789.0, -9999.00, 415.59, 1938.6, 1938.6, -9999.0, 68.1, -9999.000, 0.275
94790.0, -9999.00, 415.59, -9999.0, 1938.7, 66.0, 66.2, -9999.000, 0.275
94791.0, 415.59, 415.60, 1938.8, 1938.7, -9999.0, 68.3, 0.275, 0.275
94792.0, -9999.00, 415.60, -9999.0, 1938.7, 70.8, 70.4, -9999.000, 0.274
94793.0, 415.60, 415.60, -9999.0, 1938.7, -9999.0, 69.5, 0.273, 0.273
94794.0, -9999.00, 415.59, 1938.7, 1938.7, 67.3, 68.0, -9999.000, 0.273
94795.0, 415.57, 415.58, -9999.0, 1938.8, -9999.0, 69.6, 0.273, 0.273
94796.0, -9999.00, 415.57, 1938.8, 1938.8, -9999.0, 74.0, -9999.000, 0.274
94797.0, -9999.00, 415.56, -9999.0, 1938.8, 77.2, 76.4, 0.277, 0.276
94798.0, 415.56, 415.55, 1938.8, 1938.8, -9999.0, 73.2, -9999.000, 0.277
94799.0, -9999.00, 415.52, -9999.0, 1938.7, 69.9, 70.0, -9999.000, 0.278
94800.0, 415.50, 415.50, 1938.4, 1938.5, -9999.0, 70.3, 0.278, 0.278
94801.0, -9999.00, 415.51, -9999.0, 1938.5, 70.9, 70.8, -9999.000, 0.277
94802.0, 415.52, 415.52, -9999.0, 1938.6, -9999.0, 71.5, 0.275, 0.275
94803.0, -9999.00, 415.50, 1938.6, 1938.7, -9999.0, 72.4, -9999.000, 0.274
94804.0, -9999.00, 415.48, -9999.0, 1938.7, 73.0, 72.7, 0.273, 0.273
94805.0, 415.46, 415.47, 1938.7, 1938.7, -9999.0, 71.7, -9999.000, 0.273
94806.0, -9999.00, 415.49, -9999.0, 1938.6, 70.9, 70.8, -9999.000, 0.273
94807.0, 415.50, 415.50, 1938.4, 1938.5, -9999.0, 69.3, 0.273, 0.273
94808.0, -9999.00, 415.55, -9999.0, 1938.4, 67.5, 67.9, -9999.000, 0.273
94809.0, 415.59, 415.59, -9999.0, 1938.4, -9999.0, 68.0, 0.273, 0.272
94810.0, -9999.00, 415.62, 1938.5, 1938.5, -9999.0, 68.5, -9999.000, 0.272
94811.0, 415.68, 415.66, -9999.0, 1938.6, 68.8, 68.8, 0.271, 0.271
94812.0, -9999.00, 415.70, 1938.6, 1938.6, -9999.0, 68.7, -9999.000, 0.271
94813.0, -9999.00, 415.73, -9999.0, 1938.6, 68.6, 68.6, 0.271, 0.271
94814.0, 415.75, 415.76, 1938.6, 1938.6, -9999.0, 68.6, -9999.000, 0.270
94815.0, -9999.00, 415.79, -9999.0, 1938.6, 68.6, 68.6, -9999.000, 0.270
94816.0, 415.82, 415.82, -9999.0, 1938.5, -9999.0, 69.7, 0.269, 0.269
94817.0, -9999.00, 415.82, 1938.5, 1938.5, 71.4, 70.9, -9999.000, 0.268
94818.0, 415.82, 415.82, -9999.0, 1938.5, -9999.0, 73.0, 0.267, 0.267
94819.0, -9999.00, 415.85, 1938.5, 1938.5, -9999.0, 75.8, -9999.000, 0.267
94820.0, -9999.00, 415.88, -9999.0, 1938.4, 77.9, 77.6, 0.266, 0.266
94821.0, 415.90, 415.90, 1938.2, 1938.3, -9999.0, 76.7, -9999.000, 0.265
94822.0, -9999.00, 415.89, -9999.0, 1938.3, 75.7, 75.7, -9999.000, 0.264
94823.0, 415.88, 415.88, 1938.4, 1938.4, -9999.0, 72.4, 0.263, 0.263
94824.0, -9999.00, 415.89, -9999.0, 1938.4, 68.1, 69.1, -9999.000, 0.263
94825.0, 415.89, 415.89, -9999.0, 1938.4, -9999.0, 69.7, 0.262, 0.262
94826.0, -9999.00, 415.87, 1938.4, 1938.4, -9999.0, 72.0, -9999.000, 0.262
94827.0, 415.83, 415.84, -9999.0, 1938.5, 73.3, 72.8, 0.261, 0.261
94828.0, -9999.00, 415.84, 1938.5, 1938.5, -9999.0, 71.6, -9999.000, 0.262
94829.0, -9999.00, 415.85, -9999.0, 1938.6, 70.5, 70.4, -9999.000, 0.263
94830.0, 415.85, 415.86, 1938.7, 1938.7, -9999.0, 70.1, 0.263, 0.263
94831.0, -9999.00, 415.87, -9999.0, 1938.8, 69.7, 69.8, -9999.000, 0.262
94832.0, 415.89, 415.89, -9999.0, 1938.8, -9999.0, 70.5, 0.261, 0.262
94833.0, -9999.00, 415.88, 1938.8, 1938.8, 72.0, 71.6, -9999.000, 0.262
94834.0, 415.86, 415.87, -9999.0, 1938.6, -9999.0, 71.2, 0.263, 0.263
94835.0, -9999.00, 415.85, 1938.6, 1938.6, -9999.0, 69.7, -9999.000, 0.262
94836.0, -9999.00, 415.84, -9999.0, 1938.6, 68.4, 68.9, 0.262, 0.262
94837.0, 415.83, 415.83, 1938.6, 1938.6, -9999.0, 71.4, -9999.000, 0.262
94838.0, -9999.00, 415.83, -9999.0, 1938.6, 74.0, 73.8, -9999.000, 0.263
94839.0, 415.83, 415.83, 1938.8, 1938.7, -9999.0, 74.0, 0.263, 0.263
94840.0, -9999.00, 415.82, -9999.0, 1938.8, 74.0, 74.0, -9999.000, 0.265
94841.0, 415.81, 415.82, -9999.0, 1938.9, -9999.0, 73.0, 0.267, 0.267
94842.0, -9999.00, 415.81, 1938.9, 1938.9, -9999.0, 71.2, -9999.000, 0.268
94843.0, -9999.00, 415.82, -9999.0, 1938.8, 70.0, 69.3, 0.270, 0.269
94844.0, 415.82, 415.82, 1938.8, 1938.8, -9999.0, 66.7, -9999.000, 0.269
94845.0, -9999.00, 415.81, -9999.0, 1938.9, 64.0, 64.1, -9999.000, 0.267
94846.0, 415.80, 415.80, 1939.0, 1939.0, -9999.0, 67.0, 0.266, 0.267
94847.0, -9999.00, 415.75, -9999.0, 1938.9, 71.0, 70.0, -9999.000, 0.268
94848.0, 415.69, 415.71, -9999.0, 1938.7, -9999.0, 71.7, 0.270, 0.270
94849.0, -9999.00, 415.68, 1938.5, 1938.6, -9999.0, 72.7, -9999.000, 0.269
94850.0, -9999.00, 415.67, -9999.0, 1938.8, 73.4, 73.8, 0.267, 0.268
94851.0, 415.66, 415.66, 1939.1, 1939.0, -9999.0, 75.0, -9999.000, 0.268
94852.0, -9999.00, 415.64, -9999.0, 1938.9, 76.2, 76.2, -9999.000, 0.269
94853.0, 415.63, 415.63, 1938.8, 1938.8, -9999.0, 75.0, 0.269, 0.269
94854.0, -9999.00, 415.62, -9999.0, 1938.8, 73.5, 73.9, -9999.000, 0.269
94855.0, 415.61, 415.61, -9999.0, 1938.8, -9999.0, 72.8, 0.269, 0.269
94856.0, -9999.00, 415.63, 1938.7, 1938.7, -9999.0, 71.8, -9999.000, 0.267
94857.0, 415.65, 415.65, -9999.0, 1938.7, 71.2, 70.0, 0.266, 0.266
94858.0, -9999.00, 415.68, 1938.6, 1938.6, -9999.0, 67.2, -9999.000, 0.265
94859.0, -9999.00, 415.72, -9999.0, 1938.6, 64.7, 65.1, -9999.000, 0.264
94860.0, 415.75, 415.76, 1938.7, 1938.7, -9999.0, 67.9, 0.263, 0.263
94861.0, -9999.00, 415.79, -9999.0, 1938.7, 71.3, 70.8, -9999.000, 0.264
94862.0, 415.83, 415.82, -9999.0, 1938.7, -9999.0, 70.1, 0.264, 0.264
