data/rawdat/flt20220904/NOAAPicarro-CO2-CH4-CO-H2O_N57_20220904_R0.ict
42, 1001
Jeff Peischl
NOAA ESRL Chemical Sciences Laboratory
Picarro 2401-m CO2/CH4/CO/H2O Analyzer
CalFiDE
1, 1
2022, 09, 04, 2023, 02, 15
1
TO_Time_UTC, seconds, UTC, seconds_past_midnight
8
1, 1, 1, 1, 1, 1, 1, 1
-9999, -9999, -9999, -9999, -9999, -9999, -9999, -9999
CO2_ppm, ppm, Gas_CO2_InSitu_S_DMF
CO2_i_ppm, ppm, Gas_CO2_InSitu_S_DMF
CH4_ppb, ppb, Gas_CH4_InSitu_S_DMF
CH4_i_ppb, ppb, Gas_CH4_InSitu_S_DMF
CO_ppb, ppb, Gas_CO_InSitu_S_DMF
CO_i_ppb, ppb, Gas_CO_InSitu_S_DMF
H2O_pct, percent, Gas_H2O_InSitu_S_DMF
H2O_i_pct, percent, Gas_H2O_InSitu_S_DMF
1
SPECIAL COMMENTS: N/A
19
PI_CONTACT_INFO: Address: NOAA Chemical Sciences Laboratory, Mail Stop R/CSL7, 325 Broadway, Boulder, CO  80305, email: jeff.peischl@noaa.gov
PLATFORM: NOAA Twin Otter N57RF
LOCATION: The aircraft was stationed in Sacramento, CA, and Redding, CA
ASSOCIATED_DATA: N/A
INSTRUMENT_INFO: Wavelength-Scanned Cavity Ringdown Spectrometry
DATA_INFO: Units: ppm: parts per million dry air mole fraction; ppb: parts per billion dry air mole fraction; pct: percent by volume 
UNCERTAINTY: CO2: ±(0.4 ppm + 1%), CH4: ±(0.4 ppb + 1%), CO: ±(6 ppb + 1%), H2O: ±(0.1 pct + 1%).
ULOD_FLAG: -7777
ULOD_VALUE: N/A
LLOD_FLAG: -8888
LLOD_VALUE: N/A
DM_CONTACT_INFO: Data Manager: Ken Aikin, kenneth.c.aikin@noaa.gov
PROJECT_INFO: CalFiDE dates of study: August 28 - September 26, 2022
STIPULATIONS_ON_USE: According to the NOAA data protocol. Users are should contact the PI for proper data usage.
OTHER_COMMENTS: Data are measured at irregular intervals. Data without _i_ in the header are rounded to the nearest second. Data with _i_ are interpolated onto each second.
REVISION: R0
R0: final data
RA: preliminary data
TO_Time_UTC, CO2_ppm, CO2_i_ppm, CH4_ppb, CH4_i_ppb, CO_ppb, CO_i_ppb, H2O_pct, H2O_i_pct
[from data line 26621]
101320.0, -9999.00, 412.55, 1927.0, 1926.8, 83.7, 84.8, -9999.000, 0.672
101321.0, 412.58, 412.57, -9999.0, 1926.4, -9999.0, 84.3, 0.672, 0.672
101322.0, -9999.00, 412.61, 1926.0, 1925.9, -9999.0, 85.2, -9999.000, 0.671
101323.0, -9999.00, 412.66, -9999.0, 1925.2, 85.9, 86.3, 0.669, 0.670
101324.0, 412.69, 412.71, 1924.3, 1924.4, -9999.0, 87.8, -9999.000, 0.666
101325.0, -9999.00, 412.74, -9999.0, 1924.6, 89.5, 89.4, -9999.000, 0.661
101326.0, 412.78, 412.78, 1925.3, 1925.1, -9999.0, 89.4, 0.657, 0.657
101327.0, -9999.00, 412.77, -9999.0, 1924.9, 89.3, 89.3, -9999.000, 0.655
101328.0, 412.77, 412.77, -9999.0, 1924.2, -9999.0, 88.3, 0.654, 0.654
101329.0, -9999.00, 412.77, 1923.6, 1923.6, -9999.0, 86.8, -9999.000, 0.650
101330.0, -9999.00, 412.78, -9999.0, 1923.6, 85.8, 86.0, 0.646, 0.647
101331.0, 412.78, 412.76, 1923.5, 1923.5, -9999.0, 86.6, -9999.000, 0.643
101332.0, -9999.00, 412.72, -9999.0, 1923.0, 87.2, 87.2, -9999.000, 0.639
101333.0, 412.69, 412.70, 1922.2, 1922.4, -9999.0, 87.1, 0.637, 0.635
101334.0, -9999.00, 412.75, -9999.0, 1922.2, 87.0, 87.0, -9999.000, 0.631
101335.0, 412.80, 412.80, -9999.0, 1922.3, -9999.0, 89.0, 0.627, 0.626
101336.0, -9999.00, 412.78, 1922.4, 1922.5, -9999.0, 91.4, -9999.000, 0.625
101337.0, 412.73, 412.74, -9999.0, 1922.8, 92.7, 91.2, 0.623, 0.623
101338.0, -9999.00, 412.71, 1923.1, 1923.2, -9999.0, 88.0, -9999.000, 0.626
101339.0, -9999.00, 412.66, -9999.0, 1924.0, 85.4, 85.6, 0.632, 0.630
101340.0, 412.64, 412.64, 1925.1, 1924.9, -9999.0, 86.6, -9999.000, 0.636
101341.0, -9999.00, 412.65, -9999.0, 1925.6, 87.7, 87.6, -9999.000, 0.643
101342.0, 412.66, 412.66, -9999.0, 1926.3, -9999.0, 89.1, 0.649, 0.650
101343.0, -9999.00, 412.63, 1926.7, 1926.6, 91.1, 90.6, -9999.000, 0.655
101344.0, 412.61, 412.61, -9999.0, 1926.6, -9999.0, 91.3, 0.661, 0.661
101345.0, -9999.00, 412.60, 1926.6, 1926.6, -9999.0, 91.5, -9999.000, 0.664
101346.0, -9999.00, 412.58, -9999.0, 1926.5, 91.7, 91.6, 0.667, 0.666
101347.0, 412.57, 412.57, 1926.5, 1926.5, -9999.0, 91.3, -9999.000, 0.668
101348.0, -9999.00, 412.58, -9999.0, 1926.6, 91.0, 91.1, -9999.000, 0.669
101349.0, 412.58, 412.59, 1926.9, 1926.8, -9999.0, 92.4, 0.670, 0.671
101350.0, -9999.00, 412.59, -9999.0, 1927.0, 94.1, 93.7, -9999.000, 0.675
101351.0, 412.59, 412.59, -9999.0, 1927.3, -9999.0, 91.5, 0.678, 0.679
101352.0, -9999.00, 412.60, 1927.4, 1927.4, -9999.0, 88.0, -9999.000, 0.683
101353.0, 412.61, 412.61, -9999.0, 1927.3, 86.1, 88.3, 0.687, 0.687
101354.0, -9999.00, 412.63, 1927.3, 1927.3, -9999.0, 92.9, -9999.000, 0.689
101355.0, -9999.00, 412.67, -9999.0, 1927.5, 96.9, 96.6, -9999.000, 0.691
101356.0, 412.69, 412.70, 1927.6, 1927.6, -9999.0, 94.9, 0.692, 0.693
101357.0, -9999.00, 412.71, -9999.0, 1927.6, 93.0, 93.2, -9999.000, 0.696
101358.0, 412.72, 412.72, -9999.0, 1927.6, -9999.0, 94.1, 0.698, 0.699
101359.0, -9999.00, 412.76, 1927.6, 1927.6, 96.1, 95.5, -9999.000, 0.701
101360.0, 412.83, 412.81, -9999.0, 1927.5, -9999.0, 95.4, 0.704, 0.704
101361.0, -9999.00, 412.85, 1927.5, 1927.5, -9999.0, 94.0, -9999.000, 0.707
101362.0, -9999.00, 412.89, -9999.0, 1927.5, 93.0, 93.6, 0.713, 0.711
101363.0, 412.92, 412.93, 1927.6, 1927.6, -9999.0, 95.7, -9999.000, 0.714
101364.0, -9999.00, 412.94, -9999.0, 1927.5, 98.1, 97.9, -9999.000, 0.717
101365.0, 412.95, 412.95, 1927.4, 1927.4, -9999.0, 96.2, 0.720, 0.720
101366.0, -9999.00, 413.00, -9999.0, 1927.4, 93.5, 94.3, -9999.000, 0.722
101367.0, 413.06, 413.04, -9999.0, 1927.5, -9999.0, 94.6, 0.724, 0.724
101368.0, -9999.00, 413.06, 1927.5, 1927.4, -9999.0, 96.3, -9999.000, 0.728
101369.0, -9999.00, 413.06, -9999.0, 1927.3, 97.6, 97.5, 0.732, 0.731
101370.0, 413.06, 413.06, 1927.1, 1927.1, -9999.0, 97.4, -9999.000, 0.733
101371.0, -9999.00, 413.06, -9999.0, 1927.1, 97.3, 97.3, -9999.000, 0.734
101372.0, 413.06, 413.05, 1927.1, 1927.1, -9999.0, 96.2, 0.735, 0.735
101373.0, -9999.00, 413.03, -9999.0, 1926.9, 94.7, 95.0, -9999.000, 0.735
101374.0, 412.99, 413.00, -9999.0, 1926.7, -9999.0, 97.3, 0.735, 0.735
101375.0, -9999.00, 412.98, 1926.6, 1926.5, -9999.0, 101.0, -9999.000, 0.736
101376.0, -9999.00, 412.96, -9999.0, 1926.2, 103.2, 103.1, 0.737, 0.737
101377.0, 412.95, 412.95, 1925.9, 1925.9, -9999.0, 102.8, -9999.000, 0.737
101378.0, -9999.00, 412.93, -9999.0, 1926.1, 102.6, 102.2, -9999.000, 0.737
101379.0, 412.92, 412.92, 1926.3, 1926.3, -9999.0, 97.4, 0.737, 0.737
101380.0, -9999.00, 412.92, -9999.0, 1926.3, 91.6, 92.6, -9999.000, 0.737
101381.0, 412.91, 412.91, -9999.0, 1926.2, -9999.0, 93.2, 0.737, 0.737
101382.0, -9999.00, 412.90, 1926.2, 1926.2, 96.1, 95.2, -9999.000, 0.737
101383.0, 412.89, 412.89, -9999.0, 1926.1, -9999.0, 95.0, 0.737, 0.737
101384.0, -9999.00, 412.89, 1926.0, 1926.0, -9999.0, 92.8, -9999.000, 0.737
101385.0, -9999.00, 412.89, -9999.0, 1926.0, 91.1, 91.3, 0.736, 0.737
101386.0, 412.89, 412.90, 1926.1, 1926.1, -9999.0, 92.0, -9999.000, 0.737
101387.0, -9999.00, 412.92, -9999.0, 1926.2, 92.9, 92.8, -9999.000, 0.738
101388.0, 412.95, 412.95, -9999.0, 1926.3, -9999.0, 95.9, 0.739, 0.739
101389.0, -9999.00, 412.97, 1926.4, 1926.3, 100.7, 99.3, -9999.000, 0.738
101390.0, 412.99, 412.99, -9999.0, 1926.1, -9999.0, 98.7, 0.737, 0.737
101391.0, -9999.00, 413.00, 1926.0, 1925.9, -9999.0, 95.2, -9999.000, 0.738
101392.0, -9999.00, 413.00, -9999.0, 1925.5, 92.9, 92.4, 0.738, 0.738
101393.0, 413.00, 413.00, 1925.1, 1925.2, -9999.0, 91.0, -9999.000, 0.737
101394.0, -9999.00, 413.00, -9999.0, 1925.2, 89.7, 89.9, -9999.000, 0.735
101395.0, 413.00, 413.00, 1925.2, 1925.2, -9999.0, 93.3, 0.735, 0.734
101396.0, -9999.00, 413.00, -9999.0, 1925.3, 97.5, 96.6, -9999.000, 0.733
101397.0, 413.00, 413.00, -9999.0, 1925.4, -9999.0, 96.2, 0.732, 0.732
101398.0, -9999.00, 412.99, 1925.5, 1925.5, -9999.0, 94.4, -9999.000, 0.733
101399.0, 412.98, 412.98, -9999.0, 1925.5, 93.4, 92.2, 0.733, 0.733
101400.0, -9999.00, 412.97, 1925.4, 1925.4, -9999.0, 89.3, -9999.000, 0.733
101401.0, -9999.00, 412.95, -9999.0, 1925.5, 86.8, 87.3, -9999.000, 0.734
101402.0, 412.94, 412.94, 1925.5, 1925.5, -9999.0, 91.2, 0.735, 0.735
101403.0, -9999.00, 412.93, -9999.0, 1925.6, 95.7, 95.1, -9999.000, 0.735
101404.0, 412.93, 412.93, -9999.0, 1925.8, -9999.0, 93.7, 0.736, 0.736
101405.0, -9999.00, 412.93, 1925.8, 1925.7, 90.2, 91.2, -9999.000, 0.735
101406.0, 412.93, 412.93, -9999.0, 1925.5, -9999.0, 90.7, 0.735, 0.735
101407.0, -9999.00, 412.92, 1925.3, 1925.2, -9999.0, 91.8, -9999.000, 0.735
101408.0, -9999.00, 412.90, -9999.0, 1925.1, 92.5, 93.6, 0.734, 0.734
101409.0, 412.89, 412.89, 1924.9, 1924.9, -9999.0, 97.3, -9999.000, 0.733
101410.0, -9999.00, 412.90, -9999.0, 1924.9, 100.8, 100.7, -9999.000, 0.731
101411.0, 412.91, 412.91, 1925.0, 1925.0, -9999.0, 96.7, 0.730, 0.730
101412.0, -9999.00, 412.92, -9999.0, 1925.1, 91.7, 92.7, -9999.000, 0.730
101413.0, 412.92, 412.92, -9999.0, 1925.1, -9999.0, 91.7, 0.730, 0.730
101414.0, -9999.00, 412.92, 1925.1, 1925.2, -9999.0, 91.7, -9999.000, 0.730
101415.0, 412.90, 412.91, -9999.0, 1925.2, 91.8, 92.3, 0.731, 0.731
101416.0, -9999.00, 412.90, 1925.2, 1925.2, -9999.0, 93.6, -9999.000, 0.731
101417.0, -9999.00, 412.89, -9999.0, 1925.1, 94.6, 94.5, -9999.000, 0.731
101418.0, 412.89, 412.89, 1925.1, 1925.1, -9999.0, 93.6, 0.731, 0.732
101419.0, -9999.00, 412.88, -9999.0, 1925.2, 92.7, 92.8, -9999.000, 0.732
101420.0, 412.88, 412.88, -9999.0, 1925.3, -9999.0, 92.1, 0.733, 0.733
101421.0, -9999.00, 412.89, 1925.3, 1925.3, 91.2, 91.5, -9999.000, 0.733
101422.0, 412.91, 412.91, -9999.0, 1925.1, -9999.0, 91.7, 0.732, 0.732
101423.0, -9999.00, 412.91, 1925.0, 1925.0, -9999.0, 92.6, -9999.000, 0.732
101424.0, -9999.00, 412.91, -9999.0, 1925.2, 93.2, 93.5, 0.731, 0.731
101425.0, 412.91, 412.91, 1925.4, 1925.4, -9999.0, 94.6, -9999.000, 0.731
101426.0, -9999.00, 412.91, -9999.0, 1925.3, 95.8, 95.7, -9999.000, 0.732
101427.0, 412.91, 412.91, -9999.0, 1925.3, -9999.0, 94.7, 0.733, 0.733
101428.0, -9999.00, 412.90, 1925.2, 1925.2, 93.1, 93.6, -9999.000, 0.732
101429.0, 412.88, 412.88, -9999.0, 1925.3, -9999.0, 93.1, 0.732, 0.732
101430.0, -9999.00, 412.90, 1925.4, 1925.4, -9999.0, 93.2, -9999.000, 0.731
101431.0, -9999.00, 412.93, -9999.0, 1925.3, 93.3, 93.4, 0.730, 0.731
101432.0, 412.95, 412.95, 1925.2, 1925.2, -9999.0, 94.0, -9999.000, 0.730
101433.0, -9999.00, 412.97, -9999.0, 1925.3, 94.5, 94.5, -9999.000, 0.729
101434.0, 412.99, 412.99, 1925.5, 1925.4, -9999.0, 95.6, 0.729, 0.729
101435.0, -9999.00, 412.98, -9999.0, 1925.5, 96.9, 96.6, -9999.000, 0.728
101436.0, 412.98, 412.98, -9999.0, 1925.5, -9999.0, 95.4, 0.727, 0.727
101437.0, -9999.00, 412.97, 1925.6, 1925.6, -9999.0, 93.4, -9999.000, 0.728
101438.0, 412.95, 412.96, -9999.0, 1925.6, 92.3, 93.2, 0.729, 0.729
101439.0, -9999.00, 412.96, 1925.6, 1925.6, -9999.0, 95.2, -9999.000, 0.729
101440.0, -9999.00, 412.98, -9999.0, 1925.6, 97.0, 97.0, -9999.000, 0.729
101441.0, 412.99, 412.99, 1925.5, 1925.5, -9999.0, 97.1, 0.728, 0.729
101442.0, -9999.00, 413.00, -9999.0, 1925.5, 97.2, 97.2, -9999.000, 0.729
101443.0, 413.00, 413.00, -9999.0, 1925.4, -9999.0, 95.9, 0.729, 0.729
101444.0, -9999.00, 413.01, 1925.4, 1925.4, 93.8, 94.5, -9999.000, 0.728
101445.0, 413.02, 413.02, -9999.0, 1925.3, -9999.0, 93.3, 0.727, 0.727
101446.0, -9999.00, 413.01, 1925.3, 1925.3, -9999.0, 92.3, -9999.000, 0.726
101447.0, -9999.00, 413.00, -9999.0, 1925.5, 91.7, 91.9, 0.726, 0.726
101448.0, 412.99, 413.00, 1925.8, 1925.7, -9999.0, 92.6, -9999.000, 0.726
101449.0, -9999.00, 413.01, -9999.0, 1925.6, 93.5, 93.4, -9999.000, 0.725
101450.0, 413.01, 413.01, 1925.4, 1925.5, -9999.0, 93.5, 0.725, 0.725
101451.0, -9999.00, 413.03, -9999.0, 1925.5, 93.6, 93.5, -9999.000, 0.726
101452.0, 413.06, 413.05, -9999.0, 1925.7, -9999.0, 95.0, 0.728, 0.728
101453.0, -9999.00, 413.07, 1925.9, 1925.9, -9999.0, 97.2, -9999.000, 0.728
101454.0, -9999.00, 413.08, -9999.0, 1925.7, 98.8, 98.4, 0.729, 0.728
101455.0, 413.09, 413.10, 1925.6, 1925.6, -9999.0, 96.8, -9999.000, 0.729
101456.0, -9999.00, 413.14, -9999.0, 1925.6, 95.3, 95.3, -9999.000, 0.728
101457.0, 413.17, 413.18, 1925.7, 1925.7, -9999.0, 95.1, 0.728, 0.728
101458.0, -9999.00, 413.22, -9999.0, 1925.8, 94.8, 94.9, -9999.000, 0.726
101459.0, 413.27, 413.27, -9999.0, 1926.0, -9999.0, 95.7, 0.724, 0.724
101460.0, -9999.00, 413.29, 1926.1, 1926.0, -9999.0, 97.0, -9999.000, 0.724
101461.0, 413.33, 413.32, -9999.0, 1925.8, 97.6, 97.5, 0.724, 0.724
101462.0, -9999.00, 413.36, 1925.7, 1925.7, -9999.0, 97.1, -9999.000, 0.723
101463.0, -9999.00, 413.43, -9999.0, 1925.6, 96.8, 95.9, -9999.000, 0.723
101464.0, 413.48, 413.52, 1925.5, 1925.5, -9999.0, 90.5, 0.723, 0.723
101465.0, -9999.00, 413.64, -9999.0, 1925.5, 84.3, 85.1, -9999.000, 0.723
101466.0, 413.77, 413.77, -9999.0, 1925.6, -9999.0, 89.2, 0.723, 0.722
101467.0, -9999.00, 413.74, 1925.6, 1925.6, 97.6, 95.0, -9999.000, 0.722
101468.0, 413.68, 413.70, -9999.0, 1925.5, -9999.0, 95.6, 0.721, 0.721
101469.0, -9999.00, 413.73, 1925.5, 1925.5, -9999.0, 91.9, -9999.000, 0.721
101470.0, -9999.00, 413.81, -9999.0, 1926.1, 88.9, 88.9, 0.721, 0.721
101471.0, 413.86, 413.85, 1926.7, 1926.6, -9999.0, 88.8, -9999.000, 0.721
101472.0, -9999.00, 413.81, -9999.0, 1926.5, 88.6, 88.6, -9999.000, 0.720
101473.0, 413.76, 413.76, -9999.0, 1926.2, -9999.0, 91.0, 0.719, 0.719
101474.0, -9999.00, 413.64, 1926.0, 1925.6, 94.8, 93.7, -9999.000, 0.718
101475.0, 413.47, 413.51, -9999.0, 1924.7, -9999.0, 93.7, 0.717, 0.717
101476.0, -9999.00, 413.42, 1923.9, 1923.9, -9999.0, 91.9, -9999.000, 0.716
101477.0, -9999.00, 413.33, -9999.0, 1923.7, 90.6, 90.0, 0.715, 0.715
101478.0, 413.28, 413.28, 1923.5, 1923.5, -9999.0, 88.1, -9999.000, 0.715
101479.0, -9999.00, 413.27, -9999.0, 1923.4, 86.2, 86.2, -9999.000, 0.715
101480.0, 413.26, 413.27, 1923.2, 1923.2, -9999.0, 86.6, 0.715, 0.715
101481.0, -9999.00, 413.34, -9999.0, 1923.2, 87.1, 87.0, -9999.000, 0.715
101482.0, 413.41, 413.40, -9999.0, 1923.3, -9999.0, 88.8, 0.715, 0.715
101483.0, -9999.00, 413.39, 1923.3, 1923.3, -9999.0, 91.0, -9999.000, 0.716
101484.0, 413.34, 413.36, -9999.0, 1923.4, 92.2, 91.8, 0.716, 0.716
101485.0, -9999.00, 413.38, 1923.4, 1923.4, -9999.0, 90.8, -9999.000, 0.716
101486.0, -9999.00, 413.44, -9999.0, 1923.4, 90.0, 89.8, -9999.000, 0.716
101487.0, 413.48, 413.48, 1923.4, 1923.4, -9999.0, 89.2, 0.716, 0.716
101488.0, -9999.00, 413.44, -9999.0, 1923.4, 88.4, 88.5, -9999.000, 0.716
101489.0, 413.41, 413.41, -9999.0, 1923.4, -9999.0, 88.5, 0.717, 0.717
101490.0, -9999.00, 413.43, 1923.5, 1923.5, 88.6, 88.6, -9999.000, 0.717
101491.0, 413.47, 413.46, -9999.0, 1923.5, -9999.0, 88.9, 0.718, 0.718
101492.0, -9999.00, 413.48, 1923.5, 1923.5, -9999.0, 89.3, -9999.000, 0.718
101493.0, -9999.00, 413.50, -9999.0, 1923.7, 89.7, 89.5, 0.718, 0.718
101494.0, 413.51, 413.54, 1923.9, 1923.9, -9999.0, 88.8, -9999.000, 0.718
101495.0, -9999.00, 413.64, -9999.0, 1923.9, 88.1, 88.2, -9999.000, 0.718
101496.0, 413.73, 413.73, 1923.9, 1923.9, -9999.0, 87.8, 0.719, 0.719
101497.0, -9999.00, 413.74, -9999.0, 1924.0, 87.3, 87.5, -9999.000, 0.720
101498.0, 413.76, 413.76, -9999.0, 1924.3, -9999.0, 89.7, 0.720, 0.720
101499.0, -9999.00, 413.81, 1924.5, 1924.5, -9999.0, 93.3, -9999.000, 0.720
101500.0, -9999.00, 413.88, -9999.0, 1924.4, 95.8, 95.6, 0.720, 0.720
101501.0, 413.92, 413.93, 1924.2, 1924.3, -9999.0, 95.3, -9999.000, 0.720
101502.0, -9999.00, 413.97, -9999.0, 1924.3, 94.9, 94.8, -9999.000, 0.720
101503.0, 414.00, 414.00, 1924.4, 1924.4, -9999.0, 91.9, 0.720, 0.720
101504.0, -9999.00, 414.01, -9999.0, 1924.4, 88.2, 89.0, -9999.000, 0.717
101505.0, 414.02, 414.01, -9999.0, 1924.5, -9999.0, 90.4, 0.715, 0.715
101506.0, -9999.00, 413.95, 1924.6, 1924.7, -9999.0, 93.5, -9999.000, 0.711
101507.0, -9999.00, 413.87, -9999.0, 1925.0, 95.3, 94.5, 0.707, 0.708
101508.0, 413.83, 413.85, 1925.2, 1925.2, -9999.0, 92.8, -9999.000, 0.703
101509.0, -9999.00, 413.91, -9999.0, 1925.4, 91.2, 91.1, -9999.000, 0.699
101510.0, 413.95, 413.94, 1925.5, 1925.5, -9999.0, 89.7, 0.696, 0.695
101511.0, -9999.00, 413.91, -9999.0, 1925.5, 88.1, 88.3, -9999.000, 0.693
101512.0, 413.87, 413.87, -9999.0, 1925.4, -9999.0, 86.5, 0.691, 0.691
101513.0, -9999.00, 413.89, 1925.4, 1925.4, 83.6, 84.5, -9999.000, 0.687
101514.0, 413.93, 413.92, -9999.0, 1925.4, -9999.0, 84.4, 0.682, 0.683
101515.0, -9999.00, 413.99, 1925.3, 1925.3, -9999.0, 85.9, -9999.000, 0.681
101516.0, -9999.00, 414.08, -9999.0, 1925.5, 87.1, 87.1, -9999.000, 0.679
101517.0, 414.15, 414.12, 1925.6, 1925.6, -9999.0, 87.2, 0.678, 0.678
101518.0, -9999.00, 414.04, -9999.0, 1925.6, 87.4, 87.4, -9999.000, 0.676
101519.0, 413.95, 413.95, -9999.0, 1925.6, -9999.0, 89.3, 0.676, 0.675
101520.0, -9999.00, 413.87, 1925.6, 1925.7, 92.5, 91.6, -9999.000, 0.669
101521.0, 413.76, 413.79, -9999.0, 1925.7, -9999.0, 93.2, 0.664, 0.664
101522.0, -9999.00, 413.82, 1925.8, 1925.9, -9999.0, 94.4, -9999.000, 0.657
101523.0, -9999.00, 413.91, -9999.0, 1926.1, 95.3, 94.8, 0.647, 0.650
101524.0, 413.97, 413.98, 1926.3, 1926.3, -9999.0, 93.2, -9999.000, 0.645
101525.0, -9999.00, 414.03, -9999.0, 1926.3, 91.5, 91.6, -9999.000, 0.641
101526.0, 414.07, 414.07, 1926.4, 1926.4, -9999.0, 91.1, 0.638, 0.637
101527.0, -9999.00, 414.11, -9999.0, 1926.4, 90.4, 90.6, -9999.000, 0.634
101528.0, 414.16, 414.15, -9999.0, 1926.5, -9999.0, 91.7, 0.630, 0.630
101529.0, -9999.00, 414.24, 1926.5, 1926.6, -9999.0, 93.9, -9999.000, 0.628
101530.0, -9999.00, 414.35, -9999.0, 1926.7, 95.4, 93.7, 0.625, 0.626
101531.0, 414.41, 414.42, 1926.9, 1926.9, -9999.0, 88.6, -9999.000, 0.623
101532.0, -9999.00, 414.44, -9999.0, 1926.6, 83.6, 83.7, -9999.000, 0.621
101533.0, 414.47, 414.47, 1926.1, 1926.3, -9999.0, 86.1, 0.620, 0.618
101534.0, -9999.00, 414.53, -9999.0, 1926.1, 89.1, 88.4, -9999.000, 0.613
101535.0, 414.60, 414.59, -9999.0, 1926.0, -9999.0, 88.6, 0.609, 0.609
101536.0, -9999.00, 414.61, 1925.9, 1925.9, -9999.0, 88.0, -9999.000, 0.603
101537.0, 414.62, 414.62, -9999.0, 1926.0, 87.6, 87.4, 0.597, 0.598
101538.0, -9999.00, 414.63, 1926.0, 1926.0, -9999.0, 86.8, -9999.000, 0.595
