data/rawdat/flt20220904/NOAAPicarro-CO2-CH4-CO-H2O_N57_20220904_R0.ict
42, 1001
Jeff Peischl
NOAA ESRL Chemical Sciences Laboratory
Picarro 2401-m CO2/CH4/CO/H2O Analyzer
CalFiDE
1, 1
2022, 09, 04, 2023, 02, 15
1
TO_Time_UTC, seconds, UTC, seconds_past_midnight
8
1, 1, 1, 1, 1, 1, 1, 1
-9999, -9999, -9999, -9999, -9999, -9999, -9999, -9999
CO2_ppm, ppm, Gas_CO2_InSitu_S_DMF
CO2_i_ppm, ppm, Gas_CO2_InSitu_S_DMF
CH4_ppb, ppb, Gas_CH4_InSitu_S_DMF
CH4_i_ppb, ppb, Gas_CH4_InSitu_S_DMF
CO_ppb, ppb, Gas_CO_InSitu_S_DMF
CO_i_ppb, ppb, Gas_CO_InSitu_S_DMF
H2O_pct, percent, Gas_H2O_InSitu_S_DMF
H2O_i_pct, percent, Gas_H2O_InSitu_S_DMF
1
SPECIAL COMMENTS: N/A
19
PI_CONTACT_INFO: Address: NOAA Chemical Sciences Laboratory, Mail Stop R/CSL7, 325 Broadway, Boulder, CO  80305, email: jeff.peischl@noaa.gov
PLATFORM: NOAA Twin Otter N57RF
LOCATION: The aircraft was stationed in Sacramento, CA, and Redding, CA
ASSOCIATED_DATA: N/A
INSTRUMENT_INFO: Wavelength-Scanned Cavity Ringdown Spectrometry
DATA_INFO: Units: ppm: parts per million dry air mole fraction; ppb: parts per billion dry air mole fraction; pct: percent by volume 
UNCERTAINTY: CO2: ±(0.4 ppm + 1%), CH4: ±(0.4 ppb + 1%), CO: ±(6 ppb + 1%), H2O: ±(0.1 pct + 1%).
ULOD_FLAG: -7777
ULOD_VALUE: N/A
LLOD_FLAG: -8888
LLOD_VALUE: N/A
DM_CONTACT_INFO: Data Manager: Ken Aikin, kenneth.c.aikin@noaa.gov
PROJECT_INFO: CalFiDE dates of study: August 28 - September 26, 2022
STIPULATIONS_ON_USE: According to the NOAA data protocol. Users are should contact the PI for proper data usage.
OTHER_COMMENTS: Data are measured at irregular intervals. Data without _i_ in the header are rounded to the nearest second. Data with _i_ are interpolated onto each second.
REVISION: R0
R0: final data
RA: preliminary data
TO_Time_UTC, CO2_ppm, CO2_i_ppm, CH4_ppb, CH4_i_ppb, CO_ppb, CO_i_ppb, H2O_pct, H2O_i_pct
[from data line 11547]
81867.0, 412.83, 412.85, 1933.4, 1933.3, -9999.0, 65.4, -9999.000, 0.217
81868.0, -9999.00, 412.89, -9999.0, 1933.2, 65.6, 65.5, -9999.000, 0.211
81869.0, 412.93, 412.93, -9999.0, 1933.0, -9999.0, 65.1, 0.207, 0.208
81870.0, -9999.00, 413.10, 1932.9, 1932.6, 64.5, 64.7, -9999.000, 0.214
81871.0, 413.31, 413.27, -9999.0, 1932.0, -9999.0, 64.5, 0.221, 0.221
81872.0, -9999.00, 413.28, 1931.5, 1931.4, -9999.0, 64.6, -9999.000, 0.241
81873.0, -9999.00, 413.22, -9999.0, 1930.8, 64.6, 64.6, 0.270, 0.263
81874.0, 413.19, 413.17, 1930.3, 1930.3, -9999.0, 64.6, -9999.000, 0.277
81875.0, -9999.00, 413.12, -9999.0, 1930.1, 64.6, 64.6, -9999.000, 0.286
81876.0, 413.08, 413.08, 1929.9, 1930.0, -9999.0, 64.9, 0.292, 0.293
81877.0, -9999.00, 413.03, -9999.0, 1930.0, 65.2, 65.1, -9999.000, 0.297
81878.0, 412.98, 412.98, -9999.0, 1930.1, -9999.0, 66.0, 0.300, 0.300
81879.0, -9999.00, 413.01, 1930.2, 1930.1, 67.7, 67.1, -9999.000, 0.298
81880.0, 413.07, 413.05, -9999.0, 1930.1, -9999.0, 67.0, 0.296, 0.296
81881.0, -9999.00, 413.07, 1930.0, 1930.0, -9999.0, 65.7, -9999.000, 0.295
81882.0, -9999.00, 413.07, -9999.0, 1930.2, 64.7, 64.7, 0.294, 0.295
81883.0, 413.07, 413.08, 1930.4, 1930.3, -9999.0, 64.6, -9999.000, 0.291
81884.0, -9999.00, 413.10, -9999.0, 1930.4, 64.5, 64.5, -9999.000, 0.285
81885.0, 413.12, 413.12, -9999.0, 1930.5, -9999.0, 64.5, 0.280, 0.281
81886.0, -9999.00, 413.12, 1930.5, 1930.3, 64.5, 64.5, -9999.000, 0.287
81887.0, 413.12, 413.12, -9999.0, 1929.9, -9999.0, 65.4, 0.292, 0.292
81888.0, -9999.00, 413.11, 1929.6, 1929.6, -9999.0, 67.2, -9999.000, 0.299
81889.0, -9999.00, 413.10, -9999.0, 1929.7, 68.4, 68.1, 0.311, 0.307
81890.0, 413.10, 413.08, 1929.8, 1929.8, -9999.0, 66.8, -9999.000, 0.310
81891.0, -9999.00, 413.04, -9999.0, 1929.9, 65.4, 65.4, -9999.000, 0.310
81892.0, 413.00, 413.00, 1930.0, 1930.0, -9999.0, 65.0, 0.309, 0.309
81893.0, -9999.00, 413.02, -9999.0, 1930.0, 64.4, 64.5, -9999.000, 0.309
81894.0, 413.05, 413.05, -9999.0, 1929.9, -9999.0, 63.3, 0.309, 0.309
81895.0, -9999.00, 413.06, 1929.8, 1929.8, -9999.0, 61.7, -9999.000, 0.310
81896.0, 413.08, 413.08, -9999.0, 1929.8, 60.8, 61.8, 0.310, 0.310
81897.0, -9999.00, 413.08, 1929.7, 1929.7, -9999.0, 64.1, -9999.000, 0.306
81898.0, -9999.00, 413.08, -9999.0, 1929.9, 66.1, 66.6, -9999.000, 0.302
81899.0, 413.07, 413.08, 1930.1, 1930.1, -9999.0, 70.3, 0.299, 0.296
81900.0, -9999.00, 413.09, -9999.0, 1930.2, 74.4, 73.9, -9999.000, 0.288
81901.0, 413.11, 413.11, -9999.0, 1930.4, -9999.0, 70.4, 0.282, 0.281
81902.0, -9999.00, 413.13, 1930.5, 1930.5, 63.5, 65.6, -9999.000, 0.278
81903.0, 413.17, 413.16, -9999.0, 1930.6, -9999.0, 64.2, 0.275, 0.275
81904.0, -9999.00, 413.21, 1930.6, 1930.5, -9999.0, 65.4, -9999.000, 0.278
81905.0, -9999.00, 413.27, -9999.0, 1930.2, 66.3, 67.3, 0.283, 0.281
81906.0, 413.30, 413.26, 1929.8, 1929.8, -9999.0, 70.7, -9999.000, 0.293
81907.0, -9999.00, 413.14, -9999.0, 1929.5, 74.0, 74.0, -9999.000, 0.309
81908.0, 413.04, 413.04, 1929.2, 1929.3, -9999.0, 70.8, 0.320, 0.324
81909.0, -9999.00, 413.00, -9999.0, 1929.0, 66.8, 67.7, -9999.000, 0.333
81910.0, 412.95, 412.96, -9999.0, 1928.8, -9999.0, 67.0, 0.343, 0.343
81911.0, -9999.00, 412.97, 1928.6, 1928.6, -9999.0, 67.3, -9999.000, 0.347
81912.0, 413.00, 412.99, -9999.0, 1928.6, 67.5, 67.1, 0.352, 0.351
81913.0, -9999.00, 413.00, 1928.6, 1928.6, -9999.0, 66.4, -9999.000, 0.353
81914.0, -9999.00, 413.01, -9999.0, 1928.6, 65.8, 66.0, -9999.000, 0.355
81915.0, 413.01, 413.01, 1928.6, 1928.6, -9999.0, 67.3, 0.357, 0.357
81916.0, -9999.00, 413.04, -9999.0, 1928.6, 68.7, 68.5, -9999.000, 0.359
81917.0, 413.06, 413.06, -9999.0, 1928.6, -9999.0, 66.8, 0.360, 0.360
81918.0, -9999.00, 413.05, 1928.7, 1928.6, 63.3, 64.4, -9999.000, 0.361
81919.0, 413.04, 413.05, -9999.0, 1928.4, -9999.0, 66.0, 0.362, 0.362
81920.0, -9999.00, 413.04, 1928.2, 1928.2, -9999.0, 70.9, -9999.000, 0.362
81921.0, -9999.00, 413.04, -9999.0, 1928.2, 74.5, 74.2, 0.363, 0.363
81922.0, 413.04, 413.04, 1928.3, 1928.2, -9999.0, 72.8, -9999.000, 0.364
81923.0, -9999.00, 413.02, -9999.0, 1928.2, 71.3, 71.3, -9999.000, 0.365
81924.0, 413.01, 413.01, 1928.1, 1928.2, -9999.0, 70.4, 0.365, 0.365
81925.0, -9999.00, 413.01, -9999.0, 1928.1, 69.1, 69.4, -9999.000, 0.365
81926.0, 413.02, 413.02, -9999.0, 1928.1, -9999.0, 70.3, 0.365, 0.365
81927.0, -9999.00, 413.02, 1928.2, 1928.1, -9999.0, 72.1, -9999.000, 0.365
81928.0, -9999.00, 413.03, -9999.0, 1928.1, 73.3, 73.1, 0.366, 0.366
81929.0, 413.03, 413.03, 1928.0, 1928.0, -9999.0, 72.5, -9999.000, 0.366
81930.0, -9999.00, 413.02, -9999.0, 1928.1, 71.9, 72.0, -9999.000, 0.367
81931.0, 413.01, 413.01, 1928.1, 1928.1, -9999.0, 72.7, 0.367, 0.367
81932.0, -9999.00, 412.98, -9999.0, 1928.1, 73.6, 73.4, -9999.000, 0.367
81933.0, 412.95, 412.95, -9999.0, 1928.1, -9999.0, 71.7, 0.367, 0.367
81934.0, -9999.00, 412.96, 1928.1, 1928.1, -9999.0, 69.1, -9999.000, 0.366
81935.0, 412.97, 412.96, -9999.0, 1928.1, 67.7, 67.0, 0.364, 0.364
81936.0, -9999.00, 412.95, 1928.1, 1928.1, -9999.0, 65.3, -9999.000, 0.365
81937.0, -9999.00, 412.93, -9999.0, 1928.0, 63.9, 63.9, -9999.000, 0.367
81938.0, 412.91, 412.92, 1927.9, 1927.9, -9999.0, 63.8, 0.367, 0.367
81939.0, -9999.00, 412.94, -9999.0, 1928.0, 63.6, 63.7, -9999.000, 0.368
81940.0, 412.97, 412.97, -9999.0, 1928.2, -9999.0, 65.5, 0.368, 0.368
81941.0, -9999.00, 413.00, 1928.3, 1928.3, 68.7, 67.7, -9999.000, 0.368
81942.0, 413.05, 413.04, -9999.0, 1928.2, -9999.0, 69.4, 0.367, 0.367
81943.0, -9999.00, 413.06, 1928.2, 1928.3, -9999.0, 70.7, -9999.000, 0.367
81944.0, -9999.00, 413.07, -9999.0, 1928.4, 71.7, 71.2, 0.367, 0.367
81945.0, 413.08, 413.08, 1928.5, 1928.5, -9999.0, 68.9, -9999.000, 0.367
81946.0, -9999.00, 413.10, -9999.0, 1928.5, 66.5, 66.6, -9999.000, 0.366
81947.0, 413.11, 413.11, 1928.5, 1928.5, -9999.0, 67.6, 0.365, 0.365
81948.0, -9999.00, 413.19, -9999.0, 1928.8, 69.1, 68.7, -9999.000, 0.365
81949.0, 413.28, 413.26, -9999.0, 1929.2, -9999.0, 68.5, 0.364, 0.364
81950.0, -9999.00, 413.35, 1929.5, 1929.6, -9999.0, 67.6, -9999.000, 0.361
81951.0, 413.49, 413.45, -9999.0, 1929.8, 67.1, 67.6, 0.356, 0.357
81952.0, -9999.00, 413.52, 1930.0, 1930.0, -9999.0, 68.8, -9999.000, 0.355
81953.0, -9999.00, 413.56, -9999.0, 1930.3, 69.9, 69.9, -9999.000, 0.353
81954.0, 413.60, 413.59, 1930.6, 1930.5, -9999.0, 69.5, 0.352, 0.351
81955.0, -9999.00, 413.57, -9999.0, 1930.6, 69.2, 69.2, -9999.000, 0.350
81956.0, 413.55, 413.55, -9999.0, 1930.6, -9999.0, 69.5, 0.349, 0.349
81957.0, -9999.00, 413.55, 1930.6, 1930.5, 70.2, 70.0, -9999.000, 0.349
81958.0, 413.57, 413.56, -9999.0, 1930.2, -9999.0, 67.8, 0.349, 0.349
81959.0, -9999.00, 413.49, 1929.9, 1929.9, -9999.0, 63.6, -9999.000, 0.349
81960.0, -9999.00, 413.38, -9999.0, 1929.4, 60.5, 61.8, 0.350, 0.350
81961.0, 413.31, 413.29, 1928.9, 1928.9, -9999.0, 66.6, -9999.000, 0.352
81962.0, -9999.00, 413.24, -9999.0, 1928.8, 71.5, 71.5, -9999.000, 0.355
81963.0, 413.19, 413.19, 1928.6, 1928.6, -9999.0, 71.4, 0.357, 0.358
81964.0, -9999.00, 413.16, -9999.0, 1928.6, 71.2, 71.3, -9999.000, 0.360
81965.0, 413.11, 413.12, -9999.0, 1928.5, -9999.0, 70.5, 0.363, 0.363
81966.0, -9999.00, 413.08, 1928.5, 1928.4, -9999.0, 69.4, -9999.000, 0.364
81967.0, -9999.00, 413.04, -9999.0, 1928.4, 68.7, 68.8, 0.366, 0.366
81968.0, 413.01, 412.99, 1928.3, 1928.3, -9999.0, 68.8, -9999.000, 0.367
81969.0, -9999.00, 412.95, -9999.0, 1928.2, 68.8, 69.2, -9999.000, 0.369
81970.0, 412.91, 412.91, 1928.0, 1928.1, -9999.0, 72.1, 0.370, 0.370
81971.0, -9999.00, 412.89, -9999.0, 1928.0, 75.6, 75.1, -9999.000, 0.372
81972.0, 412.86, 412.87, -9999.0, 1927.9, -9999.0, 74.6, 0.373, 0.372
81973.0, -9999.00, 412.87, 1927.9, 1928.1, 72.7, 73.3, -9999.000, 0.369
81974.0, 412.88, 412.88, -9999.0, 1928.4, -9999.0, 70.3, 0.365, 0.365
81975.0, -9999.00, 412.91, 1928.8, 1928.8, -9999.0, 65.9, -9999.000, 0.352
81976.0, -9999.00, 412.95, -9999.0, 1929.2, 62.6, 63.0, 0.332, 0.338
81977.0, 412.98, 412.99, 1929.7, 1929.7, -9999.0, 64.5, -9999.000, 0.328
81978.0, -9999.00, 413.03, -9999.0, 1929.7, 66.1, 66.0, -9999.000, 0.321
81979.0, 413.06, 413.06, 1929.6, 1929.7, -9999.0, 63.0, 0.316, 0.314
81980.0, -9999.00, 413.08, -9999.0, 1929.7, 58.7, 59.8, -9999.000, 0.308
81981.0, 413.09, 413.09, -9999.0, 1929.9, -9999.0, 61.0, 0.302, 0.302
81982.0, -9999.00, 413.08, 1930.0, 1929.9, -9999.0, 64.4, -9999.000, 0.304
81983.0, -9999.00, 413.07, -9999.0, 1929.7, 66.6, 66.9, 0.307, 0.307
81984.0, 413.06, 413.07, 1929.5, 1929.5, -9999.0, 67.8, -9999.000, 0.307
81985.0, -9999.00, 413.08, -9999.0, 1929.6, 68.6, 68.5, -9999.000, 0.308
81986.0, 413.09, 413.09, 1929.7, 1929.7, -9999.0, 68.0, 0.308, 0.306
81987.0, -9999.00, 413.11, -9999.0, 1929.8, 67.4, 67.5, -9999.000, 0.303
81988.0, 413.14, 413.14, -9999.0, 1930.0, -9999.0, 67.4, 0.300, 0.300
81989.0, -9999.00, 413.15, 1930.1, 1930.1, 67.2, 67.3, -9999.000, 0.298
81990.0, 413.17, 413.16, -9999.0, 1930.1, -9999.0, 67.0, 0.296, 0.296
81991.0, -9999.00, 413.18, 1930.1, 1930.1, -9999.0, 66.5, -9999.000, 0.294
81992.0, -9999.00, 413.18, -9999.0, 1930.2, 66.2, 66.8, 0.291, 0.292
81993.0, 413.19, 413.20, 1930.2, 1930.2, -9999.0, 68.9, -9999.000, 0.289
81994.0, -9999.00, 413.23, -9999.0, 1930.3, 71.1, 71.1, -9999.000, 0.286
81995.0, 413.25, 413.25, 1930.4, 1930.4, -9999.0, 68.9, 0.284, 0.285
81996.0, -9999.00, 413.26, -9999.0, 1930.4, 66.1, 66.7, -9999.000, 0.287
81997.0, 413.27, 413.26, -9999.0, 1930.2, -9999.0, 66.7, 0.290, 0.290
81998.0, -9999.00, 413.21, 1930.1, 1930.0, -9999.0, 67.6, -9999.000, 0.303
81999.0, 413.11, 413.14, -9999.0, 1929.7, 68.1, 67.1, 0.319, 0.315
82000.0, -9999.00, 413.09, 1929.5, 1929.5, -9999.0, 65.0, -9999.000, 0.323
82001.0, -9999.00, 413.04, -9999.0, 1929.3, 63.1, 63.4, -9999.000, 0.329
82002.0, 413.01, 413.01, 1929.1, 1929.1, -9999.0, 66.4, 0.332, 0.334
82003.0, -9999.00, 412.99, -9999.0, 1929.1, 69.8, 69.3, -9999.000, 0.337
82004.0, 412.97, 412.98, -9999.0, 1929.1, -9999.0, 69.5, 0.340, 0.340
82005.0, -9999.00, 412.96, 1929.1, 1929.2, 68.8, 69.1, -9999.000, 0.339
82006.0, 412.94, 412.95, -9999.0, 1929.3, -9999.0, 68.8, 0.338, 0.338
82007.0, -9999.00, 412.96, 1929.5, 1929.5, -9999.0, 68.6, -9999.000, 0.327
82008.0, -9999.00, 413.00, -9999.0, 1929.7, 68.5, 68.0, 0.309, 0.315
82009.0, 413.03, 413.03, 1930.0, 1929.9, -9999.0, 65.5, -9999.000, 0.308
82010.0, -9999.00, 413.04, -9999.0, 1930.0, 62.9, 63.1, -9999.000, 0.305
82011.0, 413.05, 413.05, 1930.0, 1930.0, -9999.0, 66.9, 0.304, 0.303
82012.0, -9999.00, 413.08, -9999.0, 1930.0, 72.7, 71.2, -9999.000, 0.302
82013.0, 413.11, 413.10, -9999.0, 1930.1, -9999.0, 71.7, 0.301, 0.301
82014.0, -9999.00, 413.01, 1930.2, 1930.4, -9999.0, 70.0, -9999.000, 0.288
82015.0, -9999.00, 412.87, -9999.0, 1931.5, 69.0, 68.6, 0.270, 0.274
82016.0, 412.79, 412.78, 1932.7, 1932.7, -9999.0, 67.4, -9999.000, 0.255
82017.0, -9999.00, 412.77, -9999.0, 1933.9, 66.3, 66.4, -9999.000, 0.233
82018.0, 412.76, 412.76, 1935.6, 1935.2, -9999.0, 69.1, 0.219, 0.213
82019.0, -9999.00, 412.77, -9999.0, 1935.9, 72.1, 71.7, -9999.000, 0.199
82020.0, 412.79, 412.79, -9999.0, 1936.3, -9999.0, 69.0, 0.186, 0.185
82021.0, -9999.00, 412.81, 1936.6, 1936.6, 63.5, 65.2, -9999.000, 0.178
82022.0, 412.85, 412.84, -9999.0, 1936.8, -9999.0, 65.8, 0.170, 0.171
82023.0, -9999.00, 412.86, 1936.9, 1936.9, -9999.0, 70.0, -9999.000, 0.165
82024.0, -9999.00, 412.88, -9999.0, 1937.0, 72.9, 72.2, 0.158, 0.160
82025.0, 412.89, 412.90, 1937.0, 1937.0, -9999.0, 69.7, -9999.000, 0.156
82026.0, -9999.00, 412.94, -9999.0, 1937.2, 67.2, 67.2, -9999.000, 0.154
82027.0, 412.98, 412.98, 1937.3, 1937.3, -9999.0, 68.7, 0.152, 0.151
82028.0, -9999.00, 412.98, -9999.0, 1937.5, 70.4, 70.1, -9999.000, 0.148
82029.0, 412.98, 412.98, -9999.0, 1937.7, -9999.0, 70.7, 0.146, 0.145
82030.0, -9999.00, 412.99, 1937.8, 1937.7, -9999.0, 71.2, -9999.000, 0.143
82031.0, 413.01, 413.00, -9999.0, 1937.7, 71.4, 70.3, 0.140, 0.140
82032.0, -9999.00, 413.03, 1937.6, 1937.6, -9999.0, 67.7, -9999.000, 0.138
82033.0, -9999.00, 413.06, -9999.0, 1937.6, 65.6, 65.6, 0.136, 0.137
82034.0, 413.08, 413.10, 1937.7, 1937.7, -9999.0, 65.5, -9999.000, 0.135
82035.0, -9999.00, 413.16, -9999.0, 1937.5, 65.3, 65.4, -9999.000, 0.134
82036.0, 413.23, 413.23, -9999.0, 1937.2, -9999.0, 66.7, 0.133, 0.133
82037.0, -9999.00, 413.33, 1937.1, 1936.8, 68.8, 68.2, -9999.000, 0.136
82038.0, 413.46, 413.43, -9999.0, 1936.1, -9999.0, 68.9, 0.138, 0.138
82039.0, -9999.00, 413.55, 1935.5, 1935.3, -9999.0, 69.0, -9999.000, 0.144
82040.0, -9999.00, 413.67, -9999.0, 1934.4, 69.0, 69.2, 0.153, 0.151
82041.0, 413.74, 413.72, 1933.3, 1933.4, -9999.0, 69.5, -9999.000, 0.171
82042.0, -9999.00, 413.69, -9999.0, 1932.8, 69.7, 69.6, -9999.000, 0.199
82043.0, 413.66, 413.65, 1932.1, 1932.3, -9999.0, 66.2, 0.217, 0.221
82044.0, -9999.00, 413.56, -9999.0, 1932.0, 61.9, 62.7, -9999.000, 0.234
82045.0, 413.46, 413.47, -9999.0, 1931.8, -9999.0, 62.1, 0.246, 0.246
82046.0, -9999.00, 413.42, 1931.7, 1931.7, -9999.0, 62.4, -9999.000, 0.249
82047.0, 413.36, 413.38, -9999.0, 1931.6, 62.6, 63.3, 0.252, 0.252
82048.0, -9999.00, 413.37, 1931.6, 1931.6, -9999.0, 64.8, -9999.000, 0.252
82049.0, -9999.00, 413.39, -9999.0, 1931.6, 66.1, 65.5, 0.251, 0.251
82050.0, 413.40, 413.40, 1931.7, 1931.7, -9999.0, 62.3, -9999.000, 0.253
82051.0, -9999.00, 413.41, -9999.0, 1931.6, 58.8, 59.2, -9999.000, 0.256
82052.0, 413.41, 413.41, -9999.0, 1931.5, -9999.0, 64.0, 0.259, 0.259
82053.0, -9999.00, 413.42, 1931.4, 1931.3, 72.0, 69.7, -9999.000, 0.260
82054.0, 413.44, 413.43, -9999.0, 1931.2, -9999.0, 70.3, 0.262, 0.261
82055.0, -9999.00, 413.44, 1931.0, 1931.0, -9999.0, 67.5, -9999.000, 0.262
82056.0, -9999.00, 413.44, -9999.0, 1931.1, 65.4, 65.5, 0.263, 0.263
82057.0, 413.44, 413.43, 1931.1, 1931.1, -9999.0, 66.0, -9999.000, 0.263
82058.0, -9999.00, 413.42, -9999.0, 1931.0, 66.5, 66.4, -9999.000, 0.264
82059.0, 413.40, 413.40, 1931.0, 1931.0, -9999.0, 66.5, 0.264, 0.265
82060.0, -9999.00, 413.40, -9999.0, 1931.0, 66.5, 66.5, -9999.000, 0.268
82061.0, 413.40, 413.40, -9999.0, 1931.0, -9999.0, 66.2, 0.271, 0.271
82062.0, -9999.00, 413.41, 1931.0, 1931.0, -9999.0, 65.7, -9999.000, 0.273
82063.0, -9999.00, 413.43, -9999.0, 1931.0, 65.4, 65.4, 0.276, 0.275
82064.0, 413.44, 413.44, 1931.1, 1931.1, -9999.0, 65.7, -9999.000, 0.278
82065.0, -9999.00, 413.43, -9999.0, 1930.9, 65.9, 65.8, -9999.000, 0.281
82066.0, 413.43, 413.43, 1930.6, 1930.7, -9999.0, 64.9, 0.282, 0.284
82067.0, -9999.00, 413.41, -9999.0, 1930.6, 63.9, 64.1, -9999.000, 0.288
82068.0, 413.40, 413.40, -9999.0, 1930.7, -9999.0, 66.9, 0.292, 0.291
82069.0, -9999.00, 413.30, 1930.7, 1931.0, 72.1, 70.5, -9999.000, 0.282
82070.0, 413.16, 413.20, -9999.0, 1931.6, -9999.0, 72.0, 0.272, 0.273
82071.0, -9999.00, 413.22, 1932.1, 1932.1, -9999.0, 71.8, -9999.000, 0.258
82072.0, -9999.00, 413.32, -9999.0, 1932.3, 71.7, 71.3, 0.236, 0.242
82073.0, 413.38, 413.39, 1932.6, 1932.5, -9999.0, 69.9, -9999.000, 0.234
82074.0, -9999.00, 413.42, -9999.0, 1932.6, 68.5, 68.5, -9999.000, 0.230
82075.0, 413.45, 413.45, 1932.8, 1932.7, -9999.0, 69.6, 0.227, 0.226
82076.0, -9999.00, 413.49, -9999.0, 1932.8, 71.2, 70.9, -9999.000, 0.221
82077.0, 413.55, 413.54, -9999.0, 1932.8, -9999.0, 68.6, 0.216, 0.216
82078.0, -9999.00, 413.61, 1932.7, 1932.6, -9999.0, 64.8, -9999.000, 0.220
82079.0, -9999.00, 413.70, -9999.0, 1932.2, 62.4, 62.5, 0.225, 0.224
82080.0, 413.75, 413.72, 1931.8, 1931.8, -9999.0, 62.9, -9999.000, 0.235
82081.0, -9999.00, 413.65, -9999.0, 1931.5, 63.3, 63.4, -9999.000, 0.249
82082.0, 413.59, 413.58, 1931.1, 1931.2, -9999.0, 65.0, 0.258, 0.261
82083.0, -9999.00, 413.54, -9999.0, 1931.0, 67.1, 66.6, -9999.000, 0.268
82084.0, 413.49, 413.50, -9999.0, 1930.9, -9999.0, 65.8, 0.275, 0.276
82085.0, -9999.00, 413.45, 1930.8, 1930.8, -9999.0, 64.0, -9999.000, 0.279
82086.0, 413.38, 413.41, -9999.0, 1930.8, 63.0, 64.0, 0.283, 0.282
82087.0, -9999.00, 413.38, 1930.9, 1930.9, -9999.0, 66.3, -9999.000, 0.285
82088.0, -9999.00, 413.38, -9999.0, 1930.7, 68.2, 68.2, 0.290, 0.289
