data/rawdat/flt20220904/NOxCaRD_N57_20220904_R0.ict
39, 1001
Kristen Zuraski, Jeff Peischl, Steven. S. Brown, Wyndom S. Chace, Ken Aikin
NOAA Chemical Sciences Laboratory
NOxCaRD Instrument
CalFiDE
1, 1
2022, 09, 04, 2023, 02, 24
0
TO_Time_UTC, seconds_past_midnight
6
1, 1, 1, 1, 1, 1
-9999, -9999, -9999, -9999, -9999, -9999
NO_ppbv, ppbv
NO2_ppbv, ppbv
NOy_ppbv, ppbv
O3_ppbv, ppbv
NOx_ppbv, ppbv
Ox_ppbv, ppbv
1
N/A
18
PI_CONTACT_INFO: Address: NOAA Chemical Sciences Laboratory, Mail Stop R/CSL7, 325 Broadway, Boulder, CO 80305
PLATFORM: NOAA Twin Otter N57
LOCATION: California and Oregon
ASSOCIATED_DATA: N/A
INSTRUMENT_INFO: N/A
DATA_INFO: Units: parts per billion by volume (ppbv)
UNCERTAINTY: 5%
ULOD_FLAG: -7777
ULOD_VALUE: N/A
LLOD_FLAG: -8888
LLOD_VALUE: 50 pptv
DM_CONTACT_INFO: Data Manager: Ken Aikin; kenneth.c.aikin@noaa.gov
PROJECT_INFO: CalFiDE dates of study: August–September, 2022
STIPULATIONS_ON_USE: Use of these data require prior ok from PI.
OTHER_COMMENTS: 
REVISION: R0
R0: Final Data
TO_Time_UTC, NO_ppbv, NO2_ppbv, NOy_ppbv, O3_ppbv, NOx_ppbv, Ox_ppbv
[from data line 20487]
95186,0.005,0.023,-0.052,45.554,0.028,45.576
95187,-0.008,-0.015,-0.056,44.685,-0.023,44.669
95188,-0.010,0.025,0.091,44.999,0.015,45.024
95189,-0.129,0.074,-0.000,44.497,-0.054,44.572
95190,0.021,0.042,-0.061,44.146,0.063,44.188
95191,-0.168,0.071,-0.035,43.494,-0.097,43.565
95192,0.010,0.092,-0.006,42.920,0.102,43.011
95193,0.043,0.009,0.157,42.748,0.052,42.757
95194,-0.019,0.012,0.117,42.239,-0.007,42.251
95195,0.122,0.005,-0.037,42.643,0.128,42.648
95196,0.004,0.074,0.073,42.655,0.078,42.729
95197,-0.039,0.020,0.031,42.403,-0.019,42.423
95198,0.043,-0.011,-0.092,42.764,0.032,42.753
95199,-0.092,-0.007,-0.072,42.461,-0.100,42.453
95200,-0.229,0.051,0.019,42.669,-0.179,42.720
95201,-0.070,0.075,-0.002,42.161,0.005,42.237
95202,0.122,-0.013,-0.059,42.483,0.109,42.470
95203,-0.008,0.019,-0.023,41.829,0.011,41.848
95204,0.075,0.021,0.076,41.226,0.096,41.247
95205,0.057,0.081,0.025,41.652,0.138,41.732
95206,-0.032,-0.014,0.030,41.596,-0.046,41.582
95207,0.093,-0.036,0.051,41.734,0.056,41.698
95208,0.028,0.061,0.028,41.976,0.089,42.037
95209,0.044,-0.039,0.069,41.938,0.005,41.899
95210,-0.097,-0.018,0.029,41.894,-0.115,41.877
95211,0.074,0.009,-0.004,41.876,0.082,41.884
95212,-0.031,-0.024,0.198,42.334,-0.055,42.310
95213,-0.091,0.007,-0.021,41.922,-0.084,41.929
95214,-0.008,-0.050,0.009,41.956,-0.058,41.906
95215,-0.104,0.002,-0.008,41.944,-0.102,41.946
95216,-0.082,-0.021,0.013,42.012,-0.103,41.991
95217,-0.028,-0.038,0.033,42.200,-0.066,42.162
95218,0.024,0.028,0.099,41.771,0.052,41.799
95219,-0.020,0.035,0.053,41.606,0.015,41.641
95220,-0.009,-0.017,0.127,42.442,-0.025,42.425
95221,-0.087,0.042,-0.029,43.278,-0.045,43.320
95222,0.015,-0.060,0.017,43.202,-0.044,43.143
95223,0.092,-0.039,0.165,42.799,0.052,42.760
95224,-0.036,0.083,0.106,43.146,0.047,43.229
95225,0.071,0.030,-0.022,42.896,0.101,42.926
95226,-0.052,0.046,0.019,43.429,-0.006,43.475
95227,-0.002,0.027,0.040,43.266,0.025,43.293
95228,-0.034,0.059,0.068,43.509,0.025,43.568
95229,-0.082,0.016,0.117,43.674,-0.066,43.690
95230,0.026,-0.001,0.076,43.694,0.025,43.693
95231,0.030,-0.091,0.111,43.568,-0.061,43.476
95232,-0.102,0.088,0.096,43.298,-0.014,43.386
95233,0.093,-0.065,0.050,43.193,0.028,43.128
95234,-0.029,0.036,0.058,43.236,0.007,43.272
95235,0.021,0.013,0.025,43.120,0.034,43.133
95236,-0.273,0.029,0.081,43.201,-0.244,43.230
95237,-0.032,-0.003,0.099,43.179,-0.035,43.176
95238,-0.193,0.023,-0.073,42.846,-0.171,42.869
95239,-0.098,0.042,-0.004,42.964,-0.056,43.006
95240,-0.143,0.064,-0.001,42.888,-0.079,42.952
95241,0.063,-0.062,-0.006,43.217,0.001,43.154
95242,0.072,-0.044,0.000,42.992,0.028,42.948
95243,-0.221,0.061,0.002,42.770,-0.160,42.830
95244,-0.042,0.061,-0.082,42.918,0.019,42.979
95245,-0.085,0.020,0.064,42.756,-0.065,42.776
95246,-0.031,-0.065,-0.013,42.804,-0.096,42.739
95247,-0.064,0.054,-0.014,42.888,-0.010,42.942
95248,-0.138,0.039,0.033,42.872,-0.099,42.911
95249,-0.007,-0.021,0.029,43.186,-0.028,43.165
95250,0.046,-0.014,0.009,42.211,0.032,42.197
95251,-0.010,0.010,-0.054,42.131,0.000,42.140
95252,0.010,0.060,0.029,42.346,0.070,42.406
95253,-0.067,0.086,0.033,42.595,0.018,42.680
95254,-0.051,0.044,0.073,42.414,-0.007,42.458
95255,-0.015,0.014,-0.002,42.348,-0.002,42.362
95256,-0.158,-0.008,0.007,42.567,-0.166,42.559
95257,-0.091,0.034,0.106,42.541,-0.057,42.575
95258,-0.067,-0.009,0.084,42.415,-0.076,42.406
95259,-0.111,-0.029,-0.017,42.364,-0.141,42.335
95260,-0.111,0.008,-0.045,42.545,-0.103,42.553
95261,-0.107,0.001,-0.008,42.465,-0.107,42.466
95262,-0.134,0.044,-0.122,42.623,-0.090,42.666
95263,-0.151,0.072,-0.085,42.742,-0.079,42.814
95264,-0.062,0.000,-0.090,42.870,-0.061,42.870
95265,0.018,-0.050,-0.034,42.874,-0.033,42.824
95266,0.088,0.036,0.007,42.647,0.124,42.683
95267,0.053,-0.007,0.076,42.832,0.046,42.825
95268,0.121,0.006,0.072,42.873,0.127,42.880
95269,-0.187,0.073,0.011,42.776,-0.114,42.849
95270,0.022,-0.038,0.005,42.985,-0.016,42.947
95271,-0.241,0.109,-0.072,42.721,-0.132,42.830
95272,-0.067,0.092,-0.109,42.744,0.025,42.836
95273,0.031,0.020,-0.117,42.898,0.051,42.918
95274,-0.190,0.095,0.015,42.830,-0.096,42.924
95275,-0.105,0.039,-0.037,42.824,-0.066,42.863
95276,-0.041,0.031,-0.018,42.975,-0.010,43.006
95277,0.006,0.013,-0.067,43.086,0.019,43.099
95278,0.006,0.060,-0.115,43.167,0.067,43.228
95279,-0.146,0.041,-0.063,43.052,-0.105,43.093
95280,-0.185,0.052,-0.075,43.017,-0.134,43.069
95281,0.039,-0.005,-0.120,43.182,0.033,43.177
95282,-0.052,0.041,0.084,43.212,-0.011,43.253
95283,-0.154,-0.035,-0.073,43.103,-0.189,43.068
95284,-0.174,0.027,-0.126,43.032,-0.147,43.058
95285,0.005,-0.058,-0.067,43.147,-0.053,43.089
95286,-0.027,0.055,-0.018,42.925,0.028,42.980
95287,-0.056,0.019,-0.144,43.384,-0.037,43.403
95288,0.032,0.021,-0.083,43.259,0.053,43.280
95289,-0.127,0.059,-0.006,43.239,-0.068,43.298
95290,0.036,-0.011,-0.165,43.472,0.025,43.461
95291,-0.116,0.034,-0.016,43.550,-0.082,43.584
95292,-0.046,0.042,-0.062,43.871,-0.003,43.914
95293,-0.057,0.027,-0.046,43.585,-0.030,43.612
95294,0.018,0.042,-0.082,43.889,0.060,43.932
95295,-0.021,-0.004,-0.107,43.616,-0.025,43.612
95296,0.006,-0.059,-0.096,43.524,-0.054,43.465
95297,-0.043,0.021,-0.206,43.501,-0.022,43.522
95298,-0.028,0.011,-0.048,43.415,-0.017,43.426
95299,-0.147,-0.026,-0.028,43.546,-0.174,43.520
95300,-0.044,0.001,-0.125,43.324,-0.043,43.325
95301,0.027,0.043,-0.108,43.297,0.070,43.340
95302,-0.174,0.012,-0.035,43.344,-0.162,43.356
95303,-0.069,0.048,-0.005,43.212,-0.021,43.260
95304,0.001,-0.015,0.036,43.558,-0.013,43.543
95305,-0.159,0.051,-0.056,43.516,-0.107,43.567
95306,-0.132,0.045,-0.134,43.440,-0.088,43.485
95307,0.046,0.001,-0.095,43.406,0.047,43.407
95308,-0.152,0.049,-0.112,43.314,-0.103,43.363
95309,0.027,0.046,0.105,43.420,0.073,43.466
95310,-0.020,0.028,0.091,43.253,0.008,43.281
95311,0.077,0.000,-0.025,43.126,0.077,43.126
95312,-0.046,0.040,-0.014,43.232,-0.006,43.271
95313,0.028,0.082,-0.058,43.301,0.110,43.383
95314,-0.166,0.013,-0.104,43.652,-0.153,43.664
95315,-0.030,0.053,-0.018,43.386,0.024,43.439
95316,-0.106,-0.011,0.004,43.623,-0.116,43.612
95317,-0.077,0.091,-0.070,43.370,0.015,43.461
95318,0.032,-0.000,-0.048,43.623,0.031,43.622
95319,0.016,0.018,-0.036,43.273,0.034,43.291
95320,-0.088,0.039,-0.056,43.296,-0.048,43.335
95321,0.024,0.018,0.002,43.690,0.043,43.708
95322,-0.003,0.098,-0.014,43.551,0.095,43.649
95323,-0.071,0.068,0.041,43.782,-0.003,43.850
95324,-0.103,0.011,-0.056,43.842,-0.092,43.853
95325,-0.056,0.028,-0.059,43.922,-0.028,43.950
95326,-0.215,0.045,-0.099,43.879,-0.170,43.924
95327,-0.128,0.029,-0.133,44.033,-0.099,44.062
95328,-0.110,0.006,0.002,43.844,-0.104,43.849
95329,-0.255,0.091,-0.054,43.854,-0.164,43.945
95330,0.045,-0.027,-0.024,44.399,0.018,44.372
95331,0.002,-0.014,-0.080,44.061,-0.012,44.047
95332,-0.157,0.045,-0.113,44.281,-0.112,44.327
95333,0.026,-0.017,-0.018,44.470,0.008,44.452
95334,-0.027,0.007,-0.122,44.624,-0.019,44.631
95335,0.021,0.023,-0.148,44.719,0.044,44.742
95336,-0.199,0.028,-0.186,44.914,-0.172,44.941
95337,-0.024,-0.032,-0.108,44.667,-0.056,44.635
95338,-0.041,0.023,-0.084,44.856,-0.018,44.878
95339,-0.022,-0.005,-0.017,44.675,-0.027,44.669
95340,-0.125,0.054,-0.127,44.610,-0.071,44.664
95341,-0.135,0.063,-0.080,44.949,-0.072,45.012
95342,-0.329,0.056,-0.035,44.847,-0.272,44.903
95343,-0.177,0.086,-0.059,44.910,-0.091,44.996
95344,-0.040,0.032,-0.144,44.595,-0.008,44.627
95345,-0.102,0.111,-0.113,44.604,0.009,44.715
95346,0.010,0.102,0.046,44.521,0.113,44.624
95347,0.047,0.008,0.094,44.642,0.055,44.651
95348,0.143,-0.005,0.030,44.931,0.138,44.926
95349,0.313,0.016,0.051,44.831,0.329,44.847
95350,0.025,0.077,-0.022,45.004,0.102,45.081
95351,-0.143,0.074,-0.160,45.034,-0.069,45.108
95352,-0.102,0.044,-0.076,44.890,-0.058,44.934
95353,-0.140,-0.017,-0.228,44.894,-0.157,44.877
95354,-0.166,0.042,-0.258,44.295,-0.124,44.337
95355,-0.011,0.029,-0.287,44.322,0.018,44.352
95356,0.084,-0.035,-0.146,44.538,0.049,44.503
95357,-0.173,0.083,-0.235,44.369,-0.090,44.452
95358,0.019,-0.076,-0.218,44.498,-0.057,44.422
95359,-0.128,-0.031,-0.321,44.314,-0.159,44.283
95360,-0.012,0.016,-0.239,44.493,0.004,44.510
95361,-0.018,-0.004,-0.234,44.327,-0.022,44.323
95362,-0.199,0.059,-0.118,44.407,-0.141,44.466
95363,-0.067,0.026,-0.108,44.560,-0.042,44.586
95364,0.041,0.024,-0.273,-9999.000,0.065,-9999.000
95365,0.098,0.005,-0.095,-9999.000,0.103,-9999.000
95366,0.111,0.011,-0.076,-9999.000,0.122,-9999.000
95367,-0.079,0.058,-0.150,43.680,-0.021,43.738
95368,-0.024,0.036,-0.075,43.975,0.013,44.011
95369,0.062,0.014,-0.166,44.014,0.076,44.029
95370,0.101,0.009,-0.229,44.224,0.110,44.232
95371,0.174,0.013,-0.207,44.267,0.187,44.280
95372,-0.048,0.054,-0.049,44.266,0.006,44.320
95373,0.085,0.021,-0.039,44.138,0.106,44.159
95374,-0.050,0.050,0.029,44.079,-0.001,44.129
95375,0.146,0.039,-0.129,43.748,0.185,43.788
95376,0.102,0.060,-0.150,43.766,0.162,43.826
95377,-0.021,0.001,-0.085,43.976,-0.019,43.977
95378,0.038,0.020,0.070,43.910,0.058,43.930
95379,0.159,0.016,-0.104,43.716,0.175,43.732
95380,0.213,-0.012,-0.033,43.814,0.201,43.802
95381,0.106,0.026,-0.020,43.883,0.132,43.909
95382,0.119,-0.040,-0.031,43.778,0.079,43.738
95383,0.161,-0.002,-0.003,43.827,0.160,43.825
95384,0.172,0.052,-0.118,43.719,0.224,43.771
95385,0.217,-0.011,-0.042,43.922,0.206,43.911
95386,0.188,0.012,0.055,44.024,0.199,44.036
95387,0.056,0.025,-0.038,44.217,0.080,44.241
95388,0.016,0.041,-0.047,44.080,0.057,44.121
95389,0.210,-0.068,0.073,44.306,0.142,44.238
95390,0.329,0.012,-0.092,44.132,0.340,44.144
95391,0.233,0.006,-0.098,43.855,0.239,43.861
95392,0.245,0.050,-0.065,43.727,0.294,43.776
95393,0.250,-0.007,-0.022,43.290,0.244,43.283
95394,0.274,0.041,-0.022,43.110,0.315,43.151
95395,0.091,0.028,-0.012,43.078,0.119,43.106
95396,0.185,0.043,-0.026,43.092,0.227,43.135
95397,0.063,0.008,-0.181,43.244,0.071,43.252
95398,0.136,0.029,-0.080,43.287,0.165,43.316
95399,0.267,-0.015,-0.031,43.181,0.253,43.167
95400,0.205,-0.021,-0.007,43.071,0.184,43.050
95401,0.199,-0.001,-0.032,43.327,0.199,43.327
95402,0.166,-0.030,-0.146,43.287,0.136,43.257
95403,0.191,-0.007,-0.114,43.384,0.185,43.378
95404,0.086,0.032,-0.162,43.446,0.118,43.478
95405,0.154,0.079,-0.173,43.043,0.233,43.122
95406,0.089,0.008,-0.188,42.731,0.097,42.739
95407,0.244,0.017,-0.105,42.393,0.262,42.410
95408,0.294,0.002,0.018,42.714,0.296,42.716
95409,0.299,0.074,-0.116,42.985,0.373,43.059
95410,0.118,0.056,-0.179,42.854,0.174,42.910
95411,0.268,0.005,-0.007,43.098,0.273,43.103
95412,0.345,-0.014,-0.089,43.390,0.332,43.376
95413,0.278,0.011,-0.007,43.837,0.289,43.848
95414,0.313,0.017,-0.108,44.246,0.330,44.263
95415,0.305,0.047,-0.067,44.433,0.352,44.480
95416,0.458,0.021,-0.020,44.384,0.479,44.405
95417,0.354,0.031,-0.018,44.358,0.385,44.390
95418,0.342,0.017,-0.032,44.474,0.359,44.491
95419,0.422,0.017,0.025,44.846,0.439,44.863
95420,0.340,0.064,-0.115,44.638,0.404,44.702
95421,0.308,0.039,-0.090,44.588,0.347,44.627
95422,0.305,0.029,-0.029,44.427,0.334,44.456
95423,0.249,0.003,0.082,44.474,0.251,44.477
95424,0.343,-0.026,-0.138,44.468,0.317,44.442
95425,0.194,0.011,-0.011,44.557,0.205,44.567
95426,0.027,-0.010,-0.159,44.094,0.017,44.083
95427,0.118,-0.019,-0.223,43.887,0.099,43.868
95428,0.202,-0.000,-0.217,43.907,0.201,43.907
95429,0.188,-0.005,-0.254,43.460,0.183,43.455
95430,0.314,-0.043,-0.010,43.567,0.271,43.524
95431,0.281,0.035,-0.067,43.572,0.316,43.607
95432,0.128,0.005,-0.102,43.441,0.133,43.446
95433,0.004,0.012,-0.051,43.588,0.016,43.599
95434,0.174,0.017,-0.170,43.530,0.191,43.547
95435,0.083,-0.004,-0.102,43.825,0.079,43.821
95436,0.148,0.046,-0.079,43.628,0.194,43.674
95437,0.085,-0.042,-0.040,43.849,0.044,43.807
95438,0.196,0.009,-0.140,43.548,0.204,43.557
95439,-0.032,0.009,-0.111,43.898,-0.022,43.907
95440,0.008,-0.013,-0.154,43.747,-0.005,43.734
95441,0.021,-0.046,-0.142,43.913,-0.025,43.867
95442,-0.038,0.001,0.009,43.878,-0.036,43.880
95443,-0.033,0.011,-0.073,43.806,-0.021,43.817
95444,-0.067,0.053,-0.196,43.151,-0.014,43.204
95445,-0.067,0.013,-0.156,43.224,-0.054,43.237
95446,-0.112,0.067,-0.083,43.187,-0.045,43.254
95447,0.012,0.010,-0.225,43.381,0.022,43.391
95448,0.046,0.010,-0.112,43.610,0.056,43.621
95449,-0.101,0.045,-0.185,43.934,-0.056,43.979
95450,-0.084,0.051,-0.174,43.904,-0.033,43.955
95451,-0.163,0.015,-0.215,43.614,-0.148,43.629
95452,0.015,0.045,-0.037,43.839,0.059,43.884
95453,0.048,0.067,-0.172,43.615,0.115,43.682
95454,-0.070,0.028,-0.129,43.473,-0.043,43.500
95455,-0.095,0.059,-0.038,43.366,-0.036,43.425
95456,0.113,0.001,-0.209,43.767,0.114,43.767
95457,0.005,0.021,-0.167,43.423,0.026,43.445
95458,0.102,-0.009,-0.064,43.491,0.093,43.482
95459,0.032,0.059,-0.037,43.578,0.091,43.637
95460,-0.006,0.018,-0.162,43.632,0.011,43.649
95461,0.002,0.035,-0.141,43.581,0.036,43.615
95462,0.037,0.029,-0.259,43.719,0.066,43.748
95463,-0.010,0.049,-0.045,43.683,0.039,43.733
95464,0.053,0.028,-0.161,43.890,0.081,43.918
95465,0.075,0.050,-0.138,43.615,0.126,43.665
95466,-0.161,0.030,-0.108,43.686,-0.131,43.716
95467,-0.111,0.035,-0.166,43.213,-0.075,43.248
95468,0.010,-0.013,-0.113,43.630,-0.003,43.616
95469,-0.024,0.029,-0.102,43.736,0.004,43.765
95470,-9999.000,-9999.000,-9999.000,-9999.000,-9999.000,-9999.000
95471,-9999.000,-9999.000,-9999.000,-9999.000,-9999.000,-9999.000
95472,-9999.000,-9999.000,-9999.000,-9999.000,-9999.000,-9999.000
95473,-9999.000,-9999.000,-9999.000,-9999.000,-9999.000,-9999.000
95474,-9999.000,-9999.000,-9999.000,-9999.000,-9999.000,-9999.000
95475,-9999.000,-9999.000,-9999.000,-9999.000,-9999.000,-9999.000
95476,-9999.000,-9999.000,-9999.000,-9999.000,-9999.000,-9999.000
95477,-9999.000,-9999.000,-9999.000,-9999.000,-9999.000,-9999.000
95478,-9999.000,-9999.000,-9999.000,-9999.000,-9999.000,-9999.000
95479,-9999.000,-9999.000,-9999.000,-9999.000,-9999.000,-9999.000
95480,-9999.000,-9999.000,-9999.000,-9999.000,-9999.000,-9999.000
95481,-9999.000,-9999.000,-9999.000,-9999.000,-9999.000,-9999.000
95482,-9999.000,-9999.000,-9999.000,-9999.000,-9999.000,-9999.000
95483,-9999.000,-9999.000,-9999.000,-9999.000,-9999.000,-9999.000
95484,-9999.000,-9999.000,-9999.000,-9999.000,-9999.000,-9999.000
95485,-9999.000,-9999.000,-9999.000,-9999.000,-9999.000,-9999.000
95486,-9999.000,-9999.000,-9999.000,-9999.000,-9999.000,-9999.000
95487,-9999.000,-9999.000,-9999.000,-9999.000,-9999.000,-9999.000
95488,-9999.000,-9999.000,-9999.000,-9999.000,-9999.000,-9999.000
95489,-9999.000,-9999.000,-9999.000,-9999.000,-9999.000,-9999.000
95490,-9999.000,-9999.000,-9999.000,-9999.000,-9999.000,-9999.000
95491,-9999.000,-9999.000,-9999.000,-9999.000,-9999.000,-9999.000
95492,-9999.000,-9999.000,-9999.000,-9999.000,-9999.000,-9999.000
95493,-9999.000,-9999.000,-9999.000,-9999.000,-9999.000,-9999.000
95494,-9999.000,-9999.000,-9999.000,-9999.000,-9999.000,-9999.000
95495,-9999.000,-9999.000,-9999.000,-9999.000,-9999.000,-9999.000
95496,-9999.000,-9999.000,-9999.000,-9999.000,-9999.000,-9999.000
95497,-9999.000,-9999.000,-9999.000,-9999.000,-9999.000,-9999.000
95498,-9999.000,-9999.000,-9999.000,-9999.000,-9999.000,-9999.000
95499,-9999.000,-9999.000,-9999.000,-9999.000,-9999.000,-9999.000
95500,-9999.000,-9999.000,-9999.000,-9999.000,-9999.000,-9999.000
95501,-9999.000,-9999.000,-9999.000,-9999.000,-9999.000,-9999.000
95502,-9999.000,-9999.000,-9999.000,-9999.000,-9999.000,-9999.000
95503,-9999.000,-9999.000,-9999.000,-9999.000,-9999.000,-9999.000
95504,-9999.000,-9999.000,-9999.000,-9999.000,-9999.000,-9999.000
95505,-9999.000,-9999.000,-9999.000,-9999.000,-9999.000,-9999.000
95506,-9999.000,-9999.000,-9999.000,-9999.000,-9999.000,-9999.000
95507,-0.053,0.056,-9999.000,43.274,0.003,43.331
95508,-0.229,0.148,-9999.000,43.009,-0.081,43.157
95509,0.038,-0.050,-9999.000,43.238,-0.012,43.187
95510,0.004,0.012,-9999.000,43.330,0.016,43.342
95511,0.027,0.030,0.041,43.023,0.058,43.053
95512,0.020,0.090,-0.008,42.981,0.110,43.071
95513,0.100,0.003,-0.046,43.138,0.103,43.141
95514,-0.147,0.079,0.024,43.195,-0.067,43.274
95515,-0.013,0.043,0.012,43.310,0.029,43.352
