data/rawdat/flt20220904/NOxCaRD_N57_20220904_R0.ict
39, 1001
Kristen Zuraski, Jeff Peischl, Steven. S. Brown, Wyndom S. Chace, Ken Aikin
NOAA Chemical Sciences Laboratory
NOxCaRD Instrument
CalFiDE
1, 1
2022, 09, 04, 2023, 02, 24
0
TO_Time_UTC, seconds_past_midnight
6
1, 1, 1, 1, 1, 1
-9999, -9999, -9999, -9999, -9999, -9999
NO_ppbv, ppbv
NO2_ppbv, ppbv
NOy_ppbv, ppbv
O3_ppbv, ppbv
NOx_ppbv, ppbv
Ox_ppbv, ppbv
1
N/A
18
PI_CONTACT_INFO: Address: NOAA Chemical Sciences Laboratory, Mail Stop R/CSL7, 325 Broadway, Boulder, CO 80305
PLATFORM: NOAA Twin Otter N57
LOCATION: California and Oregon
ASSOCIATED_DATA: N/A
INSTRUMENT_INFO: N/A
DATA_INFO: Units: parts per billion by volume (ppbv)
UNCERTAINTY: 5%
ULOD_FLAG: -7777
ULOD_VALUE: N/A
LLOD_FLAG: -8888
LLOD_VALUE: 50 pptv
DM_CONTACT_INFO: Data Manager: Ken Aikin; kenneth.c.aikin@noaa.gov
PROJECT_INFO: CalFiDE dates of study: August–September, 2022
STIPULATIONS_ON_USE: Use of these data require prior ok from PI.
OTHER_COMMENTS: 
REVISION: R0
R0: Final Data
TO_Time_UTC, NO_ppbv, NO2_ppbv, NOy_ppbv, O3_ppbv, NOx_ppbv, Ox_ppbv
[from data line 11898]
82218,-9999.000,-9999.000,-9999.000,-9999.000,-9999.000,-9999.000
82219,-9999.000,-9999.000,-9999.000,-9999.000,-9999.000,-9999.000
82220,-9999.000,-9999.000,-9999.000,-9999.000,-9999.000,-9999.000
82221,-9999.000,-9999.000,-9999.000,-9999.000,-9999.000,-9999.000
82222,-9999.000,-9999.000,-9999.000,-9999.000,-9999.000,-9999.000
82223,-9999.000,-9999.000,-9999.000,-9999.000,-9999.000,-9999.000
82224,0.016,0.017,-9999.000,47.263,0.033,47.280
82225,0.055,-0.094,-9999.000,48.583,-0.039,48.489
82226,-0.032,-0.041,-9999.000,48.901,-0.073,48.860
82227,0.168,-0.001,-9999.000,50.188,0.167,50.187
82228,0.031,0.042,-0.032,51.982,0.073,52.024
82229,-0.149,0.039,0.100,53.719,-0.111,53.758
82230,0.054,-0.092,-0.023,53.999,-0.038,53.906
82231,-0.015,0.007,-0.051,54.222,-0.008,54.229
82232,0.217,-0.054,-0.043,54.521,0.163,54.467
82233,-0.054,0.047,0.051,54.390,-0.008,54.436
82234,0.010,-0.064,0.098,54.633,-0.053,54.570
82235,0.009,-0.039,0.038,54.354,-0.030,54.315
82236,0.163,-0.043,0.030,54.258,0.121,54.215
82237,0.173,-0.041,0.107,54.294,0.132,54.253
82238,0.139,-0.017,0.148,54.171,0.122,54.154
82239,0.336,-0.043,0.094,54.555,0.293,54.512
82240,0.302,-0.094,0.206,54.393,0.208,54.299
82241,0.353,-0.010,0.368,54.137,0.343,54.127
82242,0.176,0.034,0.348,52.460,0.210,52.494
82243,0.251,-0.072,0.309,49.066,0.178,48.994
82244,0.230,-0.026,0.141,46.467,0.203,46.441
82245,0.272,-0.095,0.144,43.789,0.177,43.694
82246,0.286,-0.100,0.327,40.458,0.185,40.358
82247,0.174,-0.018,0.196,37.414,0.156,37.396
82248,0.180,-0.064,0.209,36.740,0.116,36.676
82249,0.157,-0.101,0.207,36.993,0.056,36.892
82250,0.159,-0.115,0.205,34.915,0.044,34.800
82251,0.344,-0.089,0.222,33.571,0.255,33.483
82252,0.057,-0.067,0.106,32.471,-0.009,32.404
82253,0.294,-0.048,0.164,30.810,0.246,30.762
82254,0.303,-0.150,0.243,30.381,0.152,30.231
82255,0.157,-0.001,0.059,-9999.000,0.156,-9999.000
82256,0.197,-0.024,0.324,-9999.000,0.173,-9999.000
82257,0.181,-0.074,0.118,-9999.000,0.107,-9999.000
82258,0.225,-0.060,0.153,30.492,0.166,30.433
82259,0.194,-0.090,0.180,30.924,0.105,30.834
82260,0.125,-0.012,0.204,31.070,0.114,31.059
82261,0.280,-0.063,0.085,31.290,0.218,31.228
82262,0.244,-0.152,0.150,31.006,0.092,30.854
82263,0.349,-0.110,0.173,30.437,0.240,30.327
82264,0.361,-0.091,0.115,30.663,0.270,30.572
82265,0.484,-0.173,0.214,30.955,0.311,30.782
82266,0.316,-0.023,0.240,30.963,0.293,30.940
82267,0.404,-0.108,0.176,31.101,0.296,30.993
82268,0.186,-0.008,0.223,31.241,0.178,31.233
82269,0.299,-0.109,0.163,31.237,0.190,31.128
82270,0.121,-0.014,0.109,31.591,0.107,31.577
82271,0.228,-0.136,0.061,32.499,0.093,32.363
82272,0.225,-0.038,0.127,34.953,0.187,34.916
82273,0.143,0.013,0.112,36.816,0.156,36.829
82274,0.121,-0.021,0.107,38.707,0.100,38.686
82275,0.048,0.006,0.142,40.311,0.054,40.317
82276,0.105,-0.003,0.125,41.431,0.101,41.428
82277,0.228,-0.048,0.113,42.607,0.180,42.560
82278,0.087,-0.020,0.076,43.601,0.067,43.582
82279,0.120,0.008,0.083,44.244,0.128,44.252
82280,-0.057,0.048,0.074,-9999.000,-0.008,-9999.000
82281,-0.028,-0.007,0.158,-9999.000,-0.035,-9999.000
82282,0.198,-0.023,0.170,-9999.000,0.176,-9999.000
82283,0.092,0.013,0.153,-9999.000,0.106,-9999.000
82284,0.045,0.007,0.084,44.588,0.052,44.596
82285,0.071,-0.069,0.021,-9999.000,0.001,-9999.000
82286,0.132,-0.064,0.121,-9999.000,0.067,-9999.000
82287,0.067,-0.085,0.088,-9999.000,-0.018,-9999.000
82288,0.069,-0.017,0.124,43.730,0.051,43.713
82289,0.106,-0.004,0.008,46.877,0.102,46.873
82290,-0.071,0.002,0.231,48.713,-0.069,48.715
82291,-0.005,0.023,0.230,49.229,0.018,49.253
82292,0.053,0.011,0.121,49.581,0.065,49.592
82293,0.171,-0.063,0.089,51.717,0.108,51.654
82294,0.099,0.025,0.184,53.700,0.123,53.725
82295,0.237,-0.061,0.209,54.212,0.176,54.151
82296,0.042,0.001,0.104,54.156,0.043,54.157
82297,0.103,-0.039,0.091,-9999.000,0.064,-9999.000
82298,0.062,-0.038,0.096,-9999.000,0.024,-9999.000
82299,0.120,-0.086,0.058,-9999.000,0.034,-9999.000
82300,0.098,-0.010,0.229,-9999.000,0.087,-9999.000
82301,-0.010,0.017,0.197,53.800,0.007,53.817
82302,-0.086,-0.007,0.157,53.382,-0.093,53.375
82303,-0.060,0.041,0.123,51.821,-0.020,51.861
82304,-0.158,0.010,0.003,50.264,-0.147,50.274
82305,-0.030,-0.029,0.016,48.174,-0.059,48.145
82306,-0.056,0.024,0.086,46.422,-0.032,46.446
82307,-0.011,-0.001,0.029,45.688,-0.012,45.688
82308,0.053,-0.106,0.057,44.158,-0.053,44.052
82309,-0.070,0.032,0.036,39.847,-0.038,39.879
82310,-0.031,-0.038,0.120,37.001,-0.069,36.964
82311,-0.054,-0.043,0.070,33.806,-0.096,33.764
82312,-0.148,0.002,-0.115,30.439,-0.146,30.441
82313,-0.046,-0.050,0.040,28.313,-0.096,28.263
82314,0.161,-0.089,-0.126,28.075,0.072,27.986
82315,-0.020,-0.077,0.048,27.736,-0.097,27.658
82316,-0.038,0.017,-0.056,28.829,-0.022,28.845
82317,0.113,-0.078,0.001,31.048,0.035,30.970
82318,-0.077,-0.053,-0.023,33.743,-0.130,33.691
82319,0.122,0.033,0.065,35.561,0.154,35.594
82320,-0.099,-0.037,0.039,35.357,-0.136,35.320
82321,0.067,-0.051,-0.011,34.621,0.016,34.570
82322,0.055,-0.052,-0.083,34.785,0.003,34.732
82323,-0.020,-0.025,-0.147,35.165,-0.045,35.140
82324,0.077,-0.043,0.013,35.387,0.034,35.344
82325,0.073,-0.066,-0.070,36.365,0.007,36.299
82326,0.154,-0.094,0.035,36.737,0.061,36.643
82327,-0.151,0.018,-0.144,37.290,-0.133,37.308
82328,-0.061,-0.032,0.029,37.361,-0.093,37.328
82329,-0.128,-0.012,-0.062,37.406,-0.140,37.394
82330,0.038,-0.094,-0.167,37.508,-0.057,37.414
82331,0.108,-0.039,-0.103,37.108,0.068,37.069
82332,0.066,-0.084,-0.083,36.595,-0.018,36.511
82333,-0.051,0.032,-0.001,36.109,-0.019,36.140
82334,-0.004,-0.042,-0.100,37.064,-0.046,37.022
82335,0.041,-0.090,0.012,37.393,-0.050,37.302
82336,0.094,-0.032,-0.036,37.350,0.062,37.318
82337,-0.155,0.013,-0.110,37.861,-0.142,37.874
82338,0.092,-0.092,-0.039,38.557,-0.000,38.464
82339,-0.096,0.013,-0.052,37.992,-0.083,38.005
82340,-0.004,-0.034,-0.184,37.241,-0.038,37.207
82341,0.051,-0.063,-0.071,36.606,-0.012,36.543
82342,-0.003,-0.035,-0.088,36.374,-0.038,36.339
82343,0.044,-0.086,-0.060,36.560,-0.041,36.474
82344,0.017,-0.025,-0.103,35.189,-0.008,35.165
82345,-0.058,0.041,0.059,-9999.000,-0.017,-9999.000
82346,0.025,-0.052,-0.058,-9999.000,-0.027,-9999.000
82347,0.132,-0.045,-0.017,-9999.000,0.087,-9999.000
82348,0.126,-0.060,-0.062,35.453,0.066,35.392
82349,-0.016,-0.064,0.021,36.876,-0.080,36.812
82350,0.088,-0.023,-0.138,37.760,0.066,37.737
82351,0.145,-0.085,-0.038,39.057,0.060,38.972
82352,0.180,-0.062,0.063,40.032,0.118,39.970
82353,-0.153,-0.014,0.011,39.794,-0.167,39.780
82354,-0.194,-0.044,-0.092,-9999.000,-0.239,-9999.000
82355,-0.026,-0.001,-0.015,-9999.000,-0.027,-9999.000
82356,-0.047,-0.032,-0.034,-9999.000,-0.079,-9999.000
82357,0.058,0.010,-0.131,41.127,0.068,41.137
82358,-0.119,-0.022,-0.094,39.377,-0.141,39.355
82359,-0.151,-0.001,0.009,41.499,-0.152,41.499
82360,0.007,-0.066,-0.127,42.971,-0.059,42.905
82361,0.065,-0.011,-0.040,43.508,0.054,43.497
82362,0.050,0.004,-0.074,43.120,0.054,43.125
82363,0.025,-0.011,0.023,42.914,0.014,42.903
82364,0.017,-0.040,0.039,43.377,-0.023,43.337
82365,-0.066,0.001,-0.018,43.315,-0.065,43.316
82366,-0.080,-0.002,-0.119,42.692,-0.082,42.690
82367,0.045,-0.065,-0.204,41.326,-0.020,41.260
82368,0.004,-0.052,-0.101,42.118,-0.049,42.065
82369,-0.011,-0.028,-0.053,42.146,-0.039,42.118
82370,-0.302,0.047,-0.056,42.526,-0.255,42.573
82371,-0.119,0.040,-0.034,42.387,-0.079,42.427
82372,0.112,-0.032,-0.099,42.147,0.079,42.114
82373,0.170,-0.110,-0.123,42.631,0.061,42.521
82374,0.098,-0.038,-0.062,42.487,0.061,42.449
82375,0.113,-0.048,0.004,42.845,0.064,42.797
82376,-0.040,0.008,-0.048,42.699,-0.032,42.706
82377,-0.093,0.004,-0.005,42.769,-0.089,42.772
82378,0.131,-0.084,0.005,41.318,0.047,41.234
82379,-0.026,-0.051,-0.115,39.543,-0.077,39.492
82380,0.069,-0.044,0.003,39.241,0.025,39.196
82381,-0.025,-0.007,0.020,39.443,-0.032,39.436
82382,0.069,0.021,-0.109,39.653,0.090,39.674
82383,-0.117,0.002,-0.071,39.310,-0.115,39.312
82384,-0.116,-0.006,-0.147,39.343,-0.121,39.337
82385,0.194,-0.050,-0.081,39.487,0.143,39.436
82386,-0.039,-0.039,0.023,39.120,-0.078,39.081
82387,0.088,-0.035,-0.031,40.495,0.053,40.460
82388,-0.079,-0.033,-0.144,41.522,-0.112,41.489
82389,0.138,-0.042,-0.056,42.365,0.095,42.323
82390,-0.002,-0.008,-0.026,41.332,-0.009,41.325
82391,-0.063,-0.047,-0.088,40.657,-0.110,40.610
82392,-0.031,-0.035,-0.058,40.489,-0.066,40.454
82393,0.030,-0.050,-0.020,40.362,-0.019,40.313
82394,-0.031,-0.087,-0.084,40.235,-0.118,40.148
82395,0.037,-0.070,-0.121,39.785,-0.034,39.714
82396,-0.013,-0.031,-0.197,39.524,-0.044,39.492
82397,-0.156,0.021,-0.085,39.550,-0.135,39.570
82398,-0.005,-0.013,-0.003,39.605,-0.018,39.593
82399,0.090,-0.107,-0.180,41.841,-0.017,41.734
82400,0.092,-0.052,-0.206,42.470,0.040,42.418
82401,0.113,-0.007,0.032,40.807,0.106,40.800
82402,0.029,-0.045,-0.050,40.261,-0.016,40.216
82403,-0.106,0.040,-0.166,40.065,-0.066,40.105
82404,0.009,0.048,-0.060,40.308,0.056,40.356
82405,0.022,-0.046,0.006,39.453,-0.024,39.407
82406,0.057,-0.051,-0.126,38.726,0.005,38.675
82407,-0.139,0.042,-0.178,39.097,-0.097,39.140
82408,0.088,-0.009,-0.085,39.114,0.079,39.105
82409,0.152,-0.070,-0.092,39.768,0.082,39.698
82410,0.026,-0.005,-0.083,40.606,0.021,40.601
82411,0.082,-0.024,-0.102,40.956,0.058,40.932
82412,0.029,-0.034,-0.110,41.391,-0.005,41.357
82413,-0.072,0.036,-0.044,41.366,-0.036,41.403
82414,0.055,-0.105,-0.040,42.063,-0.050,41.958
82415,0.068,-0.039,-0.105,43.517,0.029,43.478
82416,0.019,-0.060,-0.108,43.422,-0.041,43.362
82417,-0.133,0.048,-0.006,39.663,-0.085,39.710
82418,-0.063,0.004,-0.075,34.443,-0.058,34.447
82419,0.049,-0.039,-0.181,33.113,0.011,33.074
82420,-0.017,-0.081,-0.137,31.323,-0.098,31.242
82421,0.105,-0.083,-0.103,29.711,0.022,29.628
82422,0.102,-0.052,-0.076,28.885,0.050,28.833
82423,-0.125,-0.026,-0.126,29.115,-0.151,29.090
82424,-0.062,0.011,-0.083,29.780,-0.051,29.791
82425,0.084,-0.068,0.009,30.484,0.016,30.416
82426,0.093,0.005,-0.073,31.543,0.098,31.548
82427,-0.135,0.030,-0.141,32.805,-0.105,32.835
82428,-0.044,0.022,-0.143,33.760,-0.022,33.782
82429,0.064,-0.010,-0.055,35.337,0.053,35.327
82430,-0.017,-0.020,-0.091,39.635,-0.038,39.615
82431,-9999.000,-9999.000,-0.034,-9999.000,-0.118,42.143
82432,-9999.000,-9999.000,-0.035,-9999.000,0.074,41.183
82433,-0.026,0.023,-0.121,40.718,-0.003,40.741
82434,0.081,-0.043,-0.061,40.820,0.038,40.777
82435,0.030,-0.027,-0.055,40.653,0.003,40.626
82436,0.086,-0.059,-0.071,38.900,0.027,38.841
82437,-0.007,-0.024,-0.089,41.356,-0.031,41.331
82438,0.035,0.003,-0.040,43.879,0.039,43.883
82439,0.263,-0.006,-0.186,44.560,0.256,44.554
82440,-0.229,-0.011,-0.015,45.709,-0.240,45.698
82441,0.098,-0.028,-0.023,45.666,0.070,45.638
82442,0.080,0.001,-0.082,46.036,0.081,46.037
82443,-0.003,0.016,0.045,45.672,0.013,45.688
82444,0.147,-0.029,-0.092,45.851,0.118,45.822
82445,-0.039,-0.037,-0.172,46.527,-0.076,46.490
82446,-0.072,-0.024,-0.036,46.321,-0.096,46.297
82447,0.141,-0.075,-0.050,46.681,0.066,46.606
82448,-0.027,-0.008,-0.085,47.631,-0.035,47.623
82449,0.038,-0.009,0.004,48.170,0.029,48.161
82450,-0.070,-0.016,-0.136,48.123,-0.086,48.107
82451,0.058,-0.075,-0.054,45.397,-0.017,45.322
82452,0.088,-0.038,-0.031,-9999.000,0.050,-9999.000
82453,-0.063,-0.033,0.037,-9999.000,-0.096,-9999.000
82454,0.031,-0.047,-0.001,-9999.000,-0.016,-9999.000
82455,0.051,0.023,-0.131,43.192,0.074,43.215
82456,0.032,-0.018,-0.016,42.369,0.013,42.351
82457,-0.062,-0.034,-0.086,41.865,-0.096,41.831
82458,-9999.000,-9999.000,-0.033,-9999.000,0.012,39.985
82459,-9999.000,-9999.000,0.029,-9999.000,0.002,40.038
82460,0.000,-0.042,-0.019,40.935,-0.042,40.892
82461,-0.035,-0.071,-0.012,40.549,-0.107,40.477
82462,0.094,-0.009,0.083,37.259,0.084,37.250
82463,-0.013,0.010,-0.016,34.155,-0.003,34.165
82464,0.032,-0.006,0.021,31.824,0.026,31.818
82465,0.032,0.002,-0.011,30.322,0.034,30.324
82466,0.002,-0.036,-0.116,-9999.000,-0.034,-9999.000
82467,-0.098,0.038,-0.128,-9999.000,-0.060,-9999.000
82468,0.102,-0.074,0.032,-9999.000,0.028,-9999.000
82469,-0.042,0.006,-0.021,29.678,-0.036,29.684
82470,-0.085,-0.023,-0.079,31.292,-0.108,31.269
82471,-0.033,-0.051,-0.021,32.798,-0.084,32.747
82472,-0.038,-0.007,-0.030,35.236,-0.045,35.230
82473,0.057,-0.059,-0.063,38.799,-0.003,38.739
82474,-0.013,-0.085,0.038,40.637,-0.098,40.552
82475,-0.025,-0.063,-0.009,-9999.000,-0.088,-9999.000
82476,-0.058,-0.015,0.001,-9999.000,-0.073,-9999.000
82477,0.035,-0.067,-0.011,-9999.000,-0.032,-9999.000
82478,0.026,-0.021,-0.041,40.499,0.006,40.479
82479,0.017,0.006,0.084,42.475,0.022,42.481
82480,-0.056,-0.044,-0.095,41.421,-0.100,41.377
82481,-0.069,0.004,-0.036,42.595,-0.065,42.599
82482,0.008,-0.016,-0.035,42.839,-0.009,42.823
82483,0.011,0.067,-0.013,42.045,0.078,42.111
82484,-0.085,0.002,0.027,-9999.000,-0.083,-9999.000
82485,-0.037,-0.067,-0.076,-9999.000,-0.104,-9999.000
82486,0.064,-0.064,0.000,-9999.000,-0.000,-9999.000
82487,-0.019,-0.031,-0.016,42.338,-0.049,42.307
82488,-0.156,-0.019,-0.070,41.321,-0.175,41.302
82489,-9999.000,-9999.000,-0.104,-9999.000,-0.014,39.430
82490,-9999.000,-9999.000,0.027,-9999.000,-0.019,38.984
82491,-0.222,0.203,-0.063,38.232,-0.019,38.434
82492,0.016,-0.004,-0.042,37.806,0.013,37.803
82493,0.080,-0.083,-0.003,37.513,-0.004,37.430
82494,0.021,-0.032,-0.000,36.584,-0.011,36.551
82495,-0.056,-0.049,-0.035,35.863,-0.105,35.813
82496,0.105,-0.041,-0.072,34.342,0.064,34.301
82497,-0.039,-0.046,-0.028,31.942,-0.085,31.896
82498,-0.043,-0.033,0.135,29.511,-0.077,29.478
82499,0.084,-0.067,0.016,28.779,0.017,28.712
82500,-0.066,-0.101,-0.196,-9999.000,-0.168,-9999.000
82501,-0.084,-0.049,-0.088,-9999.000,-0.133,-9999.000
82502,0.115,-0.066,-0.013,-9999.000,0.049,-9999.000
82503,0.153,-0.072,-0.034,27.635,0.080,27.563
82504,0.019,-0.094,-0.054,28.807,-0.075,28.712
82505,-0.137,0.003,-0.023,30.931,-0.133,30.935
82506,0.001,0.007,-0.006,33.612,0.007,33.618
82507,0.053,-0.074,0.075,33.907,-0.021,33.833
82508,0.123,0.002,-0.023,34.461,0.124,34.462
82509,-0.099,-0.072,0.129,35.088,-0.171,35.016
82510,0.178,-0.105,0.087,35.475,0.073,35.370
82511,-0.076,-0.045,-0.069,35.159,-0.121,35.114
82512,0.021,-0.048,0.031,34.554,-0.027,34.506
82513,0.054,-0.024,0.047,34.010,0.030,33.986
82514,-0.141,0.040,-0.011,33.789,-0.101,33.828
82515,-0.042,0.004,-0.026,33.063,-0.038,33.067
82516,0.020,-0.013,-0.084,30.054,0.007,30.041
82517,0.020,0.023,-0.115,-9999.000,0.043,-9999.000
82518,-0.145,0.009,-0.144,-9999.000,-0.136,-9999.000
82519,0.056,-0.065,-0.158,-9999.000,-0.009,-9999.000
82520,-0.009,-0.023,-0.083,29.681,-0.032,29.658
82521,-0.054,-0.005,-0.100,32.621,-0.059,32.616
82522,0.087,-0.017,-0.058,35.598,0.070,35.581
82523,0.048,-0.039,-0.017,38.363,0.009,38.325
82524,0.094,0.010,-0.148,41.194,0.104,41.203
82525,0.080,-0.042,-0.116,42.231,0.038,42.189
82526,0.131,0.004,-0.080,42.613,0.135,42.617
82527,-9999.000,-9999.000,-9999.000,-9999.000,-9999.000,-9999.000
82528,-9999.000,-9999.000,-9999.000,-9999.000,-9999.000,-9999.000
82529,-9999.000,-9999.000,-9999.000,-9999.000,-9999.000,-9999.000
82530,-9999.000,-9999.000,-9999.000,-9999.000,-9999.000,-9999.000
82531,-9999.000,-9999.000,-9999.000,-9999.000,-9999.000,-9999.000
82532,-9999.000,-9999.000,-9999.000,-9999.000,-9999.000,-9999.000
82533,-9999.000,-9999.000,-9999.000,-9999.000,-9999.000,-9999.000
82534,-9999.000,-9999.000,-9999.000,-9999.000,-9999.000,-9999.000
82535,-9999.000,-9999.000,-9999.000,-9999.000,-9999.000,-9999.000
82536,-9999.000,-9999.000,-9999.000,-9999.000,-9999.000,-9999.000
82537,-9999.000,-9999.000,-9999.000,-9999.000,-9999.000,-9999.000
82538,-9999.000,-9999.000,-9999.000,-9999.000,-9999.000,-9999.000
82539,-9999.000,-9999.000,-9999.000,-9999.000,-9999.000,-9999.000
82540,-9999.000,-9999.000,-9999.000,-9999.000,-9999.000,-9999.000
82541,-9999.000,-9999.000,-9999.000,-9999.000,-9999.000,-9999.000
82542,-9999.000,-9999.000,-9999.000,-9999.000,-9999.000,-9999.000
82543,-9999.000,-9999.000,-9999.000,-9999.000,-9999.000,-9999.000
82544,-9999.000,-9999.000,-9999.000,-9999.000,-9999.000,-9999.000
82545,-9999.000,-9999.000,-9999.000,-9999.000,-9999.000,-9999.000
