data/rawdat/flt20220904/NOxCaRD_N57_20220904_R0.ict
39, 1001
Kristen Zuraski, Jeff Peischl, Steven. S. Brown, Wyndom S. Chace, Ken Aikin
NOAA Chemical Sciences Laboratory
NOxCaRD Instrument
CalFiDE
1, 1
2022, 09, 04, 2023, 02, 24
0
TO_Time_UTC, seconds_past_midnight
6
1, 1, 1, 1, 1, 1
-9999, -9999, -9999, -9999, -9999, -9999
NO_ppbv, ppbv
NO2_ppbv, ppbv
NOy_ppbv, ppbv
O3_ppbv, ppbv
NOx_ppbv, ppbv
Ox_ppbv, ppbv
1
N/A
18
PI_CONTACT_INFO: Address: NOAA Chemical Sciences Laboratory, Mail Stop R/CSL7, 325 Broadway, Boulder, CO 80305
PLATFORM: NOAA Twin Otter N57
LOCATION: California and Oregon
ASSOCIATED_DATA: N/A
INSTRUMENT_INFO: N/A
DATA_INFO: Units: parts per billion by volume (ppbv)
UNCERTAINTY: 5%
ULOD_FLAG: -7777
ULOD_VALUE: N/A
LLOD_FLAG: -8888
LLOD_VALUE: 50 pptv
DM_CONTACT_INFO: Data Manager: Ken Aikin; kenneth.c.aikin@noaa.gov
PROJECT_INFO: CalFiDE dates of study: August–September, 2022
STIPULATIONS_ON_USE: Use of these data require prior ok from PI.
OTHER_COMMENTS: 
REVISION: R0
R0: Final Data
TO_Time_UTC, NO_ppbv, NO2_ppbv, NOy_ppbv, O3_ppbv, NOx_ppbv, Ox_ppbv
[from data line 15568]
90267,0.069,-0.027,-0.234,51.250,0.042,51.223
90268,0.109,-0.112,-0.247,51.360,-0.003,51.248
90269,0.078,-0.042,-0.324,51.344,0.036,51.302
90270,0.153,-0.076,-0.259,51.134,0.077,51.058
90271,0.202,-0.097,-0.320,51.219,0.105,51.122
90272,0.116,-0.056,-0.225,51.353,0.059,51.296
90273,0.105,-0.122,-0.230,51.437,-0.017,51.315
90274,0.143,-0.077,-0.327,51.617,0.066,51.540
90275,0.077,-0.145,-0.258,51.531,-0.068,51.386
90276,0.116,-0.061,-0.233,51.455,0.056,51.394
90277,0.100,-0.028,-0.202,51.488,0.072,51.460
90278,0.008,-0.086,-0.170,51.665,-0.078,51.579
90279,-0.067,-0.007,-0.378,51.494,-0.073,51.488
90280,0.167,-0.034,-0.193,-9999.000,0.133,-9999.000
90281,0.076,-0.053,-0.213,-9999.000,0.022,-9999.000
90282,0.022,-0.039,-0.091,-9999.000,-0.017,-9999.000
90283,0.145,-0.022,-0.173,-9999.000,0.122,-9999.000
90284,0.183,-0.081,-0.249,51.284,0.102,51.204
90285,0.046,-0.135,-0.132,51.387,-0.089,51.252
90286,0.179,-0.051,-0.201,51.182,0.127,51.131
90287,-0.026,-0.074,-0.338,51.195,-0.100,51.120
90288,0.110,-0.112,-0.175,50.905,-0.002,50.793
90289,0.085,-0.086,-0.073,50.456,-0.001,50.370
90290,0.149,-0.123,-0.115,50.272,0.026,50.149
90291,0.203,-0.154,-0.119,49.821,0.049,49.667
90292,0.123,-0.058,-0.088,49.194,0.066,49.136
90293,0.009,-0.062,-0.049,49.186,-0.053,49.124
90294,0.119,-0.101,-0.096,49.049,0.017,48.948
90295,-0.044,-0.100,-0.123,48.885,-0.144,48.785
90296,0.012,-0.084,-0.102,49.054,-0.071,48.970
90297,0.117,-0.118,-0.113,49.277,-0.001,49.160
90298,0.022,-0.047,-0.091,49.300,-0.025,49.252
90299,0.072,-0.073,-0.131,49.325,-0.001,49.252
90300,0.108,-0.059,-0.115,49.151,0.049,49.092
90301,0.211,-0.090,-0.071,49.309,0.121,49.220
90302,0.265,-0.153,-0.094,49.271,0.112,49.118
90303,0.124,-0.055,-0.104,49.350,0.069,49.294
90304,0.136,-0.093,-0.119,49.270,0.043,49.177
90305,0.060,0.003,-0.138,49.462,0.063,49.465
90306,0.065,-0.070,-0.085,49.741,-0.004,49.671
90307,-0.040,-0.018,-0.043,49.430,-0.059,49.412
90308,0.208,-0.051,0.004,49.557,0.157,49.506
90309,0.152,-0.064,-0.174,49.433,0.088,49.369
90310,0.129,-0.091,-0.109,49.628,0.038,49.538
90311,-0.047,-0.064,-0.192,49.665,-0.110,49.602
90312,0.018,-0.022,-0.039,49.733,-0.003,49.711
90313,0.018,-0.072,-0.164,49.362,-0.055,49.289
90314,0.092,-0.069,-0.022,49.507,0.022,49.438
90315,0.071,-0.059,-0.209,49.599,0.011,49.540
90316,0.114,-0.082,-0.092,49.775,0.032,49.693
90317,-0.027,0.018,-0.096,50.534,-0.009,50.553
90318,0.129,-0.014,-0.155,50.887,0.115,50.873
90319,-0.027,-0.036,-0.141,51.000,-0.063,50.964
90320,0.080,-0.055,-0.026,51.056,0.025,51.001
90321,-0.022,-0.024,-0.129,51.245,-0.047,51.221
90322,0.084,-0.045,-0.155,51.349,0.039,51.305
90323,0.204,-0.001,-0.073,51.900,0.203,51.899
90324,0.158,-0.137,-0.091,52.370,0.021,52.233
90325,0.210,-0.064,0.010,52.225,0.146,52.162
90326,0.134,-0.048,-0.136,52.288,0.086,52.240
90327,0.053,-0.017,-0.113,52.065,0.036,52.047
90328,0.093,-0.014,-0.216,52.345,0.079,52.331
90329,0.006,-0.037,-0.082,52.304,-0.032,52.266
90330,0.042,-0.046,-0.131,52.270,-0.003,52.225
90331,-0.073,0.057,-0.135,52.051,-0.017,52.108
90332,0.092,-0.006,-0.080,52.313,0.086,52.307
90333,-0.020,-0.038,-0.071,52.303,-0.057,52.265
90334,0.271,-0.059,-0.204,-9999.000,0.213,-9999.000
90335,-0.021,-0.048,-0.154,-9999.000,-0.069,-9999.000
90336,0.082,-0.012,-0.137,-9999.000,0.071,-9999.000
90337,0.079,-0.058,-0.117,52.001,0.020,51.943
90338,0.047,-0.004,-0.189,51.528,0.043,51.524
90339,0.190,-0.106,-0.116,51.006,0.085,50.901
90340,0.004,-0.041,-0.182,50.241,-0.037,50.200
90341,0.118,-0.040,-0.112,49.929,0.078,49.888
90342,-0.047,0.028,-0.152,49.487,-0.019,49.515
90343,0.159,-0.041,-0.224,49.411,0.118,49.370
90344,0.153,-0.019,-0.162,49.801,0.134,49.782
90345,-0.012,0.007,-0.257,50.067,-0.005,50.074
90346,0.014,0.058,-0.068,50.463,0.072,50.521
90347,0.200,-0.043,-0.036,50.786,0.157,50.743
90348,0.019,-0.023,-0.108,50.729,-0.003,50.706
90349,0.012,0.037,-0.192,50.543,0.049,50.580
90350,0.092,0.014,-0.124,50.395,0.107,50.409
90351,0.076,0.012,-0.159,50.480,0.088,50.491
90352,-0.025,0.045,-0.132,50.578,0.020,50.623
90353,-0.097,0.027,-0.075,50.736,-0.070,50.762
90354,0.066,-0.016,-0.179,50.613,0.050,50.597
90355,0.047,0.006,-0.099,50.708,0.053,50.714
90356,-0.087,0.018,-0.200,50.721,-0.069,50.739
90357,0.111,-0.008,-0.186,50.755,0.103,50.748
90358,0.114,-0.015,-0.163,50.922,0.099,50.907
90359,0.164,-0.060,-0.172,50.824,0.105,50.764
90360,0.039,-0.067,-0.043,51.055,-0.028,50.988
90361,0.013,-0.016,-0.071,50.821,-0.004,50.805
90362,-0.104,0.001,-0.157,50.786,-0.104,50.787
90363,0.031,-0.026,-0.148,51.027,0.005,51.001
90364,0.032,-0.004,-0.096,51.102,0.028,51.097
90365,-0.134,-0.004,-0.262,51.005,-0.138,51.001
90366,0.003,0.021,-0.187,51.135,0.024,51.157
90367,-0.007,0.040,-0.176,51.194,0.034,51.235
90368,0.025,-0.006,-0.184,51.176,0.019,51.170
90369,0.115,-0.036,-0.114,50.988,0.079,50.952
90370,0.053,-0.008,-0.185,51.091,0.045,51.083
90371,-9999.000,-9999.000,-9999.000,-9999.000,-9999.000,-9999.000
90372,-9999.000,-9999.000,-9999.000,-9999.000,-9999.000,-9999.000
90373,-9999.000,-9999.000,-9999.000,-9999.000,-9999.000,-9999.000
90374,-9999.000,-9999.000,-9999.000,-9999.000,-9999.000,-9999.000
90375,-9999.000,-9999.000,-9999.000,-9999.000,-9999.000,-9999.000
90376,-9999.000,-9999.000,-9999.000,-9999.000,-9999.000,-9999.000
90377,-9999.000,-9999.000,-9999.000,-9999.000,-9999.000,-9999.000
90378,-9999.000,-9999.000,-9999.000,-9999.000,-9999.000,-9999.000
90379,-9999.000,-9999.000,-9999.000,-9999.000,-9999.000,-9999.000
90380,-9999.000,-9999.000,-9999.000,-9999.000,-9999.000,-9999.000
90381,-9999.000,-9999.000,-9999.000,-9999.000,-9999.000,-9999.000
90382,-9999.000,-9999.000,-9999.000,-9999.000,-9999.000,-9999.000
90383,-9999.000,-9999.000,-9999.000,-9999.000,-9999.000,-9999.000
90384,-9999.000,-9999.000,-9999.000,-9999.000,-9999.000,-9999.000
90385,-9999.000,-9999.000,-9999.000,-9999.000,-9999.000,-9999.000
90386,-9999.000,-9999.000,-9999.000,-9999.000,-9999.000,-9999.000
90387,-9999.000,-9999.000,-9999.000,-9999.000,-9999.000,-9999.000
90388,-9999.000,-9999.000,-9999.000,-9999.000,-9999.000,-9999.000
90389,-9999.000,-9999.000,-9999.000,-9999.000,-9999.000,-9999.000
90390,-9999.000,-9999.000,-9999.000,-9999.000,-9999.000,-9999.000
90391,-9999.000,-9999.000,-9999.000,-9999.000,-9999.000,-9999.000
90392,-9999.000,-9999.000,-9999.000,-9999.000,-9999.000,-9999.000
90393,-9999.000,-9999.000,-9999.000,-9999.000,-9999.000,-9999.000
90394,-9999.000,-9999.000,-9999.000,-9999.000,-9999.000,-9999.000
90395,-9999.000,-9999.000,-9999.000,-9999.000,-9999.000,-9999.000
90396,-9999.000,-9999.000,-9999.000,-9999.000,-9999.000,-9999.000
90397,-9999.000,-9999.000,-9999.000,-9999.000,-9999.000,-9999.000
90398,-9999.000,-9999.000,-9999.000,-9999.000,-9999.000,-9999.000
90399,-9999.000,-9999.000,-9999.000,-9999.000,-9999.000,-9999.000
90400,-9999.000,-9999.000,-9999.000,-9999.000,-9999.000,-9999.000
90401,-9999.000,-9999.000,-9999.000,-9999.000,-9999.000,-9999.000
90402,-9999.000,-9999.000,-9999.000,-9999.000,-9999.000,-9999.000
90403,-9999.000,-9999.000,-9999.000,-9999.000,-9999.000,-9999.000
90404,-9999.000,-9999.000,-9999.000,-9999.000,-9999.000,-9999.000
90405,-9999.000,-9999.000,-9999.000,-9999.000,-9999.000,-9999.000
90406,-9999.000,-9999.000,-9999.000,-9999.000,-9999.000,-9999.000
90407,-9999.000,-9999.000,-9999.000,-9999.000,-9999.000,-9999.000
90408,0.061,0.042,-9999.000,50.301,0.103,50.343
90409,0.212,0.015,-9999.000,50.707,0.227,50.723
90410,-0.130,-0.007,-9999.000,50.869,-0.137,50.862
90411,-0.009,0.038,-9999.000,51.081,0.029,51.119
90412,0.202,-0.024,0.230,51.350,0.179,51.326
90413,0.040,0.000,0.034,51.476,0.041,51.476
90414,-0.065,0.075,-0.077,51.732,0.010,51.807
90415,0.058,0.015,0.126,51.877,0.073,51.891
90416,-0.034,0.052,0.176,52.431,0.018,52.483
90417,-0.009,0.052,0.175,52.783,0.043,52.835
90418,-0.138,0.033,0.018,52.639,-0.105,52.672
90419,0.005,0.086,0.045,52.749,0.091,52.835
90420,-0.139,-0.022,0.069,52.612,-0.161,52.590
90421,0.010,0.074,-0.005,52.410,0.083,52.483
90422,-0.038,0.018,0.124,52.586,-0.020,52.604
90423,-0.153,0.035,0.067,52.798,-0.118,52.833
90424,0.086,0.015,0.094,52.534,0.101,52.549
90425,0.048,0.044,0.155,52.691,0.092,52.735
90426,-0.095,0.052,0.142,52.662,-0.043,52.714
90427,-0.094,0.060,0.039,52.676,-0.034,52.736
90428,-0.093,-0.002,0.114,52.805,-0.094,52.803
90429,-0.018,0.020,0.119,52.771,0.002,52.791
90430,-0.062,0.058,0.016,52.553,-0.004,52.610
90431,-0.073,0.069,0.093,52.734,-0.003,52.804
90432,0.093,0.032,0.062,52.666,0.125,52.698
90433,-0.071,0.080,0.092,52.738,0.010,52.818
90434,-0.046,0.013,0.135,52.641,-0.033,52.654
90435,0.030,0.102,0.241,52.566,0.132,52.668
90436,-0.068,0.047,-0.037,52.720,-0.021,52.767
90437,0.154,-0.030,0.085,52.643,0.124,52.613
90438,0.112,0.029,0.070,52.648,0.140,52.677
90439,0.048,-0.013,0.043,-9999.000,0.035,-9999.000
90440,0.070,-0.026,0.032,-9999.000,0.045,-9999.000
90441,-0.056,0.058,0.142,-9999.000,0.002,-9999.000
90442,-0.158,0.061,0.144,-9999.000,-0.097,-9999.000
90443,-0.078,0.050,0.021,52.461,-0.028,52.510
90444,-0.116,0.054,0.118,52.780,-0.062,52.834
90445,0.125,-0.075,0.023,52.427,0.050,52.352
90446,-0.010,0.051,0.100,52.398,0.041,52.449
90447,-0.149,0.072,0.172,52.621,-0.077,52.693
90448,0.081,0.040,0.114,52.751,0.121,52.791
90449,0.033,0.017,0.051,52.732,0.051,52.750
90450,-0.057,0.033,0.052,52.323,-0.024,52.356
90451,-0.019,0.050,0.105,52.461,0.031,52.510
90452,0.040,0.055,0.128,52.397,0.096,52.452
90453,-0.039,0.003,0.055,52.389,-0.036,52.392
90454,0.193,0.006,-0.105,52.372,0.198,52.377
90455,0.095,0.057,-0.002,52.245,0.152,52.302
90456,-0.047,0.081,0.035,52.300,0.034,52.381
90457,-0.081,0.068,0.120,52.355,-0.013,52.423
90458,-0.144,0.034,0.041,52.371,-0.110,52.405
90459,-0.027,0.040,0.089,52.345,0.013,52.386
90460,-0.013,0.033,0.060,52.136,0.020,52.169
90461,-0.036,0.008,-0.066,51.764,-0.028,51.772
90462,-0.017,-0.002,0.123,51.465,-0.020,51.463
90463,-0.043,0.085,0.044,51.263,0.043,51.348
90464,-0.081,0.065,0.023,51.298,-0.016,51.363
90465,-0.107,0.045,0.061,51.254,-0.062,51.299
90466,-0.127,0.049,0.045,50.985,-0.078,51.034
90467,0.009,-0.002,0.070,51.046,0.007,51.043
90468,-0.068,-0.017,0.053,50.976,-0.085,50.960
90469,-0.040,0.031,0.041,50.651,-0.008,50.683
90470,-0.070,0.059,0.075,50.484,-0.011,50.544
90471,0.012,0.038,0.060,50.494,0.050,50.532
90472,0.147,-0.039,0.065,50.648,0.107,50.609
90473,-0.133,0.079,0.194,50.499,-0.054,50.578
90474,-0.012,0.004,0.025,50.545,-0.007,50.550
90475,0.225,-0.040,0.042,50.636,0.185,50.595
90476,0.095,-0.020,0.010,50.674,0.075,50.655
90477,0.020,-0.011,0.065,50.597,0.009,50.587
90478,0.119,-0.030,0.032,50.574,0.089,50.544
90479,-0.058,0.007,0.046,50.170,-0.051,50.178
90480,-0.101,0.045,0.011,50.324,-0.056,50.369
90481,0.085,0.005,-0.001,50.388,0.090,50.392
90482,0.079,0.006,0.113,50.144,0.085,50.150
90483,0.010,-0.018,-0.035,50.234,-0.008,50.216
90484,0.104,-0.061,0.175,50.179,0.043,50.118
90485,0.056,-0.090,0.113,50.141,-0.034,50.051
90486,0.097,-0.052,0.046,49.991,0.045,49.939
90487,0.053,-0.037,0.046,50.088,0.016,50.051
90488,0.140,0.013,0.162,50.075,0.153,50.088
90489,0.132,-0.064,-0.002,50.263,0.068,50.199
90490,0.156,-0.041,0.122,50.191,0.115,50.150
90491,-0.071,-0.004,0.072,-9999.000,-0.076,-9999.000
90492,0.231,-0.057,0.066,-9999.000,0.174,-9999.000
90493,0.076,-0.042,0.080,-9999.000,0.034,-9999.000
90494,0.039,-0.014,0.053,-9999.000,0.025,-9999.000
90495,0.085,-0.017,0.230,49.916,0.068,49.900
90496,-0.019,0.007,0.033,50.007,-0.013,50.013
90497,0.127,-0.016,0.130,50.068,0.111,50.052
90498,0.032,0.007,-0.023,49.891,0.039,49.898
90499,0.209,-0.030,0.077,49.867,0.178,49.836
90500,0.157,-0.049,0.027,49.998,0.108,49.949
90501,0.073,0.001,0.099,49.926,0.073,49.927
90502,-0.142,-0.025,0.110,50.001,-0.167,49.975
90503,0.099,-0.030,0.079,50.056,0.069,50.026
90504,0.005,-0.099,0.041,50.100,-0.094,50.000
90505,0.015,-0.015,0.019,49.759,0.000,49.744
90506,0.227,-0.080,0.104,49.907,0.148,49.827
90507,-0.076,0.039,0.129,49.631,-0.037,49.670
90508,0.116,-0.043,0.130,49.595,0.073,49.552
90509,0.274,-0.044,0.124,49.441,0.230,49.398
90510,-0.049,-0.030,0.038,49.352,-0.079,49.322
90511,0.057,0.015,-0.001,49.425,0.072,49.440
90512,0.115,0.017,0.071,49.059,0.132,49.076
90513,0.123,-0.026,0.031,49.260,0.097,49.234
90514,0.128,-0.000,0.024,49.038,0.127,49.038
90515,0.090,-0.056,0.073,49.135,0.035,49.080
90516,0.046,-0.001,0.045,48.948,0.045,48.947
90517,-0.036,-0.033,0.020,49.152,-0.069,49.119
90518,-0.059,-0.013,0.070,49.139,-0.072,49.125
90519,-0.104,-0.004,0.036,49.172,-0.108,49.168
90520,-0.018,0.033,0.014,49.087,0.015,49.120
90521,-0.030,-0.001,0.042,49.211,-0.032,49.210
90522,0.156,-0.044,-0.195,49.351,0.112,49.307
90523,-0.000,0.024,-0.040,49.262,0.024,49.286
90524,0.099,-0.109,0.012,49.629,-0.010,49.520
90525,0.083,-0.021,0.051,49.603,0.062,49.582
90526,0.007,-0.034,-0.001,49.774,-0.027,49.740
90527,0.046,-0.017,0.005,49.823,0.030,49.806
90528,-0.053,0.018,0.061,50.213,-0.035,50.231
90529,-0.028,0.016,0.005,50.104,-0.011,50.121
90530,0.028,0.006,-0.152,50.308,0.034,50.314
90531,0.109,0.038,-0.021,50.277,0.147,50.315
90532,0.026,-0.014,-0.044,50.126,0.013,50.113
90533,0.075,-0.087,0.015,50.565,-0.012,50.477
90534,-0.007,0.015,-0.145,50.411,0.008,50.425
90535,0.060,-0.055,-0.051,50.568,0.005,50.513
90536,-0.047,-0.009,-0.035,50.444,-0.056,50.435
90537,0.051,-0.035,-0.086,50.627,0.016,50.593
90538,0.038,-0.014,-0.076,50.609,0.024,50.595
90539,0.042,-0.087,-0.127,50.483,-0.045,50.396
90540,0.034,-0.028,-0.019,50.648,0.006,50.620
90541,0.004,-0.069,-0.069,50.726,-0.065,50.657
90542,0.031,-0.069,-0.115,50.633,-0.038,50.564
90543,0.205,0.003,-0.079,50.421,0.208,50.424
90544,0.185,-0.021,-0.139,-9999.000,0.163,-9999.000
90545,0.054,-0.046,0.013,-9999.000,0.008,-9999.000
90546,0.188,-0.064,-0.116,-9999.000,0.124,-9999.000
90547,0.014,-0.010,-0.220,-9999.000,0.004,-9999.000
90548,0.081,-0.042,-0.191,50.375,0.039,50.333
90549,0.131,-0.064,-0.089,50.685,0.068,50.621
90550,-0.014,-0.013,-0.207,50.559,-0.027,50.546
90551,-0.051,0.012,-0.153,50.979,-0.039,50.991
90552,0.044,0.022,-0.096,51.351,0.065,51.372
90553,0.206,0.048,-0.065,51.369,0.254,51.417
90554,-0.084,0.057,-0.092,51.730,-0.027,51.787
90555,-0.209,-0.042,-0.088,52.039,-0.251,51.997
90556,0.075,-0.006,-0.160,52.029,0.069,52.024
90557,0.045,-0.073,-0.109,51.915,-0.029,51.842
90558,0.010,-0.053,-0.157,52.038,-0.043,51.985
90559,-0.016,0.018,-0.072,52.238,0.002,52.256
90560,0.078,-0.096,-0.098,52.752,-0.018,52.656
90561,-0.042,-0.012,-0.099,52.439,-0.053,52.427
90562,0.004,-0.030,-0.139,52.728,-0.026,52.698
90563,0.060,-0.006,-0.179,52.889,0.054,52.883
90564,0.025,0.022,-0.164,52.559,0.047,52.581
90565,0.059,-0.001,-0.195,52.702,0.058,52.701
90566,-0.047,-0.016,-0.020,52.800,-0.063,52.784
90567,0.112,-0.064,-0.190,52.868,0.048,52.804
90568,0.021,0.024,-0.075,52.684,0.045,52.707
90569,0.100,-0.060,-0.155,52.994,0.040,52.934
90570,0.051,-0.030,-0.076,52.768,0.021,52.738
90571,-0.013,-0.003,-0.044,52.687,-0.016,52.684
90572,0.277,-0.055,-0.111,52.630,0.222,52.574
90573,-0.058,-0.027,-0.020,52.800,-0.085,52.774
90574,0.215,-0.066,-0.160,52.886,0.149,52.820
90575,0.157,0.011,-0.065,52.775,0.168,52.786
90576,-0.205,0.035,-0.108,52.578,-0.170,52.613
90577,-0.042,0.034,-0.249,52.342,-0.008,52.376
90578,0.053,-0.004,-0.106,52.369,0.049,52.366
90579,0.078,-0.023,-0.117,51.828,0.055,51.805
90580,0.149,-0.073,-0.232,51.771,0.075,51.698
90581,-0.063,0.045,-0.291,51.192,-0.018,51.237
90582,0.154,-0.089,-0.253,51.415,0.065,51.326
90583,-0.041,0.001,-0.050,51.114,-0.040,51.115
90584,0.043,0.014,-0.169,50.992,0.057,51.006
90585,0.115,-0.010,-0.240,51.266,0.105,51.256
90586,0.165,-0.100,-0.101,51.385,0.065,51.285
90587,0.167,-0.045,-0.190,51.917,0.122,51.873
90588,0.080,-0.032,-0.214,52.466,0.048,52.433
90589,0.092,0.012,-0.131,52.770,0.104,52.782
90590,0.004,0.065,-0.191,52.604,0.069,52.669
90591,-0.037,-0.042,-0.131,52.696,-0.079,52.653
90592,-0.012,-0.071,-0.139,52.856,-0.083,52.784
90593,-0.138,-0.038,-0.082,52.992,-0.176,52.954
90594,-0.019,0.010,-0.048,52.702,-0.009,52.712
