data/rawdat/flt20220904/NOxCaRD_N57_20220904_R0.ict
39, 1001
Kristen Zuraski, Jeff Peischl, Steven. S. Brown, Wyndom S. Chace, Ken Aikin
NOAA Chemical Sciences Laboratory
NOxCaRD Instrument
CalFiDE
1, 1
2022, 09, 04, 2023, 02, 24
0
TO_Time_UTC, seconds_past_midnight
6
1, 1, 1, 1, 1, 1
-9999, -9999, -9999, -9999, -9999, -9999
NO_ppbv, ppbv
NO2_ppbv, ppbv
NOy_ppbv, ppbv
O3_ppbv, ppbv
NOx_ppbv, ppbv
Ox_ppbv, ppbv
1
N/A
18
PI_CONTACT_INFO: Address: NOAA Chemical Sciences Laboratory, Mail Stop R/CSL7, 325 Broadway, Boulder, CO 80305
PLATFORM: NOAA Twin Otter N57
LOCATION: California and Oregon
ASSOCIATED_DATA: N/A
INSTRUMENT_INFO: N/A
DATA_INFO: Units: parts per billion by volume (ppbv)
UNCERTAINTY: 5%
ULOD_FLAG: -7777
ULOD_VALUE: N/A
LLOD_FLAG: -8888
LLOD_VALUE: 50 pptv
DM_CONTACT_INFO: Data Manager: Ken Aikin; kenneth.c.aikin@noaa.gov
PROJECT_INFO: CalFiDE dates of study: August–September, 2022
STIPULATIONS_ON_USE: Use of these data require prior ok from PI.
OTHER_COMMENTS: 
REVISION: R0
R0: Final Data
TO_Time_UTC, NO_ppbv, NO2_ppbv, NOy_ppbv, O3_ppbv, NOx_ppbv, Ox_ppbv
[from data line 19824]
94523,-0.132,0.003,-0.005,43.551,-0.129,43.555
94524,-0.195,0.007,-0.028,43.857,-0.188,43.865
94525,0.047,0.002,-0.023,44.129,0.049,44.131
94526,-0.004,0.049,-0.034,44.393,0.045,44.441
94527,-0.151,0.125,-0.050,44.499,-0.026,44.624
94528,0.098,0.037,-0.085,44.614,0.135,44.650
94529,-0.146,0.040,0.004,44.506,-0.106,44.546
94530,-0.065,0.067,-0.222,44.439,0.002,44.505
94531,-0.257,0.121,-0.077,44.098,-0.136,44.219
94532,-0.094,0.046,-0.027,44.306,-0.048,44.352
94533,-0.190,0.093,-0.138,44.123,-0.098,44.215
94534,0.150,0.023,-0.107,44.146,0.173,44.169
94535,0.075,0.086,0.049,44.220,0.161,44.306
94536,-0.115,0.141,0.063,44.145,0.026,44.286
94537,-0.074,0.100,0.083,44.267,0.027,44.367
94538,0.011,0.042,0.166,44.299,0.053,44.340
94539,-0.093,0.086,-0.033,44.418,-0.007,44.504
94540,-0.109,0.046,0.032,44.654,-0.063,44.699
94541,-0.081,0.037,-0.094,44.536,-0.044,44.573
94542,-0.057,0.071,-0.089,44.543,0.013,44.614
94543,-0.182,0.125,-0.037,44.674,-0.058,44.799
94544,-0.152,0.112,-0.160,44.751,-0.040,44.863
94545,-0.070,0.057,0.029,44.637,-0.014,44.694
94546,0.060,-0.011,0.024,44.830,0.049,44.819
94547,-0.061,0.076,-0.103,44.696,0.015,44.772
94548,-0.133,0.021,-0.105,44.914,-0.112,44.935
94549,0.025,0.019,-0.065,44.670,0.044,44.689
94550,-0.076,0.031,-0.113,44.533,-0.045,44.564
94551,-0.119,0.059,-0.107,44.557,-0.060,44.616
94552,-0.051,0.043,-0.064,44.639,-0.009,44.682
94553,-0.031,0.058,-0.067,44.710,0.027,44.769
94554,-0.081,0.060,-0.067,44.730,-0.021,44.791
94555,0.027,-0.018,-0.156,45.011,0.009,44.993
94556,-0.143,0.092,-0.002,44.837,-0.051,44.929
94557,0.001,0.069,-0.166,45.039,0.070,45.109
94558,-0.169,0.049,-0.133,45.155,-0.121,45.204
94559,-0.100,0.021,-0.097,45.185,-0.079,45.206
94560,-0.124,0.114,-0.112,44.825,-0.010,44.940
94561,-0.205,0.062,-0.126,45.119,-0.143,45.182
94562,-0.001,-0.024,-0.102,44.960,-0.026,44.935
94563,-0.015,-0.001,-0.112,45.047,-0.016,45.046
94564,0.013,0.051,-0.047,44.989,0.063,45.040
94565,-0.119,0.004,-0.036,45.158,-0.116,45.161
94566,0.027,0.007,-0.089,44.984,0.035,44.991
94567,0.110,0.003,-0.126,45.085,0.113,45.088
94568,0.035,0.085,-0.135,44.767,0.120,44.852
94569,0.110,0.054,-0.110,44.613,0.164,44.667
94570,0.101,-0.030,0.018,45.097,0.072,45.067
94571,-0.029,0.021,0.053,44.790,-0.008,44.811
94572,0.065,0.057,-0.110,44.465,0.122,44.522
94573,-0.041,0.010,-0.010,44.914,-0.032,44.924
94574,-0.183,0.102,0.013,44.915,-0.081,45.017
94575,0.102,0.064,-0.035,44.573,0.166,44.637
94576,0.123,0.067,-0.096,44.977,0.190,45.045
94577,0.024,0.073,0.058,44.791,0.097,44.864
94578,-0.037,0.073,-0.006,44.824,0.037,44.898
94579,0.005,0.137,-0.011,44.869,0.141,45.006
94580,0.002,0.058,-0.047,44.752,0.061,44.811
94581,0.036,0.070,0.080,45.034,0.106,45.104
94582,0.303,0.036,-0.037,45.482,0.338,45.518
94583,0.151,0.065,0.023,45.967,0.216,46.032
94584,0.264,0.036,0.054,45.974,0.301,46.011
94585,0.290,0.028,0.112,46.020,0.319,46.049
94586,0.247,0.063,0.111,45.974,0.310,46.037
94587,0.272,0.137,-0.093,45.601,0.409,45.739
94588,0.239,0.033,0.093,45.115,0.272,45.148
94589,0.387,0.021,0.061,44.423,0.408,44.444
94590,0.166,0.090,0.096,44.122,0.255,44.211
94591,0.067,0.089,0.070,43.757,0.156,43.845
94592,0.075,0.050,0.112,43.700,0.126,43.750
94593,0.127,-0.009,0.069,43.461,0.118,43.452
94594,0.178,0.110,0.110,43.287,0.288,43.397
94595,0.043,0.127,0.017,43.284,0.169,43.410
94596,0.084,0.098,0.149,43.142,0.182,43.241
94597,0.350,0.089,0.170,43.422,0.439,43.511
94598,0.310,0.017,0.052,43.692,0.327,43.709
94599,0.130,-0.043,0.145,44.102,0.086,44.059
94600,0.055,0.071,0.069,44.140,0.126,44.211
94601,0.325,-0.015,0.082,43.688,0.310,43.673
94602,0.321,0.046,0.048,43.381,0.367,43.427
94603,0.250,0.048,0.169,43.723,0.297,43.770
94604,0.387,0.042,0.025,43.993,0.430,44.035
94605,0.236,0.083,0.149,43.625,0.319,43.709
94606,0.247,0.048,0.108,43.343,0.295,43.391
94607,0.233,0.092,0.078,43.622,0.325,43.714
94608,0.312,0.037,0.171,43.809,0.349,43.846
94609,0.223,0.018,0.105,43.735,0.241,43.753
94610,0.064,0.062,0.079,43.645,0.127,43.708
94611,0.174,0.016,0.106,43.799,0.190,43.815
94612,0.193,0.077,-0.036,43.894,0.270,43.970
94613,0.023,0.044,0.057,44.045,0.067,44.089
94614,0.108,0.060,0.125,43.745,0.168,43.805
94615,0.223,0.044,-0.002,43.967,0.266,44.010
94616,-0.034,0.070,-0.044,43.915,0.036,43.985
94617,0.128,0.118,-0.003,43.771,0.246,43.889
94618,0.225,-0.012,-0.089,43.661,0.212,43.649
94619,-0.006,0.034,0.067,43.996,0.028,44.031
94620,0.093,0.089,-0.051,43.844,0.182,43.933
94621,0.092,0.070,-0.024,43.974,0.162,44.044
94622,0.068,0.108,0.062,43.789,0.175,43.896
94623,0.212,-0.009,-0.043,43.914,0.203,43.904
94624,0.268,0.031,0.047,44.022,0.299,44.053
94625,0.005,0.101,0.082,44.047,0.106,44.148
94626,0.160,0.057,-0.040,44.116,0.217,44.173
94627,0.110,0.009,0.044,44.034,0.119,44.043
94628,0.157,0.053,-0.011,44.485,0.209,44.537
94629,0.056,0.063,0.108,44.042,0.119,44.105
94630,0.025,0.094,0.052,44.355,0.119,44.449
94631,0.137,0.067,0.030,44.187,0.205,44.254
94632,-0.031,0.092,-0.054,44.417,0.061,44.509
94633,0.052,0.010,-0.086,44.659,0.062,44.669
94634,-0.011,0.030,-0.115,44.942,0.019,44.973
94635,0.083,-0.020,-0.114,44.722,0.063,44.702
94636,-0.008,0.022,-0.073,44.711,0.014,44.733
94637,0.088,0.034,-0.089,44.560,0.122,44.595
94638,0.094,0.054,-0.007,44.625,0.148,44.679
94639,-0.048,0.090,0.054,44.426,0.043,44.516
94640,-0.028,0.044,0.040,44.349,0.016,44.393
94641,0.028,0.033,-0.031,44.395,0.061,44.429
94642,0.189,0.023,0.004,44.305,0.211,44.327
94643,-0.048,0.045,-0.075,44.212,-0.003,44.257
94644,-0.025,0.001,0.007,43.855,-0.024,43.856
94645,0.018,0.036,-0.009,43.741,0.054,43.777
94646,0.003,-0.024,-0.004,44.047,-0.021,44.022
94647,0.171,-0.090,-0.076,43.985,0.080,43.895
94648,-0.043,0.001,-0.033,44.038,-0.042,44.039
94649,-0.090,0.051,-0.039,44.002,-0.039,44.053
94650,-0.306,0.116,0.006,44.027,-0.190,44.143
94651,-0.043,0.025,0.001,44.086,-0.018,44.111
94652,0.129,0.009,-0.026,44.122,0.139,44.131
94653,-0.203,0.108,0.013,43.917,-0.094,44.025
94654,0.103,0.065,0.146,43.944,0.168,44.009
94655,-0.080,0.090,-0.103,43.876,0.010,43.966
94656,-0.013,0.082,-0.034,44.126,0.069,44.208
94657,-0.032,0.088,0.000,44.251,0.056,44.339
94658,0.048,0.015,-0.030,44.382,0.063,44.397
94659,0.115,0.038,-0.008,44.235,0.153,44.274
94660,0.140,0.027,-0.067,44.361,0.167,44.388
94661,-0.020,0.015,-0.029,43.667,-0.005,43.682
94662,0.095,0.092,0.016,43.681,0.187,43.772
94663,0.015,0.042,0.005,43.406,0.057,43.448
94664,0.077,-0.073,0.021,43.594,0.004,43.521
94665,-0.094,0.134,0.001,43.396,0.040,43.530
94666,0.089,-0.012,-0.027,43.268,0.077,43.256
94667,-0.055,0.049,-0.131,43.179,-0.006,43.228
94668,0.065,0.106,-0.172,43.170,0.171,43.276
94669,-0.035,0.091,-0.082,43.146,0.055,43.237
94670,-0.111,0.053,0.013,43.019,-0.058,43.072
94671,-0.078,0.021,-0.035,43.286,-0.057,43.307
94672,-0.016,0.056,-0.073,43.383,0.040,43.439
94673,-0.067,0.103,-0.040,43.332,0.035,43.435
94674,0.116,0.057,-0.055,43.233,0.173,43.289
94675,0.078,-0.002,-0.036,43.175,0.076,43.173
94676,0.087,-0.038,-0.042,43.285,0.048,43.246
94677,-0.031,0.058,-0.071,43.640,0.027,43.698
94678,0.082,0.041,-0.069,43.835,0.123,43.876
94679,-0.145,0.106,-0.060,44.004,-0.039,44.110
94680,0.122,0.029,-0.119,44.143,0.151,44.172
94681,-0.059,0.026,-0.059,44.385,-0.034,44.410
94682,0.112,0.041,-0.002,44.579,0.153,44.620
94683,0.187,0.059,0.054,44.661,0.246,44.720
94684,-0.129,0.065,-0.056,44.420,-0.063,44.485
94685,0.121,0.058,-0.048,44.295,0.178,44.352
94686,-0.021,0.110,0.087,43.870,0.089,43.979
94687,-0.146,0.065,-0.112,44.107,-0.081,44.171
94688,-0.036,0.076,-0.030,44.335,0.040,44.412
94689,0.130,0.013,-0.115,43.973,0.142,43.985
94690,0.148,0.006,-0.145,43.917,0.154,43.923
94691,-0.017,0.028,-0.087,43.733,0.010,43.760
94692,-0.040,0.089,-0.102,43.727,0.050,43.816
94693,0.006,0.053,0.011,44.062,0.059,44.115
94694,0.084,0.027,-0.044,43.735,0.111,43.762
94695,-0.077,0.069,-0.185,43.598,-0.007,43.667
94696,-0.018,-0.011,-0.006,43.830,-0.029,43.819
94697,0.044,0.117,0.012,43.762,0.161,43.879
94698,-0.155,0.113,-0.034,43.731,-0.043,43.844
94699,-0.012,0.027,-0.066,43.688,0.015,43.715
94700,0.055,0.060,-0.039,43.771,0.116,43.831
94701,-0.086,0.041,-0.158,43.542,-0.045,43.583
94702,-0.028,0.050,-0.049,43.791,0.022,43.842
94703,0.026,0.051,-0.028,43.439,0.077,43.489
94704,-0.148,0.111,-0.004,43.382,-0.037,43.493
94705,0.077,0.029,-0.048,43.096,0.106,43.125
94706,-0.189,0.077,0.045,43.025,-0.112,43.101
94707,-0.102,0.165,0.039,42.859,0.063,43.024
94708,0.093,0.041,0.082,43.036,0.135,43.077
94709,-0.075,0.099,-0.040,42.816,0.025,42.915
94710,-0.110,0.072,-0.115,42.601,-0.038,42.673
94711,-0.148,0.071,-0.032,42.540,-0.076,42.612
94712,-0.122,0.087,-0.056,42.284,-0.034,42.371
94713,-0.027,0.085,-0.113,42.262,0.057,42.347
94714,-0.050,0.076,-0.066,42.401,0.026,42.478
94715,-0.087,0.134,-0.082,42.050,0.047,42.184
94716,-0.034,0.089,-0.049,41.941,0.055,42.030
94717,-0.175,0.098,0.114,41.907,-0.078,42.005
94718,-0.101,0.078,-0.011,41.755,-0.023,41.833
94719,-0.104,0.093,-0.019,41.270,-0.011,41.363
94720,-0.183,0.149,-0.033,41.303,-0.035,41.452
94721,0.050,0.046,0.036,41.248,0.096,41.294
94722,-0.003,0.047,-0.041,41.405,0.044,41.452
94723,0.007,-0.013,-0.028,41.321,-0.007,41.308
94724,-0.002,0.017,-0.001,41.197,0.015,41.214
94725,-0.209,0.092,0.009,41.120,-0.117,41.211
94726,-0.063,0.074,-0.013,41.180,0.011,41.254
94727,0.051,0.017,0.037,41.381,0.068,41.398
94728,0.046,0.024,0.011,41.993,0.069,42.017
94729,-0.006,0.017,0.030,42.336,0.011,42.353
94730,-0.055,-0.004,-0.065,42.294,-0.059,42.290
94731,0.032,0.077,0.058,42.143,0.108,42.219
94732,-0.055,0.109,-0.068,42.140,0.054,42.249
94733,-0.114,0.099,-0.083,42.281,-0.015,42.381
94734,0.030,0.026,-0.064,42.567,0.056,42.594
94735,-0.034,0.082,-0.028,43.243,0.048,43.325
94736,0.006,0.056,-0.044,43.355,0.062,43.411
94737,-0.096,0.105,-0.161,43.555,0.009,43.660
94738,-0.033,0.109,-0.109,43.677,0.075,43.786
94739,-0.199,0.090,-0.129,43.715,-0.109,43.805
94740,-0.043,0.068,-0.135,43.799,0.025,43.866
94741,-0.206,0.130,-0.063,43.745,-0.076,43.875
94742,0.073,-0.031,-0.116,43.763,0.042,43.732
94743,0.098,-0.002,-0.043,44.001,0.096,43.999
94744,0.128,0.006,0.059,43.877,0.134,43.883
94745,0.096,0.065,-0.063,43.789,0.161,43.854
94746,-0.018,0.076,-0.050,44.100,0.058,44.176
94747,-0.060,0.045,-0.132,44.249,-0.015,44.294
94748,-0.114,0.050,-0.078,44.023,-0.064,44.073
94749,-0.086,0.104,-0.071,43.971,0.018,44.075
94750,0.094,0.049,-0.062,44.028,0.142,44.077
94751,-0.103,0.068,-0.053,44.869,-0.035,44.937
94752,0.051,0.074,-0.110,44.698,0.125,44.773
94753,-0.034,0.048,-0.052,45.078,0.014,45.126
94754,-0.191,0.129,-0.138,45.102,-0.062,45.231
94755,-0.055,0.017,-0.093,45.307,-0.038,45.323
94756,0.136,0.030,-0.121,44.536,0.166,44.566
94757,-0.125,0.097,-0.063,44.427,-0.028,44.524
94758,0.059,0.070,-0.072,44.306,0.130,44.377
94759,0.060,0.044,-0.035,44.775,0.104,44.819
94760,-0.033,0.054,-0.188,44.924,0.020,44.977
94761,-0.051,0.071,-0.173,44.922,0.020,44.993
94762,-0.037,0.047,-0.192,45.160,0.010,45.207
94763,-9999.000,-9999.000,-0.152,-9999.000,0.063,45.114
94764,-9999.000,-9999.000,-0.076,-9999.000,0.134,44.666
94765,-9999.000,-9999.000,-0.190,-9999.000,0.059,44.840
94766,-0.060,0.082,-0.146,44.527,0.022,44.610
94767,-0.026,0.090,-0.045,44.764,0.064,44.854
94768,0.066,0.018,-0.118,44.939,0.084,44.957
94769,0.049,0.059,0.009,44.957,0.108,45.016
94770,-0.142,0.086,-0.115,45.118,-0.055,45.205
94771,-0.096,0.138,-0.099,44.831,0.042,44.969
94772,0.293,0.067,-0.201,44.544,0.360,44.611
94773,0.071,0.165,0.056,44.099,0.236,44.264
94774,-0.025,0.061,-0.014,43.932,0.036,43.994
94775,-0.032,0.106,-0.028,43.602,0.074,43.708
94776,0.059,0.075,-0.086,43.842,0.134,43.917
94777,-0.084,0.071,-0.038,43.884,-0.012,43.956
94778,-0.048,0.088,-0.107,43.890,0.039,43.977
94779,-0.060,0.025,-0.109,43.616,-0.034,43.641
94780,-0.053,0.003,-0.131,43.703,-0.050,43.706
94781,-0.011,0.010,-0.000,43.714,-0.001,43.724
94782,-0.102,0.089,-0.097,43.508,-0.013,43.598
94783,-0.128,0.086,-0.147,43.313,-0.042,43.400
94784,-0.171,0.130,-0.177,43.283,-0.040,43.414
94785,-0.148,0.032,-0.161,43.253,-0.116,43.284
94786,-0.086,0.120,-0.073,43.385,0.033,43.505
94787,-0.092,0.021,-0.130,43.500,-0.071,43.521
94788,-0.135,0.088,-0.076,43.113,-0.048,43.200
94789,0.033,0.086,-0.196,43.046,0.119,43.132
94790,-9999.000,-9999.000,-9999.000,-9999.000,-9999.000,-9999.000
94791,-9999.000,-9999.000,-9999.000,-9999.000,-9999.000,-9999.000
94792,-9999.000,-9999.000,-9999.000,-9999.000,-9999.000,-9999.000
94793,-9999.000,-9999.000,-9999.000,-9999.000,-9999.000,-9999.000
94794,-9999.000,-9999.000,-9999.000,-9999.000,-9999.000,-9999.000
94795,-9999.000,-9999.000,-9999.000,-9999.000,-9999.000,-9999.000
94796,-9999.000,-9999.000,-9999.000,-9999.000,-9999.000,-9999.000
94797,-9999.000,-9999.000,-9999.000,-9999.000,-9999.000,-9999.000
94798,-9999.000,-9999.000,-9999.000,-9999.000,-9999.000,-9999.000
94799,-9999.000,-9999.000,-9999.000,-9999.000,-9999.000,-9999.000
94800,-9999.000,-9999.000,-9999.000,-9999.000,-9999.000,-9999.000
94801,-9999.000,-9999.000,-9999.000,-9999.000,-9999.000,-9999.000
94802,-9999.000,-9999.000,-9999.000,-9999.000,-9999.000,-9999.000
94803,-9999.000,-9999.000,-9999.000,-9999.000,-9999.000,-9999.000
94804,-9999.000,-9999.000,-9999.000,-9999.000,-9999.000,-9999.000
94805,-9999.000,-9999.000,-9999.000,-9999.000,-9999.000,-9999.000
94806,-9999.000,-9999.000,-9999.000,-9999.000,-9999.000,-9999.000
94807,-9999.000,-9999.000,-9999.000,-9999.000,-9999.000,-9999.000
94808,-9999.000,-9999.000,-9999.000,-9999.000,-9999.000,-9999.000
94809,-9999.000,-9999.000,-9999.000,-9999.000,-9999.000,-9999.000
94810,-9999.000,-9999.000,-9999.000,-9999.000,-9999.000,-9999.000
94811,-9999.000,-9999.000,-9999.000,-9999.000,-9999.000,-9999.000
94812,-9999.000,-9999.000,-9999.000,-9999.000,-9999.000,-9999.000
94813,-9999.000,-9999.000,-9999.000,-9999.000,-9999.000,-9999.000
94814,-9999.000,-9999.000,-9999.000,-9999.000,-9999.000,-9999.000
94815,-9999.000,-9999.000,-9999.000,-9999.000,-9999.000,-9999.000
94816,-9999.000,-9999.000,-9999.000,-9999.000,-9999.000,-9999.000
94817,-9999.000,-9999.000,-9999.000,-9999.000,-9999.000,-9999.000
94818,-9999.000,-9999.000,-9999.000,-9999.000,-9999.000,-9999.000
94819,-9999.000,-9999.000,-9999.000,-9999.000,-9999.000,-9999.000
94820,-9999.000,-9999.000,-9999.000,-9999.000,-9999.000,-9999.000
94821,-9999.000,-9999.000,-9999.000,-9999.000,-9999.000,-9999.000
94822,-9999.000,-9999.000,-9999.000,-9999.000,-9999.000,-9999.000
94823,-9999.000,-9999.000,-9999.000,-9999.000,-9999.000,-9999.000
94824,-9999.000,-9999.000,-9999.000,-9999.000,-9999.000,-9999.000
94825,-9999.000,-9999.000,-9999.000,-9999.000,-9999.000,-9999.000
94826,-9999.000,-9999.000,-9999.000,-9999.000,-9999.000,-9999.000
94827,-0.144,0.042,-9999.000,43.214,-0.102,43.256
94828,0.023,0.062,-9999.000,43.228,0.085,43.290
94829,0.062,0.031,-9999.000,43.414,0.093,43.444
94830,-0.059,0.100,-9999.000,43.283,0.041,43.383
94831,0.200,-0.029,0.020,43.450,0.171,43.422
94832,0.002,0.073,0.127,43.253,0.076,43.326
94833,-0.050,0.082,0.072,43.029,0.031,43.111
94834,-0.103,0.095,0.139,43.142,-0.008,43.237
94835,-0.139,0.115,0.102,43.205,-0.024,43.320
94836,-0.032,0.040,0.148,43.406,0.007,43.446
94837,-0.075,0.019,0.128,43.107,-0.056,43.126
94838,-0.125,0.080,0.005,42.945,-0.044,43.025
94839,0.096,0.066,0.119,43.295,0.162,43.361
94840,0.086,0.081,0.006,43.525,0.168,43.606
94841,-0.070,0.098,0.013,43.069,0.029,43.167
94842,0.142,0.047,0.073,43.161,0.189,43.208
94843,-0.079,0.109,0.005,42.949,0.030,43.057
94844,-0.051,0.027,-0.035,42.780,-0.024,42.807
94845,-0.040,0.036,-0.059,42.743,-0.005,42.779
94846,-0.025,0.025,0.058,42.968,0.000,42.993
94847,-0.170,0.057,-0.096,42.696,-0.113,42.753
94848,-0.157,0.082,-0.038,42.592,-0.075,42.674
94849,-0.060,0.060,0.004,42.750,0.000,42.810
94850,-0.026,0.006,0.029,42.854,-0.020,42.860
94851,-0.139,0.120,-0.060,42.546,-0.020,42.665
94852,0.026,0.121,-0.058,42.417,0.147,42.538
94853,-0.135,0.050,-0.128,43.102,-0.085,43.152
94854,-0.143,0.170,-0.102,42.559,0.027,42.729
94855,-0.142,0.096,-0.132,42.439,-0.045,42.535
